id,x,y,z,ablated,v,bulkheadyoungs,nickdepth,nickw,nickc,bbmin
1045,-0.25041,3.43042,0.639203,0,3.49222,8,0.898261,0.263194,0.124845,0.503469
59,-0.270164,3.43078,0.496993,0,3.49222,8,0.898261,0.263194,0.124845,0.503469
187,-0.210188,3.43004,0.771138,0,3.49222,8,0.898261,0.263194,0.124845,0.503469
1045,-0.25041,3.43042,0.639203,0,3.49222,8,0.898261,0.263194,0.124845,0.503469
616,-0.147196,3.42967,0.882885,0,3.49222,8,0.898261,0.263194,0.124845,0.503469
187,-0.210188,3.43004,0.771138,0,3.49222,8,0.898261,0.263194,0.124845,0.503469
16,-0.0678865,3.42947,0.971535,0,3.49222,8,0.898261,0.263194,0.124845,0.503469
616,-0.147196,3.42967,0.882885,0,3.49222,8,0.898261,0.263194,0.124845,0.503469
16,-0.0678865,3.42947,0.971535,0,3.49222,8,0.898261,0.263194,0.124845,0.503469
615,0.0257585,3.42921,1.02248,0,3.49222,8,0.898261,0.263194,0.124845,0.503469
615,0.0257585,3.42921,1.02248,0,3.49222,8,0.898261,0.263194,0.124845,0.503469
186,0.125018,3.42921,1.03893,0,3.49222,8,0.898261,0.263194,0.124845,0.503469
186,0.125018,3.42921,1.03893,0,3.49222,8,0.898261,0.263194,0.124845,0.503469
1044,0.224242,3.4292,1.02248,0,3.49222,8,0.898261,0.263194,0.124845,0.503469
1044,0.224242,3.4292,1.02248,0,3.49222,8,0.898261,0.263194,0.124845,0.503469
38,0.317913,3.42938,0.971571,0,3.49222,8,0.898261,0.263194,0.124845,0.503469
38,0.317913,3.42938,0.971571,0,3.49222,8,0.898261,0.263194,0.124845,0.503469
664,0.397229,3.42964,0.882858,0,3.49222,8,0.898261,0.263194,0.124845,0.503469
664,0.397229,3.42964,0.882858,0,3.49222,8,0.898261,0.263194,0.124845,0.503469
235,0.46025,3.42996,0.771123,0,3.49222,8,0.898261,0.263194,0.124845,0.503469
235,0.46025,3.42996,0.771123,0,3.49222,8,0.898261,0.263194,0.124845,0.503469
1093,0.50041,3.43033,0.639152,0,3.49222,8,0.898261,0.263194,0.124845,0.503469
1093,0.50041,3.43033,0.639152,0,3.49222,8,0.898261,0.263194,0.124845,0.503469
60,0.520184,3.43059,0.497002,0,3.49222,8,0.898261,0.263194,0.124845,0.503469
1045,-0.297621,3.43727,0.65049,1,3.49222,8,0.898261,0.263194,0.124845,0.503469
59,-0.329194,3.43696,0.50811,1,3.49222,8,0.898261,0.263194,0.124845,0.503469
187,-0.238739,3.43722,0.777827,1,3.49222,8,0.898261,0.263194,0.124845,0.503469
1045,-0.297621,3.43727,0.65049,1,3.49222,8,0.898261,0.263194,0.124845,0.503469
616,-0.158343,3.43685,0.878911,1,3.49222,8,0.898261,0.263194,0.124845,0.503469
187,-0.238739,3.43722,0.777827,1,3.49222,8,0.898261,0.263194,0.124845,0.503469
16,-0.0664568,3.4366,0.952793,1,3.49222,8,0.898261,0.263194,0.124845,0.503469
616,-0.158343,3.43685,0.878911,1,3.49222,8,0.898261,0.263194,0.124845,0.503469
16,-0.0664568,3.4366,0.952793,1,3.49222,8,0.898261,0.263194,0.124845,0.503469
615,0.0294777,3.43629,0.989055,1,3.49222,8,0.898261,0.263194,0.124845,0.503469
615,0.0294777,3.43629,0.989055,1,3.49222,8,0.898261,0.263194,0.124845,0.503469
186,0.124969,3.43621,1.00034,1,3.49222,8,0.898261,0.263194,0.124845,0.503469
186,0.124969,3.43621,1.00034,1,3.49222,8,0.898261,0.263194,0.124845,0.503469
1044,0.220619,3.43634,0.989588,1,3.49222,8,0.898261,0.263194,0.124845,0.503469
1044,0.220619,3.43634,0.989588,1,3.49222,8,0.898261,0.263194,0.124845,0.503469
38,0.316858,3.43656,0.953661,1,3.49222,8,0.898261,0.263194,0.124845,0.503469
38,0.316858,3.43656,0.953661,1,3.49222,8,0.898261,0.263194,0.124845,0.503469
664,0.408617,3.4369,0.879317,1,3.49222,8,0.898261,0.263194,0.124845,0.503469
664,0.408617,3.4369,0.879317,1,3.49222,8,0.898261,0.263194,0.124845,0.503469
235,0.488672,3.43724,0.777787,1,3.49222,8,0.898261,0.263194,0.124845,0.503469
235,0.488672,3.43724,0.777787,1,3.49222,8,0.898261,0.263194,0.124845,0.503469
1093,0.547605,3.43716,0.650451,1,3.49222,8,0.898261,0.263194,0.124845,0.503469
1093,0.547605,3.43716,0.650451,1,3.49222,8,0.898261,0.263194,0.124845,0.503469
60,0.579239,3.43691,0.50814,1,3.49222,8,0.898261,0.263194,0.124845,0.503469
1045,-0.258902,3.44887,0.646141,0,3.99222,8,0.915502,0.263194,0.12485,0.52071
59,-0.27957,3.44911,0.498944,0,3.99222,8,0.915502,0.263194,0.12485,0.52071
187,-0.21757,3.44883,0.781134,0,3.99222,8,0.915502,0.263194,0.12485,0.52071
1045,-0.258902,3.44887,0.646141,0,3.99222,8,0.915502,0.263194,0.12485,0.52071
616,-0.151916,3.44879,0.894261,0,3.99222,8,0.915502,0.263194,0.12485,0.52071
187,-0.21757,3.44883,0.781134,0,3.99222,8,0.915502,0.263194,0.12485,0.52071
16,-0.0692938,3.44904,0.982146,0,3.99222,8,0.915502,0.263194,0.12485,0.52071
616,-0.151916,3.44879,0.894261,0,3.99222,8,0.915502,0.263194,0.12485,0.52071
16,-0.0692938,3.44904,0.982146,0,3.99222,8,0.915502,0.263194,0.12485,0.52071
615,0.0259398,3.44921,1.03166,0,3.99222,8,0.915502,0.263194,0.12485,0.52071
615,0.0259398,3.44921,1.03166,0,3.99222,8,0.915502,0.263194,0.12485,0.52071
186,0.125012,3.44939,1.04748,0,3.99222,8,0.915502,0.263194,0.12485,0.52071
186,0.125012,3.44939,1.04748,0,3.99222,8,0.915502,0.263194,0.12485,0.52071
1044,0.224106,3.44924,1.03172,0,3.99222,8,0.915502,0.263194,0.12485,0.52071
1044,0.224106,3.44924,1.03172,0,3.99222,8,0.915502,0.263194,0.12485,0.52071
38,0.319484,3.44908,0.982175,0,3.99222,8,0.915502,0.263194,0.12485,0.52071
38,0.319484,3.44908,0.982175,0,3.99222,8,0.915502,0.263194,0.12485,0.52071
664,0.401986,3.4488,0.894222,0,3.99222,8,0.915502,0.263194,0.12485,0.52071
664,0.401986,3.4488,0.894222,0,3.99222,8,0.915502,0.263194,0.12485,0.52071
235,0.467692,3.44869,0.781146,0,3.99222,8,0.915502,0.263194,0.12485,0.52071
235,0.467692,3.44869,0.781146,0,3.99222,8,0.915502,0.263194,0.12485,0.52071
1093,0.508976,3.44869,0.64619,0,3.99222,8,0.915502,0.263194,0.12485,0.52071
1093,0.508976,3.44869,0.64619,0,3.99222,8,0.915502,0.263194,0.12485,0.52071
60,0.529612,3.44901,0.499022,0,3.99222,8,0.915502,0.263194,0.12485,0.52071
1045,-0.316964,3.46276,0.664366,1,3.99222,8,0.915502,0.263194,0.12485,0.52071
59,-0.34555,3.46275,0.513954,1,3.99222,8,0.915502,0.263194,0.12485,0.52071
187,-0.254946,3.46267,0.796458,1,3.99222,8,0.915502,0.263194,0.12485,0.52071
1045,-0.316964,3.46276,0.664366,1,3.99222,8,0.915502,0.263194,0.12485,0.52071
616,-0.169165,3.46255,0.899311,1,3.99222,8,0.915502,0.263194,0.12485,0.52071
187,-0.254946,3.46267,0.796458,1,3.99222,8,0.915502,0.263194,0.12485,0.52071
16,-0.0713412,3.46235,0.972028,1,3.99222,8,0.915502,0.263194,0.12485,0.52071
616,-0.169165,3.46255,0.899311,1,3.99222,8,0.915502,0.263194,0.12485,0.52071
16,-0.0713412,3.46235,0.972028,1,3.99222,8,0.915502,0.263194,0.12485,0.52071
615,0.0288197,3.4622,1.00578,1,3.99222,8,0.915502,0.263194,0.12485,0.52071
615,0.0288197,3.4622,1.00578,1,3.99222,8,0.915502,0.263194,0.12485,0.52071
186,0.125012,3.46212,1.01471,1,3.99222,8,0.915502,0.263194,0.12485,0.52071
186,0.125012,3.46212,1.01471,1,3.99222,8,0.915502,0.263194,0.12485,0.52071
1044,0.221215,3.46221,1.00578,1,3.99222,8,0.915502,0.263194,0.12485,0.52071
1044,0.221215,3.46221,1.00578,1,3.99222,8,0.915502,0.263194,0.12485,0.52071
38,0.321325,3.46239,0.971932,1,3.99222,8,0.915502,0.263194,0.12485,0.52071
38,0.321325,3.46239,0.971932,1,3.99222,8,0.915502,0.263194,0.12485,0.52071
664,0.419109,3.46258,0.899205,1,3.99222,8,0.915502,0.263194,0.12485,0.52071
664,0.419109,3.46258,0.899205,1,3.99222,8,0.915502,0.263194,0.12485,0.52071
235,0.504893,3.46267,0.796368,1,3.99222,8,0.915502,0.263194,0.12485,0.52071
235,0.504893,3.46267,0.796368,1,3.99222,8,0.915502,0.263194,0.12485,0.52071
1093,0.566908,3.46273,0.664276,1,3.99222,8,0.915502,0.263194,0.12485,0.52071
1093,0.566908,3.46273,0.664276,1,3.99222,8,0.915502,0.263194,0.12485,0.52071
60,0.595384,3.46279,0.513917,1,3.99222,8,0.915502,0.263194,0.12485,0.52071
1045,-0.265091,3.47889,0.657768,0,4.49222,8,0.933056,0.263194,0.124849,0.538265
59,-0.287667,3.47957,0.506057,0,4.49222,8,0.933056,0.263194,0.124849,0.538265
187,-0.223068,3.47885,0.794936,0,4.49222,8,0.933056,0.263194,0.124849,0.538265
1045,-0.265091,3.47889,0.657768,0,4.49222,8,0.933056,0.263194,0.124849,0.538265
616,-0.156155,3.47887,0.909564,0,4.49222,8,0.933056,0.263194,0.124849,0.538265
187,-0.223068,3.47885,0.794936,0,4.49222,8,0.933056,0.263194,0.124849,0.538265
16,-0.0716083,3.47928,0.998282,0,4.49222,8,0.933056,0.263194,0.124849,0.538265
616,-0.156155,3.47887,0.909564,0,4.49222,8,0.933056,0.263194,0.124849,0.538265
16,-0.0716083,3.47928,0.998282,0,4.49222,8,0.933056,0.263194,0.124849,0.538265
615,0.0253261,3.47953,1.04808,0,4.49222,8,0.933056,0.263194,0.124849,0.538265
615,0.0253261,3.47953,1.04808,0,4.49222,8,0.933056,0.263194,0.124849,0.538265
186,0.125022,3.47968,1.06418,0,4.49222,8,0.933056,0.263194,0.124849,0.538265
186,0.125022,3.47968,1.06418,0,4.49222,8,0.933056,0.263194,0.124849,0.538265
1044,0.224711,3.47953,1.04816,0,4.49222,8,0.933056,0.263194,0.124849,0.538265
1044,0.224711,3.47953,1.04816,0,4.49222,8,0.933056,0.263194,0.124849,0.538265
38,0.321631,3.47929,0.998306,0,4.49222,8,0.933056,0.263194,0.124849,0.538265
38,0.321631,3.47929,0.998306,0,4.49222,8,0.933056,0.263194,0.124849,0.538265
664,0.406123,3.47886,0.909568,0,4.49222,8,0.933056,0.263194,0.124849,0.538265
664,0.406123,3.47886,0.909568,0,4.49222,8,0.933056,0.263194,0.124849,0.538265
235,0.473003,3.47884,0.794884,0,4.49222,8,0.933056,0.263194,0.124849,0.538265
235,0.473003,3.47884,0.794884,0,4.49222,8,0.933056,0.263194,0.124849,0.538265
1093,0.515187,3.47897,0.657785,0,4.49222,8,0.933056,0.263194,0.124849,0.538265
1093,0.515187,3.47897,0.657785,0,4.49222,8,0.933056,0.263194,0.124849,0.538265
60,0.537712,3.47964,0.506236,0,4.49222,8,0.933056,0.263194,0.124849,0.538265
1045,-0.335605,3.49251,0.675865,1,4.49222,8,0.933056,0.263194,0.124849,0.538265
59,-0.36396,3.49255,0.518885,1,4.49222,8,0.933056,0.263194,0.124849,0.538265
187,-0.269792,3.49251,0.811628,1,4.49222,8,0.933056,0.263194,0.124849,0.538265
1045,-0.335605,3.49251,0.675865,1,4.49222,8,0.933056,0.263194,0.124849,0.538265
616,-0.178684,3.49245,0.915521,1,4.49222,8,0.933056,0.263194,0.124849,0.538265
187,-0.269792,3.49251,0.811628,1,4.49222,8,0.933056,0.263194,0.124849,0.538265
16,-0.0755008,3.49234,0.986638,1,4.49222,8,0.933056,0.263194,0.124849,0.538265
616,-0.178684,3.49245,0.915521,1,4.49222,8,0.933056,0.263194,0.124849,0.538265
16,-0.0755008,3.49234,0.986638,1,4.49222,8,0.933056,0.263194,0.124849,0.538265
615,0.0279606,3.49221,1.01826,1,4.49222,8,0.933056,0.263194,0.124849,0.538265
615,0.0279606,3.49221,1.01826,1,4.49222,8,0.933056,0.263194,0.124849,0.538265
186,0.125038,3.49213,1.02666,1,4.49222,8,0.933056,0.263194,0.124849,0.538265
186,0.125038,3.49213,1.02666,1,4.49222,8,0.933056,0.263194,0.124849,0.538265
1044,0.222155,3.49221,1.01838,1,4.49222,8,0.933056,0.263194,0.124849,0.538265
1044,0.222155,3.49221,1.01838,1,4.49222,8,0.933056,0.263194,0.124849,0.538265
38,0.325621,3.49233,0.986715,1,4.49222,8,0.933056,0.263194,0.124849,0.538265
38,0.325621,3.49233,0.986715,1,4.49222,8,0.933056,0.263194,0.124849,0.538265
664,0.428808,3.49246,0.915607,1,4.49222,8,0.933056,0.263194,0.124849,0.538265
664,0.428808,3.49246,0.915607,1,4.49222,8,0.933056,0.263194,0.124849,0.538265
235,0.519883,3.49252,0.811658,1,4.49222,8,0.933056,0.263194,0.124849,0.538265
235,0.519883,3.49252,0.811658,1,4.49222,8,0.933056,0.263194,0.124849,0.538265
1093,0.585605,3.49251,0.675863,1,4.49222,8,0.933056,0.263194,0.124849,0.538265
1093,0.585605,3.49251,0.675863,1,4.49222,8,0.933056,0.263194,0.124849,0.538265
60,0.613959,3.49256,0.51902,1,4.49222,8,0.933056,0.263194,0.124849,0.538265
1045,-0.27362,3.51137,0.667304,0,4.99222,8,0.94864,0.263194,0.124827,0.553848
59,-0.299275,3.51202,0.51193,0,4.99222,8,0.94864,0.263194,0.124827,0.553848
187,-0.229371,3.5112,0.806771,0,4.99222,8,0.94864,0.263194,0.124827,0.553848
1045,-0.27362,3.51137,0.667304,0,4.99222,8,0.94864,0.263194,0.124827,0.553848
616,-0.160243,3.51121,0.922824,0,4.99222,8,0.94864,0.263194,0.124827,0.553848
187,-0.229371,3.5112,0.806771,0,4.99222,8,0.94864,0.263194,0.124827,0.553848
16,-0.0735132,3.51155,1.01195,0,4.99222,8,0.94864,0.263194,0.124827,0.553848
616,-0.160243,3.51121,0.922824,0,4.99222,8,0.94864,0.263194,0.124827,0.553848
16,-0.0735132,3.51155,1.01195,0,4.99222,8,0.94864,0.263194,0.124827,0.553848
615,0.0249003,3.51189,1.06218,0,4.99222,8,0.94864,0.263194,0.124827,0.553848
615,0.0249003,3.51189,1.06218,0,4.99222,8,0.94864,0.263194,0.124827,0.553848
186,0.12502,3.51205,1.07854,0,4.99222,8,0.94864,0.263194,0.124827,0.553848
186,0.12502,3.51205,1.07854,0,4.99222,8,0.94864,0.263194,0.124827,0.553848
1044,0.225081,3.51188,1.06217,0,4.99222,8,0.94864,0.263194,0.124827,0.553848
1044,0.225081,3.51188,1.06217,0,4.99222,8,0.94864,0.263194,0.124827,0.553848
38,0.323473,3.51158,1.01197,0,4.99222,8,0.94864,0.263194,0.124827,0.553848
38,0.323473,3.51158,1.01197,0,4.99222,8,0.94864,0.263194,0.124827,0.553848
664,0.410244,3.51127,0.922839,0,4.99222,8,0.94864,0.263194,0.124827,0.553848
664,0.410244,3.51127,0.922839,0,4.99222,8,0.94864,0.263194,0.124827,0.553848
235,0.479356,3.51119,0.806773,0,4.99222,8,0.94864,0.263194,0.124827,0.553848
235,0.479356,3.51119,0.806773,0,4.99222,8,0.94864,0.263194,0.124827,0.553848
1093,0.523563,3.51132,0.667355,0,4.99222,8,0.94864,0.263194,0.124827,0.553848
1093,0.523563,3.51132,0.667355,0,4.99222,8,0.94864,0.263194,0.124827,0.553848
60,0.549334,3.5121,0.512065,0,4.99222,8,0.94864,0.263194,0.124827,0.553848
1045,-0.351696,3.52321,0.686064,1,4.99222,8,0.94864,0.263194,0.124827,0.553848
59,-0.380369,3.52324,0.523438,1,4.99222,8,0.94864,0.263194,0.124827,0.553848
187,-0.283008,3.5232,0.825453,1,4.99222,8,0.94864,0.263194,0.124827,0.553848
1045,-0.351696,3.52321,0.686064,1,4.99222,8,0.94864,0.263194,0.124827,0.553848
616,-0.187478,3.52314,0.93081,1,4.99222,8,0.94864,0.263194,0.124827,0.553848
187,-0.283008,3.5232,0.825453,1,4.99222,8,0.94864,0.263194,0.124827,0.553848
16,-0.0799051,3.523,1.00131,1,4.99222,8,0.94864,0.263194,0.124827,0.553848
616,-0.187478,3.52314,0.93081,1,4.99222,8,0.94864,0.263194,0.124827,0.553848
16,-0.0799051,3.523,1.00131,1,4.99222,8,0.94864,0.263194,0.124827,0.553848
615,0.0266429,3.52288,1.03211,1,4.99222,8,0.94864,0.263194,0.124827,0.553848
615,0.0266429,3.52288,1.03211,1,4.99222,8,0.94864,0.263194,0.124827,0.553848
186,0.125055,3.52281,1.04052,1,4.99222,8,0.94864,0.263194,0.124827,0.553848
186,0.125055,3.52281,1.04052,1,4.99222,8,0.94864,0.263194,0.124827,0.553848
1044,0.223493,3.52288,1.03215,1,4.99222,8,0.94864,0.263194,0.124827,0.553848
1044,0.223493,3.52288,1.03215,1,4.99222,8,0.94864,0.263194,0.124827,0.553848
38,0.33002,3.523,1.00126,1,4.99222,8,0.94864,0.263194,0.124827,0.553848
38,0.33002,3.523,1.00126,1,4.99222,8,0.94864,0.263194,0.124827,0.553848
664,0.437556,3.52314,0.93077,1,4.99222,8,0.94864,0.263194,0.124827,0.553848
664,0.437556,3.52314,0.93077,1,4.99222,8,0.94864,0.263194,0.124827,0.553848
235,0.533078,3.52319,0.825436,1,4.99222,8,0.94864,0.263194,0.124827,0.553848
235,0.533078,3.52319,0.825436,1,4.99222,8,0.94864,0.263194,0.124827,0.553848
1093,0.601781,3.5232,0.686072,1,4.99222,8,0.94864,0.263194,0.124827,0.553848
1093,0.601781,3.5232,0.686072,1,4.99222,8,0.94864,0.263194,0.124827,0.553848
60,0.630495,3.52326,0.523481,1,4.99222,8,0.94864,0.263194,0.124827,0.553848
1045,-0.281914,3.54403,0.67548,0,5.49222,8,0.963837,0.263194,0.124819,0.569045
59,-0.310599,3.54458,0.516693,0,5.49222,8,0.963837,0.263194,0.124819,0.569045
187,-0.235351,3.5439,0.81694,0,5.49222,8,0.963837,0.263194,0.124819,0.569045
1045,-0.281914,3.54403,0.67548,0,5.49222,8,0.963837,0.263194,0.124819,0.569045
616,-0.16425,3.54403,0.9347,0,5.49222,8,0.963837,0.263194,0.124819,0.569045
187,-0.235351,3.5439,0.81694,0,5.49222,8,0.963837,0.263194,0.124819,0.569045
16,-0.0755992,3.5443,1.02472,0,5.49222,8,0.963837,0.263194,0.124819,0.569045
616,-0.16425,3.54403,0.9347,0,5.49222,8,0.963837,0.263194,0.124819,0.569045
16,-0.0755992,3.5443,1.02472,0,5.49222,8,0.963837,0.263194,0.124819,0.569045
615,0.0242846,3.54457,1.07584,0,5.49222,8,0.963837,0.263194,0.124819,0.569045
615,0.0242846,3.54457,1.07584,0,5.49222,8,0.963837,0.263194,0.124819,0.569045
186,0.124956,3.54472,1.0927,0,5.49222,8,0.963837,0.263194,0.124819,0.569045
186,0.124956,3.54472,1.0927,0,5.49222,8,0.963837,0.263194,0.124819,0.569045
1044,0.225694,3.54458,1.07589,0,5.49222,8,0.963837,0.263194,0.124819,0.569045
1044,0.225694,3.54458,1.07589,0,5.49222,8,0.963837,0.263194,0.124819,0.569045
38,0.325604,3.5443,1.02479,0,5.49222,8,0.963837,0.263194,0.124819,0.569045
38,0.325604,3.5443,1.02479,0,5.49222,8,0.963837,0.263194,0.124819,0.569045
664,0.414199,3.54403,0.934606,0,5.49222,8,0.963837,0.263194,0.124819,0.569045
664,0.414199,3.54403,0.934606,0,5.49222,8,0.963837,0.263194,0.124819,0.569045
235,0.485434,3.54389,0.817,0,5.49222,8,0.963837,0.263194,0.124819,0.569045
235,0.485434,3.54389,0.817,0,5.49222,8,0.963837,0.263194,0.124819,0.569045
1093,0.531863,3.54398,0.675557,0,5.49222,8,0.963837,0.263194,0.124819,0.569045
1093,0.531863,3.54398,0.675557,0,5.49222,8,0.963837,0.263194,0.124819,0.569045
60,0.560621,3.54463,0.516741,0,5.49222,8,0.963837,0.263194,0.124819,0.569045
1045,-0.371861,3.55278,0.695498,1,5.49222,8,0.963837,0.263194,0.124819,0.569045
59,-0.40051,3.55277,0.527306,1,5.49222,8,0.963837,0.263194,0.124819,0.569045
187,-0.300531,3.55284,0.838869,1,5.49222,8,0.963837,0.263194,0.124819,0.569045
1045,-0.371861,3.55278,0.695498,1,5.49222,8,0.963837,0.263194,0.124819,0.569045
616,-0.200344,3.55283,0.946149,1,5.49222,8,0.963837,0.263194,0.124819,0.569045
187,-0.300531,3.55284,0.838869,1,5.49222,8,0.963837,0.263194,0.124819,0.569045
16,-0.087226,3.55274,1.01608,1,5.49222,8,0.963837,0.263194,0.124819,0.569045
616,-0.200344,3.55283,0.946149,1,5.49222,8,0.963837,0.263194,0.124819,0.569045
16,-0.087226,3.55274,1.01608,1,5.49222,8,0.963837,0.263194,0.124819,0.569045
615,0.0242772,3.55264,1.04459,1,5.49222,8,0.963837,0.263194,0.124819,0.569045
615,0.0242772,3.55264,1.04459,1,5.49222,8,0.963837,0.263194,0.124819,0.569045
186,0.125004,3.55257,1.0517,1,5.49222,8,0.963837,0.263194,0.124819,0.569045
186,0.125004,3.55257,1.0517,1,5.49222,8,0.963837,0.263194,0.124819,0.569045
1044,0.22578,3.55264,1.04481,1,5.49222,8,0.963837,0.263194,0.124819,0.569045
1044,0.22578,3.55264,1.04481,1,5.49222,8,0.963837,0.263194,0.124819,0.569045
38,0.337324,3.55274,1.0163,1,5.49222,8,0.963837,0.263194,0.124819,0.569045
38,0.337324,3.55274,1.0163,1,5.49222,8,0.963837,0.263194,0.124819,0.569045
664,0.450407,3.55283,0.946313,1,5.49222,8,0.963837,0.263194,0.124819,0.569045
664,0.450407,3.55283,0.946313,1,5.49222,8,0.963837,0.263194,0.124819,0.569045
235,0.550478,3.55283,0.838972,1,5.49222,8,0.963837,0.263194,0.124819,0.569045
235,0.550478,3.55283,0.838972,1,5.49222,8,0.963837,0.263194,0.124819,0.569045
1093,0.621728,3.55276,0.695602,1,5.49222,8,0.963837,0.263194,0.124819,0.569045
1093,0.621728,3.55276,0.695602,1,5.49222,8,0.963837,0.263194,0.124819,0.569045
60,0.650331,3.55283,0.527455,1,5.49222,8,0.963837,0.263194,0.124819,0.569045
1045,-0.28956,3.57409,0.683086,0,5.99222,8,0.977173,0.263194,0.124849,0.582381
59,-0.320868,3.57459,0.521131,0,5.99222,8,0.977173,0.263194,0.124849,0.582381
187,-0.241517,3.57405,0.826633,0,5.99222,8,0.977173,0.263194,0.124849,0.582381
1045,-0.28956,3.57409,0.683086,0,5.99222,8,0.977173,0.263194,0.124849,0.582381
616,-0.168272,3.57421,0.945443,0,5.99222,8,0.977173,0.263194,0.124849,0.582381
187,-0.241517,3.57405,0.826633,0,5.99222,8,0.977173,0.263194,0.124849,0.582381
16,-0.0777403,3.57451,1.03599,0,5.99222,8,0.977173,0.263194,0.124849,0.582381
616,-0.168272,3.57421,0.945443,0,5.99222,8,0.977173,0.263194,0.124849,0.582381
16,-0.0777403,3.57451,1.03599,0,5.99222,8,0.977173,0.263194,0.124849,0.582381
615,0.0237393,3.57482,1.08736,0,5.99222,8,0.977173,0.263194,0.124849,0.582381
615,0.0237393,3.57482,1.08736,0,5.99222,8,0.977173,0.263194,0.124849,0.582381
186,0.125015,3.57502,1.10455,0,5.99222,8,0.977173,0.263194,0.124849,0.582381
186,0.125015,3.57502,1.10455,0,5.99222,8,0.977173,0.263194,0.124849,0.582381
1044,0.226338,3.57485,1.0874,0,5.99222,8,0.977173,0.263194,0.124849,0.582381
1044,0.226338,3.57485,1.0874,0,5.99222,8,0.977173,0.263194,0.124849,0.582381
38,0.327821,3.57453,1.03602,0,5.99222,8,0.977173,0.263194,0.124849,0.582381
38,0.327821,3.57453,1.03602,0,5.99222,8,0.977173,0.263194,0.124849,0.582381
664,0.418352,3.57422,0.945479,0,5.99222,8,0.977173,0.263194,0.124849,0.582381
664,0.418352,3.57422,0.945479,0,5.99222,8,0.977173,0.263194,0.124849,0.582381
235,0.49155,3.57405,0.82664,0,5.99222,8,0.977173,0.263194,0.124849,0.582381
235,0.49155,3.57405,0.82664,0,5.99222,8,0.977173,0.263194,0.124849,0.582381
1093,0.539592,3.57401,0.683104,0,5.99222,8,0.977173,0.263194,0.124849,0.582381
1093,0.539592,3.57401,0.683104,0,5.99222,8,0.977173,0.263194,0.124849,0.582381
60,0.57095,3.57462,0.521189,0,5.99222,8,0.977173,0.263194,0.124849,0.582381
1045,-0.38597,3.58186,0.703366,1,5.99222,8,0.977173,0.263194,0.124849,0.582381
59,-0.415651,3.5817,0.530489,1,5.99222,8,0.977173,0.263194,0.124849,0.582381
187,-0.312151,3.58201,0.849923,1,5.99222,8,0.977173,0.263194,0.124849,0.582381
1045,-0.38597,3.58186,0.703366,1,5.99222,8,0.977173,0.263194,0.124849,0.582381
616,-0.208483,3.58206,0.958847,1,5.99222,8,0.977173,0.263194,0.124849,0.582381
187,-0.312151,3.58201,0.849923,1,5.99222,8,0.977173,0.263194,0.124849,0.582381
16,-0.0918313,3.582,1.02898,1,5.99222,8,0.977173,0.263194,0.124849,0.582381
616,-0.208483,3.58206,0.958847,1,5.99222,8,0.977173,0.263194,0.124849,0.582381
16,-0.0918313,3.582,1.02898,1,5.99222,8,0.977173,0.263194,0.124849,0.582381
615,0.0226003,3.58189,1.0575,1,5.99222,8,0.977173,0.263194,0.124849,0.582381
615,0.0226003,3.58189,1.0575,1,5.99222,8,0.977173,0.263194,0.124849,0.582381
186,0.125071,3.58183,1.06497,1,5.99222,8,0.977173,0.263194,0.124849,0.582381
186,0.125071,3.58183,1.06497,1,5.99222,8,0.977173,0.263194,0.124849,0.582381
1044,0.227595,3.5819,1.05774,1,5.99222,8,0.977173,0.263194,0.124849,0.582381
1044,0.227595,3.5819,1.05774,1,5.99222,8,0.977173,0.263194,0.124849,0.582381
38,0.342056,3.582,1.02921,1,5.99222,8,0.977173,0.263194,0.124849,0.582381
38,0.342056,3.582,1.02921,1,5.99222,8,0.977173,0.263194,0.124849,0.582381
664,0.458661,3.58206,0.959006,1,5.99222,8,0.977173,0.263194,0.124849,0.582381
664,0.458661,3.58206,0.959006,1,5.99222,8,0.977173,0.263194,0.124849,0.582381
235,0.562215,3.582,0.850003,1,5.99222,8,0.977173,0.263194,0.124849,0.582381
235,0.562215,3.582,0.850003,1,5.99222,8,0.977173,0.263194,0.124849,0.582381
1093,0.635888,3.58185,0.703432,1,5.99222,8,0.977173,0.263194,0.124849,0.582381
1093,0.635888,3.58185,0.703432,1,5.99222,8,0.977173,0.263194,0.124849,0.582381
60,0.665542,3.58177,0.530626,1,5.99222,8,0.977173,0.263194,0.124849,0.582381
1045,-0.296901,3.60114,0.689265,0,6.49222,8,0.98913,0.263194,0.124832,0.594338
59,-0.330802,3.6015,0.524304,0,6.49222,8,0.98913,0.263194,0.124832,0.594338
187,-0.247291,3.60112,0.834793,0,6.49222,8,0.98913,0.263194,0.124832,0.594338
1045,-0.296901,3.60114,0.689265,0,6.49222,8,0.98913,0.263194,0.124832,0.594338
616,-0.172362,3.60131,0.955097,0,6.49222,8,0.98913,0.263194,0.124832,0.594338
187,-0.247291,3.60112,0.834793,0,6.49222,8,0.98913,0.263194,0.124832,0.594338
16,-0.0798539,3.60158,1.04632,0,6.49222,8,0.98913,0.263194,0.124832,0.594338
616,-0.172362,3.60131,0.955097,0,6.49222,8,0.98913,0.263194,0.124832,0.594338
16,-0.0798539,3.60158,1.04632,0,6.49222,8,0.98913,0.263194,0.124832,0.594338
615,0.0230399,3.60181,1.09834,0,6.49222,8,0.98913,0.263194,0.124832,0.594338
615,0.0230399,3.60181,1.09834,0,6.49222,8,0.98913,0.263194,0.124832,0.594338
186,0.12503,3.60197,1.11587,0,6.49222,8,0.98913,0.263194,0.124832,0.594338
186,0.12503,3.60197,1.11587,0,6.49222,8,0.98913,0.263194,0.124832,0.594338
1044,0.22703,3.60181,1.09827,0,6.49222,8,0.98913,0.263194,0.124832,0.594338
1044,0.22703,3.60181,1.09827,0,6.49222,8,0.98913,0.263194,0.124832,0.594338
38,0.329927,3.60157,1.04627,0,6.49222,8,0.98913,0.263194,0.124832,0.594338
38,0.329927,3.60157,1.04627,0,6.49222,8,0.98913,0.263194,0.124832,0.594338
664,0.422338,3.60129,0.955166,0,6.49222,8,0.98913,0.263194,0.124832,0.594338
664,0.422338,3.60129,0.955166,0,6.49222,8,0.98913,0.263194,0.124832,0.594338
235,0.497339,3.60114,0.83485,0,6.49222,8,0.98913,0.263194,0.124832,0.594338
235,0.497339,3.60114,0.83485,0,6.49222,8,0.98913,0.263194,0.124832,0.594338
1093,0.546919,3.60102,0.689292,0,6.49222,8,0.98913,0.263194,0.124832,0.594338
1093,0.546919,3.60102,0.689292,0,6.49222,8,0.98913,0.263194,0.124832,0.594338
60,0.580812,3.60156,0.524323,0,6.49222,8,0.98913,0.263194,0.124832,0.594338
1045,-0.399216,3.60966,0.710488,1,6.49222,8,0.98913,0.263194,0.124832,0.594338
59,-0.430211,3.60941,0.533352,1,6.49222,8,0.98913,0.263194,0.124832,0.594338
187,-0.323103,3.60989,0.86005,1,6.49222,8,0.98913,0.263194,0.124832,0.594338
1045,-0.399216,3.60966,0.710488,1,6.49222,8,0.98913,0.263194,0.124832,0.594338
616,-0.216231,3.61001,0.970603,1,6.49222,8,0.98913,0.263194,0.124832,0.594338
187,-0.323103,3.60989,0.86005,1,6.49222,8,0.98913,0.263194,0.124832,0.594338
16,-0.0963854,3.60999,1.04117,1,6.49222,8,0.98913,0.263194,0.124832,0.594338
616,-0.216231,3.61001,0.970603,1,6.49222,8,0.98913,0.263194,0.124832,0.594338
16,-0.0963854,3.60999,1.04117,1,6.49222,8,0.98913,0.263194,0.124832,0.594338
615,0.0208067,3.6099,1.06996,1,6.49222,8,0.98913,0.263194,0.124832,0.594338
615,0.0208067,3.6099,1.06996,1,6.49222,8,0.98913,0.263194,0.124832,0.594338
186,0.125037,3.60984,1.07786,1,6.49222,8,0.98913,0.263194,0.124832,0.594338
186,0.125037,3.60984,1.07786,1,6.49222,8,0.98913,0.263194,0.124832,0.594338
1044,0.229319,3.60991,1.07021,1,6.49222,8,0.98913,0.263194,0.124832,0.594338
1044,0.229319,3.60991,1.07021,1,6.49222,8,0.98913,0.263194,0.124832,0.594338
38,0.346539,3.60999,1.04142,1,6.49222,8,0.98913,0.263194,0.124832,0.594338
38,0.346539,3.60999,1.04142,1,6.49222,8,0.98913,0.263194,0.124832,0.594338
664,0.466337,3.61001,0.970788,1,6.49222,8,0.98913,0.263194,0.124832,0.594338
664,0.466337,3.61001,0.970788,1,6.49222,8,0.98913,0.263194,0.124832,0.594338
235,0.573074,3.60988,0.860162,1,6.49222,8,0.98913,0.263194,0.124832,0.594338
235,0.573074,3.60988,0.860162,1,6.49222,8,0.98913,0.263194,0.124832,0.594338
1093,0.649064,3.60965,0.710597,1,6.49222,8,0.98913,0.263194,0.124832,0.594338
1093,0.649064,3.60965,0.710597,1,6.49222,8,0.98913,0.263194,0.124832,0.594338
60,0.680047,3.60953,0.53352,1,6.49222,8,0.98913,0.263194,0.124832,0.594338
1045,-0.303884,3.62949,0.695209,0,6.99222,8,1.00048,0.263194,0.124843,0.605691
59,-0.340209,3.62975,0.527608,0,6.99222,8,1.00048,0.263194,0.124843,0.605691
187,-0.25298,3.62954,0.842656,0,6.99222,8,1.00048,0.263194,0.124843,0.605691
1045,-0.303884,3.62949,0.695209,0,6.99222,8,1.00048,0.263194,0.124843,0.605691
616,-0.176477,3.6297,0.964286,0,6.99222,8,1.00048,0.263194,0.124843,0.605691
187,-0.25298,3.62954,0.842656,0,6.99222,8,1.00048,0.263194,0.124843,0.605691
16,-0.0822078,3.62991,1.05628,0,6.99222,8,1.00048,0.263194,0.124843,0.605691
616,-0.176477,3.6297,0.964286,0,6.99222,8,1.00048,0.263194,0.124843,0.605691
16,-0.0822078,3.62991,1.05628,0,6.99222,8,1.00048,0.263194,0.124843,0.605691
615,0.0223436,3.63009,1.10887,0,6.99222,8,1.00048,0.263194,0.124843,0.605691
615,0.0223436,3.63009,1.10887,0,6.99222,8,1.00048,0.263194,0.124843,0.605691
186,0.125023,3.63022,1.12694,0,6.99222,8,1.00048,0.263194,0.124843,0.605691
186,0.125023,3.63022,1.12694,0,6.99222,8,1.00048,0.263194,0.124843,0.605691
1044,0.227683,3.63009,1.10881,0,6.99222,8,1.00048,0.263194,0.124843,0.605691
1044,0.227683,3.63009,1.10881,0,6.99222,8,1.00048,0.263194,0.124843,0.605691
38,0.332211,3.6299,1.05634,0,6.99222,8,1.00048,0.263194,0.124843,0.605691
38,0.332211,3.6299,1.05634,0,6.99222,8,1.00048,0.263194,0.124843,0.605691
664,0.426509,3.6297,0.964361,0,6.99222,8,1.00048,0.263194,0.124843,0.605691
664,0.426509,3.6297,0.964361,0,6.99222,8,1.00048,0.263194,0.124843,0.605691
235,0.503013,3.62953,0.842685,0,6.99222,8,1.00048,0.263194,0.124843,0.605691
235,0.503013,3.62953,0.842685,0,6.99222,8,1.00048,0.263194,0.124843,0.605691
1093,0.553899,3.62937,0.695257,0,6.99222,8,1.00048,0.263194,0.124843,0.605691
1093,0.553899,3.62937,0.695257,0,6.99222,8,1.00048,0.263194,0.124843,0.605691
60,0.590299,3.6298,0.527654,0,6.99222,8,1.00048,0.263194,0.124843,0.605691
1045,-0.411629,3.63656,0.717017,1,6.99222,8,1.00048,0.263194,0.124843,0.605691
59,-0.444066,3.63619,0.535942,1,6.99222,8,1.00048,0.263194,0.124843,0.605691
187,-0.333333,3.63686,0.869397,1,6.99222,8,1.00048,0.263194,0.124843,0.605691
1045,-0.411629,3.63656,0.717017,1,6.99222,8,1.00048,0.263194,0.124843,0.605691
616,-0.223501,3.63703,0.98155,1,6.99222,8,1.00048,0.263194,0.124843,0.605691
187,-0.333333,3.63686,0.869397,1,6.99222,8,1.00048,0.263194,0.124843,0.605691
16,-0.100686,3.63703,1.05265,1,6.99222,8,1.00048,0.263194,0.124843,0.605691
616,-0.223501,3.63703,0.98155,1,6.99222,8,1.00048,0.263194,0.124843,0.605691
16,-0.100686,3.63703,1.05265,1,6.99222,8,1.00048,0.263194,0.124843,0.605691
615,0.0191218,3.63696,1.08183,1,6.99222,8,1.00048,0.263194,0.124843,0.605691
615,0.0191218,3.63696,1.08183,1,6.99222,8,1.00048,0.263194,0.124843,0.605691
186,0.12509,3.6369,1.09018,1,6.99222,8,1.00048,0.263194,0.124843,0.605691
186,0.12509,3.6369,1.09018,1,6.99222,8,1.00048,0.263194,0.124843,0.605691
1044,0.231113,3.63697,1.08208,1,6.99222,8,1.00048,0.263194,0.124843,0.605691
1044,0.231113,3.63697,1.08208,1,6.99222,8,1.00048,0.263194,0.124843,0.605691
38,0.350948,3.63705,1.05289,1,6.99222,8,1.00048,0.263194,0.124843,0.605691
38,0.350948,3.63705,1.05289,1,6.99222,8,1.00048,0.263194,0.124843,0.605691
664,0.473693,3.63705,0.981687,1,6.99222,8,1.00048,0.263194,0.124843,0.605691
664,0.473693,3.63705,0.981687,1,6.99222,8,1.00048,0.263194,0.124843,0.605691
235,0.583383,3.63687,0.869459,1,6.99222,8,1.00048,0.263194,0.124843,0.605691
235,0.583383,3.63687,0.869459,1,6.99222,8,1.00048,0.263194,0.124843,0.605691
1093,0.661572,3.63657,0.717098,1,6.99222,8,1.00048,0.263194,0.124843,0.605691
1093,0.661572,3.63657,0.717098,1,6.99222,8,1.00048,0.263194,0.124843,0.605691
60,0.694007,3.63635,0.53606,1,6.99222,8,1.00048,0.263194,0.124843,0.605691
1045,-0.310794,3.65825,0.701448,0,7.49222,8,1.01279,0.263194,0.124829,0.618001
59,-0.349292,3.65851,0.531005,0,7.49222,8,1.01279,0.263194,0.124829,0.618001
187,-0.258629,3.65837,0.850895,0,7.49222,8,1.01279,0.263194,0.124829,0.618001
1045,-0.310794,3.65825,0.701448,0,7.49222,8,1.01279,0.263194,0.124829,0.618001
616,-0.180492,3.65855,0.974152,0,7.49222,8,1.01279,0.263194,0.124829,0.618001
187,-0.258629,3.65837,0.850895,0,7.49222,8,1.01279,0.263194,0.124829,0.618001
16,-0.0843864,3.65877,1.06691,0,7.49222,8,1.01279,0.263194,0.124829,0.618001
616,-0.180492,3.65855,0.974152,0,7.49222,8,1.01279,0.263194,0.124829,0.618001
16,-0.0843864,3.65877,1.06691,0,7.49222,8,1.01279,0.263194,0.124829,0.618001
615,0.0216673,3.65895,1.11986,0,7.49222,8,1.01279,0.263194,0.124829,0.618001
615,0.0216673,3.65895,1.11986,0,7.49222,8,1.01279,0.263194,0.124829,0.618001
186,0.125007,3.65908,1.13829,0,7.49222,8,1.01279,0.263194,0.124829,0.618001
186,0.125007,3.65908,1.13829,0,7.49222,8,1.01279,0.263194,0.124829,0.618001
1044,0.228371,3.65895,1.11984,0,7.49222,8,1.01279,0.263194,0.124829,0.618001
1044,0.228371,3.65895,1.11984,0,7.49222,8,1.01279,0.263194,0.124829,0.618001
38,0.334444,3.65876,1.06691,0,7.49222,8,1.01279,0.263194,0.124829,0.618001
38,0.334444,3.65876,1.06691,0,7.49222,8,1.01279,0.263194,0.124829,0.618001
664,0.430541,3.65855,0.974184,0,7.49222,8,1.01279,0.263194,0.124829,0.618001
664,0.430541,3.65855,0.974184,0,7.49222,8,1.01279,0.263194,0.124829,0.618001
235,0.508645,3.65834,0.850961,0,7.49222,8,1.01279,0.263194,0.124829,0.618001
235,0.508645,3.65834,0.850961,0,7.49222,8,1.01279,0.263194,0.124829,0.618001
1093,0.560838,3.65814,0.701505,0,7.49222,8,1.01279,0.263194,0.124829,0.618001
1093,0.560838,3.65814,0.701505,0,7.49222,8,1.01279,0.263194,0.124829,0.618001
60,0.599325,3.65856,0.531078,0,7.49222,8,1.01279,0.263194,0.124829,0.618001
1045,-0.423478,3.66213,0.723197,1,7.49222,8,1.01279,0.263194,0.124829,0.618001
59,-0.457488,3.66165,0.538429,1,7.49222,8,1.01279,0.263194,0.124829,0.618001
187,-0.343114,3.66252,0.878267,1,7.49222,8,1.01279,0.263194,0.124829,0.618001
1045,-0.423478,3.66213,0.723197,1,7.49222,8,1.01279,0.263194,0.124829,0.618001
616,-0.230552,3.66277,0.992053,1,7.49222,8,1.01279,0.263194,0.124829,0.618001
187,-0.343114,3.66252,0.878267,1,7.49222,8,1.01279,0.263194,0.124829,0.618001
16,-0.104964,3.66283,1.06382,1,7.49222,8,1.01279,0.263194,0.124829,0.618001
616,-0.230552,3.66277,0.992053,1,7.49222,8,1.01279,0.263194,0.124829,0.618001
16,-0.104964,3.66283,1.06382,1,7.49222,8,1.01279,0.263194,0.124829,0.618001
615,0.0173404,3.66277,1.09348,1,7.49222,8,1.01279,0.263194,0.124829,0.618001
615,0.0173404,3.66277,1.09348,1,7.49222,8,1.01279,0.263194,0.124829,0.618001
186,0.125038,3.66272,1.10227,1,7.49222,8,1.01279,0.263194,0.124829,0.618001
186,0.125038,3.66272,1.10227,1,7.49222,8,1.01279,0.263194,0.124829,0.618001
1044,0.23279,3.66278,1.09372,1,7.49222,8,1.01279,0.263194,0.124829,0.618001
1044,0.23279,3.66278,1.09372,1,7.49222,8,1.01279,0.263194,0.124829,0.618001
38,0.355124,3.66284,1.06407,1,7.49222,8,1.01279,0.263194,0.124829,0.618001
38,0.355124,3.66284,1.06407,1,7.49222,8,1.01279,0.263194,0.124829,0.618001
664,0.480657,3.66278,0.992232,1,7.49222,8,1.01279,0.263194,0.124829,0.618001
664,0.480657,3.66278,0.992232,1,7.49222,8,1.01279,0.263194,0.124829,0.618001
235,0.593082,3.66253,0.878381,1,7.49222,8,1.01279,0.263194,0.124829,0.618001
235,0.593082,3.66253,0.878381,1,7.49222,8,1.01279,0.263194,0.124829,0.618001
1093,0.673342,3.66213,0.723334,1,7.49222,8,1.01279,0.263194,0.124829,0.618001
1093,0.673342,3.66213,0.723334,1,7.49222,8,1.01279,0.263194,0.124829,0.618001
60,0.707338,3.66182,0.538592,1,7.49222,8,1.01279,0.263194,0.124829,0.618001
