id,x,y,z,ablated,v,bulkheadyoungs,nickdepth,nickw,nickc,bbmin
1045,-0.249378,3.42832,0.639347,0,3.49222,10,0.897256,0.263194,0.124845,0.502464
59,-0.269118,3.42856,0.497487,0,3.49222,10,0.897256,0.263194,0.124845,0.502464
187,-0.209324,3.428,0.771053,0,3.49222,10,0.897256,0.263194,0.124845,0.502464
1045,-0.249378,3.42832,0.639347,0,3.49222,10,0.897256,0.263194,0.124845,0.502464
616,-0.146619,3.42761,0.882811,0,3.49222,10,0.897256,0.263194,0.124845,0.502464
187,-0.209324,3.428,0.771053,0,3.49222,10,0.897256,0.263194,0.124845,0.502464
16,-0.0675886,3.42731,0.971454,0,3.49222,10,0.897256,0.263194,0.124845,0.502464
616,-0.146619,3.42761,0.882811,0,3.49222,10,0.897256,0.263194,0.124845,0.502464
16,-0.0675886,3.42731,0.971454,0,3.49222,10,0.897256,0.263194,0.124845,0.502464
615,0.0257649,3.4271,1.02263,0,3.49222,10,0.897256,0.263194,0.124845,0.502464
615,0.0257649,3.4271,1.02263,0,3.49222,10,0.897256,0.263194,0.124845,0.502464
186,0.125,3.42707,1.03923,0,3.49222,10,0.897256,0.263194,0.124845,0.502464
186,0.125,3.42707,1.03923,0,3.49222,10,0.897256,0.263194,0.124845,0.502464
1044,0.22423,3.42716,1.02267,0,3.49222,10,0.897256,0.263194,0.124845,0.502464
1044,0.22423,3.42716,1.02267,0,3.49222,10,0.897256,0.263194,0.124845,0.502464
38,0.317572,3.42733,0.971427,0,3.49222,10,0.897256,0.263194,0.124845,0.502464
38,0.317572,3.42733,0.971427,0,3.49222,10,0.897256,0.263194,0.124845,0.502464
664,0.396629,3.42764,0.882822,0,3.49222,10,0.897256,0.263194,0.124845,0.502464
664,0.396629,3.42764,0.882822,0,3.49222,10,0.897256,0.263194,0.124845,0.502464
235,0.459372,3.42792,0.771071,0,3.49222,10,0.897256,0.263194,0.124845,0.502464
235,0.459372,3.42792,0.771071,0,3.49222,10,0.897256,0.263194,0.124845,0.502464
1093,0.49932,3.42825,0.639341,0,3.49222,10,0.897256,0.263194,0.124845,0.502464
1093,0.49932,3.42825,0.639341,0,3.49222,10,0.897256,0.263194,0.124845,0.502464
60,0.51914,3.42837,0.497602,0,3.49222,10,0.897256,0.263194,0.124845,0.502464
1045,-0.293827,3.43735,0.651544,1,3.49222,10,0.897256,0.263194,0.124845,0.502464
59,-0.324678,3.43721,0.509401,1,3.49222,10,0.897256,0.263194,0.124845,0.502464
187,-0.236311,3.43746,0.77915,1,3.49222,10,0.897256,0.263194,0.124845,0.502464
1045,-0.293827,3.43735,0.651544,1,3.49222,10,0.897256,0.263194,0.124845,0.502464
616,-0.157223,3.43719,0.881137,1,3.49222,10,0.897256,0.263194,0.124845,0.502464
187,-0.236311,3.43746,0.77915,1,3.49222,10,0.897256,0.263194,0.124845,0.502464
16,-0.0661917,3.4369,0.955895,1,3.49222,10,0.897256,0.263194,0.124845,0.502464
616,-0.157223,3.43719,0.881137,1,3.49222,10,0.897256,0.263194,0.124845,0.502464
16,-0.0661917,3.4369,0.955895,1,3.49222,10,0.897256,0.263194,0.124845,0.502464
615,0.0295141,3.43665,0.99262,1,3.49222,10,0.897256,0.263194,0.124845,0.502464
615,0.0295141,3.43665,0.99262,1,3.49222,10,0.897256,0.263194,0.124845,0.502464
186,0.125002,3.4365,1.00415,1,3.49222,10,0.897256,0.263194,0.124845,0.502464
186,0.125002,3.4365,1.00415,1,3.49222,10,0.897256,0.263194,0.124845,0.502464
1044,0.220571,3.43668,0.992795,1,3.49222,10,0.897256,0.263194,0.124845,0.502464
1044,0.220571,3.43668,0.992795,1,3.49222,10,0.897256,0.263194,0.124845,0.502464
38,0.316153,3.4369,0.955768,1,3.49222,10,0.897256,0.263194,0.124845,0.502464
38,0.316153,3.4369,0.955768,1,3.49222,10,0.897256,0.263194,0.124845,0.502464
664,0.407187,3.43721,0.88096,1,3.49222,10,0.897256,0.263194,0.124845,0.502464
664,0.407187,3.43721,0.88096,1,3.49222,10,0.897256,0.263194,0.124845,0.502464
235,0.486398,3.43745,0.779084,1,3.49222,10,0.897256,0.263194,0.124845,0.502464
235,0.486398,3.43745,0.779084,1,3.49222,10,0.897256,0.263194,0.124845,0.502464
1093,0.543851,3.4373,0.651458,1,3.49222,10,0.897256,0.263194,0.124845,0.502464
1093,0.543851,3.4373,0.651458,1,3.49222,10,0.897256,0.263194,0.124845,0.502464
60,0.574836,3.43716,0.509412,1,3.49222,10,0.897256,0.263194,0.124845,0.502464
1045,-0.256474,3.44503,0.644745,0,3.99222,10,0.908335,0.263194,0.124849,0.513543
59,-0.278087,3.44533,0.499091,0,3.99222,10,0.908335,0.263194,0.124849,0.513543
187,-0.215076,3.44494,0.778356,0,3.99222,10,0.908335,0.263194,0.124849,0.513543
1045,-0.256474,3.44503,0.644745,0,3.99222,10,0.908335,0.263194,0.124849,0.513543
616,-0.150248,3.44496,0.890773,0,3.99222,10,0.908335,0.263194,0.124849,0.513543
187,-0.215076,3.44494,0.778356,0,3.99222,10,0.908335,0.263194,0.124849,0.513543
16,-0.0687124,3.44519,0.978817,0,3.99222,10,0.908335,0.263194,0.124849,0.513543
616,-0.150248,3.44496,0.890773,0,3.99222,10,0.908335,0.263194,0.124849,0.513543
16,-0.0687124,3.44519,0.978817,0,3.99222,10,0.908335,0.263194,0.124849,0.513543
615,0.0259309,3.44537,1.02883,0,3.99222,10,0.908335,0.263194,0.124849,0.513543
615,0.0259309,3.44537,1.02883,0,3.99222,10,0.908335,0.263194,0.124849,0.513543
186,0.125001,3.4455,1.04481,0,3.99222,10,0.908335,0.263194,0.124849,0.513543
186,0.125001,3.4455,1.04481,0,3.99222,10,0.908335,0.263194,0.124849,0.513543
1044,0.224071,3.44536,1.02886,0,3.99222,10,0.908335,0.263194,0.124849,0.513543
1044,0.224071,3.44536,1.02886,0,3.99222,10,0.908335,0.263194,0.124849,0.513543
38,0.31874,3.44518,0.978893,0,3.99222,10,0.908335,0.263194,0.124849,0.513543
38,0.31874,3.44518,0.978893,0,3.99222,10,0.908335,0.263194,0.124849,0.513543
664,0.400216,3.44496,0.890789,0,3.99222,10,0.908335,0.263194,0.124849,0.513543
664,0.400216,3.44496,0.890789,0,3.99222,10,0.908335,0.263194,0.124849,0.513543
235,0.46504,3.44495,0.778334,0,3.99222,10,0.908335,0.263194,0.124849,0.513543
235,0.46504,3.44495,0.778334,0,3.99222,10,0.908335,0.263194,0.124849,0.513543
1093,0.506467,3.44497,0.64471,0,3.99222,10,0.908335,0.263194,0.124849,0.513543
1093,0.506467,3.44497,0.64471,0,3.99222,10,0.908335,0.263194,0.124849,0.513543
60,0.528157,3.44535,0.49924,0,3.99222,10,0.908335,0.263194,0.124849,0.513543
1045,-0.312594,3.46388,0.664452,1,3.99222,10,0.908335,0.263194,0.124849,0.513543
59,-0.34165,3.4639,0.515304,1,3.99222,10,0.908335,0.263194,0.124849,0.513543
187,-0.251143,3.4638,0.795665,1,3.99222,10,0.908335,0.263194,0.124849,0.513543
1045,-0.312594,3.46388,0.664452,1,3.99222,10,0.908335,0.263194,0.124849,0.513543
616,-0.166426,3.46363,0.898156,1,3.99222,10,0.908335,0.263194,0.124849,0.513543
187,-0.251143,3.4638,0.795665,1,3.99222,10,0.908335,0.263194,0.124849,0.513543
16,-0.0698627,3.46337,0.97115,1,3.99222,10,0.908335,0.263194,0.124849,0.513543
616,-0.166426,3.46363,0.898156,1,3.99222,10,0.908335,0.263194,0.124849,0.513543
16,-0.0698627,3.46337,0.97115,1,3.99222,10,0.908335,0.263194,0.124849,0.513543
615,0.0293767,3.46319,1.00536,1,3.99222,10,0.908335,0.263194,0.124849,0.513543
615,0.0293767,3.46319,1.00536,1,3.99222,10,0.908335,0.263194,0.124849,0.513543
186,0.124983,3.46311,1.01456,1,3.99222,10,0.908335,0.263194,0.124849,0.513543
186,0.124983,3.46311,1.01456,1,3.99222,10,0.908335,0.263194,0.124849,0.513543
1044,0.22065,3.46318,1.00547,1,3.99222,10,0.908335,0.263194,0.124849,0.513543
1044,0.22065,3.46318,1.00547,1,3.99222,10,0.908335,0.263194,0.124849,0.513543
38,0.319955,3.46335,0.971211,1,3.99222,10,0.908335,0.263194,0.124849,0.513543
38,0.319955,3.46335,0.971211,1,3.99222,10,0.908335,0.263194,0.124849,0.513543
664,0.416428,3.46359,0.898124,1,3.99222,10,0.908335,0.263194,0.124849,0.513543
664,0.416428,3.46359,0.898124,1,3.99222,10,0.908335,0.263194,0.124849,0.513543
235,0.501089,3.46377,0.795616,1,3.99222,10,0.908335,0.263194,0.124849,0.513543
235,0.501089,3.46377,0.795616,1,3.99222,10,0.908335,0.263194,0.124849,0.513543
1093,0.56256,3.46389,0.664497,1,3.99222,10,0.908335,0.263194,0.124849,0.513543
1093,0.56256,3.46389,0.664497,1,3.99222,10,0.908335,0.263194,0.124849,0.513543
60,0.591671,3.46384,0.515358,1,3.99222,10,0.908335,0.263194,0.124849,0.513543
1045,-0.263087,3.47765,0.658207,0,4.49222,10,0.932007,0.263194,0.124852,0.537216
59,-0.284362,3.47821,0.50708,0,4.49222,10,0.932007,0.263194,0.124852,0.537216
187,-0.221249,3.47738,0.794952,0,4.49222,10,0.932007,0.263194,0.124852,0.537216
1045,-0.263087,3.47765,0.658207,0,4.49222,10,0.932007,0.263194,0.124852,0.537216
616,-0.154441,3.47738,0.908993,0,4.49222,10,0.932007,0.263194,0.124852,0.537216
187,-0.221249,3.47738,0.794952,0,4.49222,10,0.932007,0.263194,0.124852,0.537216
16,-0.0705809,3.47785,0.997201,0,4.49222,10,0.932007,0.263194,0.124852,0.537216
616,-0.154441,3.47738,0.908993,0,4.49222,10,0.932007,0.263194,0.124852,0.537216
16,-0.0705809,3.47785,0.997201,0,4.49222,10,0.932007,0.263194,0.124852,0.537216
615,0.0255896,3.47833,1.047,0,4.49222,10,0.932007,0.263194,0.124852,0.537216
615,0.0255896,3.47833,1.047,0,4.49222,10,0.932007,0.263194,0.124852,0.537216
186,0.124966,3.47864,1.06304,0,4.49222,10,0.932007,0.263194,0.124852,0.537216
186,0.124966,3.47864,1.06304,0,4.49222,10,0.932007,0.263194,0.124852,0.537216
1044,0.224405,3.47834,1.04694,0,4.49222,10,0.932007,0.263194,0.124852,0.537216
1044,0.224405,3.47834,1.04694,0,4.49222,10,0.932007,0.263194,0.124852,0.537216
38,0.320542,3.4778,0.997257,0,4.49222,10,0.932007,0.263194,0.124852,0.537216
38,0.320542,3.4778,0.997257,0,4.49222,10,0.932007,0.263194,0.124852,0.537216
664,0.404416,3.47731,0.908976,0,4.49222,10,0.932007,0.263194,0.124852,0.537216
664,0.404416,3.47731,0.908976,0,4.49222,10,0.932007,0.263194,0.124852,0.537216
235,0.471185,3.47723,0.794816,0,4.49222,10,0.932007,0.263194,0.124852,0.537216
235,0.471185,3.47723,0.794816,0,4.49222,10,0.932007,0.263194,0.124852,0.537216
1093,0.513318,3.4775,0.657998,0,4.49222,10,0.932007,0.263194,0.124852,0.537216
1093,0.513318,3.4775,0.657998,0,4.49222,10,0.932007,0.263194,0.124852,0.537216
60,0.534412,3.47829,0.506934,0,4.49222,10,0.932007,0.263194,0.124852,0.537216
1045,-0.330524,3.49447,0.676077,1,4.49222,10,0.932007,0.263194,0.124852,0.537216
59,-0.359731,3.49449,0.520968,1,4.49222,10,0.932007,0.263194,0.124852,0.537216
187,-0.265197,3.49443,0.810441,1,4.49222,10,0.932007,0.263194,0.124852,0.537216
1045,-0.330524,3.49447,0.676077,1,4.49222,10,0.932007,0.263194,0.124852,0.537216
616,-0.175298,3.49433,0.913603,1,4.49222,10,0.932007,0.263194,0.124852,0.537216
187,-0.265197,3.49443,0.810441,1,4.49222,10,0.932007,0.263194,0.124852,0.537216
16,-0.0736293,3.49419,0.984791,1,4.49222,10,0.932007,0.263194,0.124852,0.537216
616,-0.175298,3.49433,0.913603,1,4.49222,10,0.932007,0.263194,0.124852,0.537216
16,-0.0736293,3.49419,0.984791,1,4.49222,10,0.932007,0.263194,0.124852,0.537216
615,0.0287187,3.49406,1.01669,1,4.49222,10,0.932007,0.263194,0.124852,0.537216
615,0.0287187,3.49406,1.01669,1,4.49222,10,0.932007,0.263194,0.124852,0.537216
186,0.125062,3.49398,1.02508,1,4.49222,10,0.932007,0.263194,0.124852,0.537216
186,0.125062,3.49398,1.02508,1,4.49222,10,0.932007,0.263194,0.124852,0.537216
1044,0.221423,3.49406,1.0167,1,4.49222,10,0.932007,0.263194,0.124852,0.537216
1044,0.221423,3.49406,1.0167,1,4.49222,10,0.932007,0.263194,0.124852,0.537216
38,0.323759,3.49418,0.984805,1,4.49222,10,0.932007,0.263194,0.124852,0.537216
38,0.323759,3.49418,0.984805,1,4.49222,10,0.932007,0.263194,0.124852,0.537216
664,0.425454,3.49432,0.913676,1,4.49222,10,0.932007,0.263194,0.124852,0.537216
664,0.425454,3.49432,0.913676,1,4.49222,10,0.932007,0.263194,0.124852,0.537216
235,0.515342,3.49442,0.810476,1,4.49222,10,0.932007,0.263194,0.124852,0.537216
235,0.515342,3.49442,0.810476,1,4.49222,10,0.932007,0.263194,0.124852,0.537216
1093,0.580575,3.49448,0.676079,1,4.49222,10,0.932007,0.263194,0.124852,0.537216
1093,0.580575,3.49448,0.676079,1,4.49222,10,0.932007,0.263194,0.124852,0.537216
60,0.60964,3.49456,0.521022,1,4.49222,10,0.932007,0.263194,0.124852,0.537216
1045,-0.26969,3.50736,0.666523,0,4.99222,10,0.943965,0.263194,0.124819,0.549173
59,-0.294394,3.50795,0.512428,0,4.99222,10,0.943965,0.263194,0.124819,0.549173
187,-0.225873,3.50722,0.804828,0,4.99222,10,0.943965,0.263194,0.124819,0.549173
1045,-0.26969,3.50736,0.666523,0,4.99222,10,0.943965,0.263194,0.124819,0.549173
616,-0.157552,3.50721,0.920336,0,4.99222,10,0.943965,0.263194,0.124819,0.549173
187,-0.225873,3.50722,0.804828,0,4.99222,10,0.943965,0.263194,0.124819,0.549173
16,-0.0720701,3.50752,1.00926,0,4.99222,10,0.943965,0.263194,0.124819,0.549173
616,-0.157552,3.50721,0.920336,0,4.99222,10,0.943965,0.263194,0.124819,0.549173
16,-0.0720701,3.50752,1.00926,0,4.99222,10,0.943965,0.263194,0.124819,0.549173
615,0.0252416,3.50777,1.05953,0,4.99222,10,0.943965,0.263194,0.124819,0.549173
615,0.0252416,3.50777,1.05953,0,4.99222,10,0.943965,0.263194,0.124819,0.549173
186,0.125029,3.50799,1.07595,0,4.99222,10,0.943965,0.263194,0.124819,0.549173
186,0.125029,3.50799,1.07595,0,4.99222,10,0.943965,0.263194,0.124819,0.549173
1044,0.224771,3.50778,1.05944,0,4.99222,10,0.943965,0.263194,0.124819,0.549173
1044,0.224771,3.50778,1.05944,0,4.99222,10,0.943965,0.263194,0.124819,0.549173
38,0.322109,3.50747,1.00918,0,4.99222,10,0.943965,0.263194,0.124819,0.549173
38,0.322109,3.50747,1.00918,0,4.99222,10,0.943965,0.263194,0.124819,0.549173
664,0.407571,3.50719,0.920213,0,4.99222,10,0.943965,0.263194,0.124819,0.549173
664,0.407571,3.50719,0.920213,0,4.99222,10,0.943965,0.263194,0.124819,0.549173
235,0.475895,3.50717,0.804819,0,4.99222,10,0.943965,0.263194,0.124819,0.549173
235,0.475895,3.50717,0.804819,0,4.99222,10,0.943965,0.263194,0.124819,0.549173
1093,0.519687,3.50733,0.666624,0,4.99222,10,0.943965,0.263194,0.124819,0.549173
1093,0.519687,3.50733,0.666624,0,4.99222,10,0.943965,0.263194,0.124819,0.549173
60,0.544448,3.508,0.512541,0,4.99222,10,0.943965,0.263194,0.124819,0.549173
1045,-0.345702,3.52499,0.686403,1,4.99222,10,0.943965,0.263194,0.124819,0.549173
59,-0.375098,3.52506,0.525811,1,4.99222,10,0.943965,0.263194,0.124819,0.549173
187,-0.277614,3.52499,0.824104,1,4.99222,10,0.943965,0.263194,0.124819,0.549173
1045,-0.345702,3.52499,0.686403,1,4.99222,10,0.943965,0.263194,0.124819,0.549173
616,-0.183507,3.52495,0.92853,1,4.99222,10,0.943965,0.263194,0.124819,0.549173
187,-0.277614,3.52499,0.824104,1,4.99222,10,0.943965,0.263194,0.124819,0.549173
16,-0.0775713,3.52482,0.998892,1,4.99222,10,0.943965,0.263194,0.124819,0.549173
616,-0.183507,3.52495,0.92853,1,4.99222,10,0.943965,0.263194,0.124819,0.549173
16,-0.0775713,3.52482,0.998892,1,4.99222,10,0.943965,0.263194,0.124819,0.549173
615,0.027595,3.52473,1.02957,1,4.99222,10,0.943965,0.263194,0.124819,0.549173
615,0.027595,3.52473,1.02957,1,4.99222,10,0.943965,0.263194,0.124819,0.549173
186,0.124985,3.52466,1.03789,1,4.99222,10,0.943965,0.263194,0.124819,0.549173
186,0.124985,3.52466,1.03789,1,4.99222,10,0.943965,0.263194,0.124819,0.549173
1044,0.222426,3.52473,1.02966,1,4.99222,10,0.943965,0.263194,0.124819,0.549173
1044,0.222426,3.52473,1.02966,1,4.99222,10,0.943965,0.263194,0.124819,0.549173
38,0.327592,3.52483,0.998898,1,4.99222,10,0.943965,0.263194,0.124819,0.549173
38,0.327592,3.52483,0.998898,1,4.99222,10,0.943965,0.263194,0.124819,0.549173
664,0.433504,3.52496,0.928561,1,4.99222,10,0.943965,0.263194,0.124819,0.549173
664,0.433504,3.52496,0.928561,1,4.99222,10,0.943965,0.263194,0.124819,0.549173
235,0.527635,3.525,0.824173,1,4.99222,10,0.943965,0.263194,0.124819,0.549173
235,0.527635,3.525,0.824173,1,4.99222,10,0.943965,0.263194,0.124819,0.549173
1093,0.595791,3.525,0.686558,1,4.99222,10,0.943965,0.263194,0.124819,0.549173
1093,0.595791,3.525,0.686558,1,4.99222,10,0.943965,0.263194,0.124819,0.549173
60,0.625162,3.52507,0.525934,1,4.99222,10,0.943965,0.263194,0.124819,0.549173
1045,-0.276262,3.54291,0.675707,0,5.49222,10,0.959997,0.263194,0.124828,0.565206
59,-0.303591,3.54364,0.518503,0,5.49222,10,0.959997,0.263194,0.124828,0.565206
187,-0.231053,3.54274,0.816196,0,5.49222,10,0.959997,0.263194,0.124828,0.565206
1045,-0.276262,3.54291,0.675707,0,5.49222,10,0.959997,0.263194,0.124828,0.565206
616,-0.161277,3.54278,0.933056,0,5.49222,10,0.959997,0.263194,0.124828,0.565206
187,-0.231053,3.54274,0.816196,0,5.49222,10,0.959997,0.263194,0.124828,0.565206
16,-0.074201,3.5431,1.02272,0,5.49222,10,0.959997,0.263194,0.124828,0.565206
616,-0.161277,3.54278,0.933056,0,5.49222,10,0.959997,0.263194,0.124828,0.565206
16,-0.074201,3.5431,1.02272,0,5.49222,10,0.959997,0.263194,0.124828,0.565206
615,0.0247219,3.54353,1.07363,0,5.49222,10,0.959997,0.263194,0.124828,0.565206
615,0.0247219,3.54353,1.07363,0,5.49222,10,0.959997,0.263194,0.124828,0.565206
186,0.12496,3.54378,1.09063,0,5.49222,10,0.959997,0.263194,0.124828,0.565206
186,0.12496,3.54378,1.09063,0,5.49222,10,0.959997,0.263194,0.124828,0.565206
1044,0.225317,3.5435,1.07376,0,5.49222,10,0.959997,0.263194,0.124828,0.565206
1044,0.225317,3.5435,1.07376,0,5.49222,10,0.959997,0.263194,0.124828,0.565206
38,0.324129,3.5431,1.0227,0,5.49222,10,0.959997,0.263194,0.124828,0.565206
38,0.324129,3.5431,1.0227,0,5.49222,10,0.959997,0.263194,0.124828,0.565206
664,0.411261,3.54285,0.932997,0,5.49222,10,0.959997,0.263194,0.124828,0.565206
664,0.411261,3.54285,0.932997,0,5.49222,10,0.959997,0.263194,0.124828,0.565206
235,0.48113,3.54272,0.816115,0,5.49222,10,0.959997,0.263194,0.124828,0.565206
235,0.48113,3.54272,0.816115,0,5.49222,10,0.959997,0.263194,0.124828,0.565206
1093,0.526234,3.54283,0.67571,0,5.49222,10,0.959997,0.263194,0.124828,0.565206
1093,0.526234,3.54283,0.67571,0,5.49222,10,0.959997,0.263194,0.124828,0.565206
60,0.553547,3.54364,0.518493,0,5.49222,10,0.959997,0.263194,0.124828,0.565206
1045,-0.360133,3.55523,0.695991,1,5.49222,10,0.959997,0.263194,0.124828,0.565206
59,-0.390208,3.55525,0.530428,1,5.49222,10,0.959997,0.263194,0.124828,0.565206
187,-0.289191,3.55524,0.836724,1,5.49222,10,0.959997,0.263194,0.124828,0.565206
1045,-0.360133,3.55523,0.695991,1,5.49222,10,0.959997,0.263194,0.124828,0.565206
616,-0.191088,3.55522,0.94223,1,5.49222,10,0.959997,0.263194,0.124828,0.565206
187,-0.289191,3.55524,0.836724,1,5.49222,10,0.959997,0.263194,0.124828,0.565206
16,-0.0814503,3.55512,1.01209,1,5.49222,10,0.959997,0.263194,0.124828,0.565206
616,-0.191088,3.55522,0.94223,1,5.49222,10,0.959997,0.263194,0.124828,0.565206
16,-0.0814503,3.55512,1.01209,1,5.49222,10,0.959997,0.263194,0.124828,0.565206
615,0.0263401,3.55502,1.0423,1,5.49222,10,0.959997,0.263194,0.124828,0.565206
615,0.0263401,3.55502,1.0423,1,5.49222,10,0.959997,0.263194,0.124828,0.565206
186,0.125051,3.55495,1.05086,1,5.49222,10,0.959997,0.263194,0.124828,0.565206
186,0.125051,3.55495,1.05086,1,5.49222,10,0.959997,0.263194,0.124828,0.565206
1044,0.22382,3.55503,1.04252,1,5.49222,10,0.959997,0.263194,0.124828,0.565206
1044,0.22382,3.55503,1.04252,1,5.49222,10,0.959997,0.263194,0.124828,0.565206
38,0.331657,3.55513,1.0123,1,5.49222,10,0.959997,0.263194,0.124828,0.565206
38,0.331657,3.55513,1.0123,1,5.49222,10,0.959997,0.263194,0.124828,0.565206
664,0.441249,3.55521,0.942343,1,5.49222,10,0.959997,0.263194,0.124828,0.565206
664,0.441249,3.55521,0.942343,1,5.49222,10,0.959997,0.263194,0.124828,0.565206
235,0.539209,3.55524,0.836755,1,5.49222,10,0.959997,0.263194,0.124828,0.565206
235,0.539209,3.55524,0.836755,1,5.49222,10,0.959997,0.263194,0.124828,0.565206
1093,0.610042,3.55522,0.69604,1,5.49222,10,0.959997,0.263194,0.124828,0.565206
1093,0.610042,3.55522,0.69604,1,5.49222,10,0.959997,0.263194,0.124828,0.565206
60,0.640131,3.55532,0.530532,1,5.49222,10,0.959997,0.263194,0.124828,0.565206
1045,-0.283155,3.5745,0.683967,0,5.99222,10,0.97406,0.263194,0.124823,0.579268
59,-0.312843,3.57507,0.523675,0,5.99222,10,0.97406,0.263194,0.124823,0.579268
187,-0.23656,3.57439,0.826202,0,5.99222,10,0.97406,0.263194,0.124823,0.579268
1045,-0.283155,3.5745,0.683967,0,5.99222,10,0.97406,0.263194,0.124823,0.579268
616,-0.165115,3.57451,0.944501,0,5.99222,10,0.97406,0.263194,0.124823,0.579268
187,-0.23656,3.57439,0.826202,0,5.99222,10,0.97406,0.263194,0.124823,0.579268
16,-0.0760312,3.57485,1.03471,0,5.99222,10,0.97406,0.263194,0.124823,0.579268
616,-0.165115,3.57451,0.944501,0,5.99222,10,0.97406,0.263194,0.124823,0.579268
16,-0.0760312,3.57485,1.03471,0,5.99222,10,0.97406,0.263194,0.124823,0.579268
615,0.0243005,3.57517,1.08576,0,5.99222,10,0.97406,0.263194,0.124823,0.579268
615,0.0243005,3.57517,1.08576,0,5.99222,10,0.97406,0.263194,0.124823,0.579268
186,0.125011,3.57535,1.10287,0,5.99222,10,0.97406,0.263194,0.124823,0.579268
186,0.125011,3.57535,1.10287,0,5.99222,10,0.97406,0.263194,0.124823,0.579268
1044,0.225719,3.57517,1.08575,0,5.99222,10,0.97406,0.263194,0.124823,0.579268
1044,0.225719,3.57517,1.08575,0,5.99222,10,0.97406,0.263194,0.124823,0.579268
38,0.326057,3.57487,1.03473,0,5.99222,10,0.97406,0.263194,0.124823,0.579268
38,0.326057,3.57487,1.03473,0,5.99222,10,0.97406,0.263194,0.124823,0.579268
664,0.415122,3.57453,0.944507,0,5.99222,10,0.97406,0.263194,0.124823,0.579268
664,0.415122,3.57453,0.944507,0,5.99222,10,0.97406,0.263194,0.124823,0.579268
235,0.486584,3.57438,0.826213,0,5.99222,10,0.97406,0.263194,0.124823,0.579268
235,0.486584,3.57438,0.826213,0,5.99222,10,0.97406,0.263194,0.124823,0.579268
1093,0.533138,3.57444,0.684,0,5.99222,10,0.97406,0.263194,0.124823,0.579268
1093,0.533138,3.57444,0.684,0,5.99222,10,0.97406,0.263194,0.124823,0.579268
60,0.562881,3.57516,0.523751,0,5.99222,10,0.97406,0.263194,0.124823,0.579268
1045,-0.378685,3.58406,0.704722,1,5.99222,10,0.97406,0.263194,0.124823,0.579268
59,-0.408864,3.584,0.534219,1,5.99222,10,0.97406,0.263194,0.124823,0.579268
187,-0.305426,3.58416,0.848987,1,5.99222,10,0.97406,0.263194,0.124823,0.579268
1045,-0.378685,3.58406,0.704722,1,5.99222,10,0.97406,0.263194,0.124823,0.579268
616,-0.20327,3.58419,0.956361,1,5.99222,10,0.97406,0.263194,0.124823,0.579268
187,-0.305426,3.58416,0.848987,1,5.99222,10,0.97406,0.263194,0.124823,0.579268
16,-0.0885394,3.58412,1.02582,1,5.99222,10,0.97406,0.263194,0.124823,0.579268
616,-0.20327,3.58419,0.956361,1,5.99222,10,0.97406,0.263194,0.124823,0.579268
16,-0.0885394,3.58412,1.02582,1,5.99222,10,0.97406,0.263194,0.124823,0.579268
615,0.0239772,3.58402,1.05367,1,5.99222,10,0.97406,0.263194,0.124823,0.579268
615,0.0239772,3.58402,1.05367,1,5.99222,10,0.97406,0.263194,0.124823,0.579268
186,0.124985,3.58395,1.06078,1,5.99222,10,0.97406,0.263194,0.124823,0.579268
186,0.124985,3.58395,1.06078,1,5.99222,10,0.97406,0.263194,0.124823,0.579268
1044,0.22605,3.58403,1.05388,1,5.99222,10,0.97406,0.263194,0.124823,0.579268
1044,0.22605,3.58403,1.05388,1,5.99222,10,0.97406,0.263194,0.124823,0.579268
38,0.338605,3.58412,1.02602,1,5.99222,10,0.97406,0.263194,0.124823,0.579268
38,0.338605,3.58412,1.02602,1,5.99222,10,0.97406,0.263194,0.124823,0.579268
664,0.453314,3.58419,0.956528,1,5.99222,10,0.97406,0.263194,0.124823,0.579268
664,0.453314,3.58419,0.956528,1,5.99222,10,0.97406,0.263194,0.124823,0.579268
235,0.555356,3.58416,0.849076,1,5.99222,10,0.97406,0.263194,0.124823,0.579268
235,0.555356,3.58416,0.849076,1,5.99222,10,0.97406,0.263194,0.124823,0.579268
1093,0.628455,3.58406,0.704789,1,5.99222,10,0.97406,0.263194,0.124823,0.579268
1093,0.628455,3.58406,0.704789,1,5.99222,10,0.97406,0.263194,0.124823,0.579268
60,0.65864,3.5841,0.534373,1,5.99222,10,0.97406,0.263194,0.124823,0.579268
1045,-0.290254,3.60274,0.690886,0,6.49222,10,0.985127,0.263194,0.124855,0.590335
59,-0.322731,3.60311,0.52792,0,6.49222,10,0.985127,0.263194,0.124855,0.590335
187,-0.241873,3.60273,0.834714,0,6.49222,10,0.985127,0.263194,0.124855,0.590335
1045,-0.290254,3.60274,0.690886,0,6.49222,10,0.985127,0.263194,0.124855,0.590335
616,-0.168522,3.6029,0.953895,0,6.49222,10,0.985127,0.263194,0.124855,0.590335
187,-0.241873,3.60273,0.834714,0,6.49222,10,0.985127,0.263194,0.124855,0.590335
16,-0.0775533,3.6032,1.04429,0,6.49222,10,0.985127,0.263194,0.124855,0.590335
616,-0.168522,3.6029,0.953895,0,6.49222,10,0.985127,0.263194,0.124855,0.590335
16,-0.0775533,3.6032,1.04429,0,6.49222,10,0.985127,0.263194,0.124855,0.590335
615,0.0239704,3.60352,1.0953,0,6.49222,10,0.985127,0.263194,0.124855,0.590335
615,0.0239704,3.60352,1.0953,0,6.49222,10,0.985127,0.263194,0.124855,0.590335
186,0.125012,3.60369,1.11273,0,6.49222,10,0.985127,0.263194,0.124855,0.590335
186,0.125012,3.60369,1.11273,0,6.49222,10,0.985127,0.263194,0.124855,0.590335
1044,0.226133,3.60354,1.09531,0,6.49222,10,0.985127,0.263194,0.124855,0.590335
1044,0.226133,3.60354,1.09531,0,6.49222,10,0.985127,0.263194,0.124855,0.590335
38,0.327674,3.60322,1.04432,0,6.49222,10,0.985127,0.263194,0.124855,0.590335
38,0.327674,3.60322,1.04432,0,6.49222,10,0.985127,0.263194,0.124855,0.590335
664,0.418592,3.60291,0.953939,0,6.49222,10,0.985127,0.263194,0.124855,0.590335
664,0.418592,3.60291,0.953939,0,6.49222,10,0.985127,0.263194,0.124855,0.590335
235,0.491941,3.60273,0.834732,0,6.49222,10,0.985127,0.263194,0.124855,0.590335
235,0.491941,3.60273,0.834732,0,6.49222,10,0.985127,0.263194,0.124855,0.590335
1093,0.540292,3.60265,0.690905,0,6.49222,10,0.985127,0.263194,0.124855,0.590335
1093,0.540292,3.60265,0.690905,0,6.49222,10,0.985127,0.263194,0.124855,0.590335
60,0.572805,3.60323,0.528005,0,6.49222,10,0.985127,0.263194,0.124855,0.590335
1045,-0.391243,3.61214,0.712271,1,6.49222,10,0.985127,0.263194,0.124855,0.590335
59,-0.422569,3.61195,0.537681,1,6.49222,10,0.985127,0.263194,0.124855,0.590335
187,-0.315751,3.61232,0.85931,1,6.49222,10,0.985127,0.263194,0.124855,0.590335
1045,-0.391243,3.61214,0.712271,1,6.49222,10,0.985127,0.263194,0.124855,0.590335
616,-0.210474,3.6124,0.968078,1,6.49222,10,0.985127,0.263194,0.124855,0.590335
187,-0.315751,3.61232,0.85931,1,6.49222,10,0.985127,0.263194,0.124855,0.590335
16,-0.0926683,3.61236,1.03774,1,6.49222,10,0.985127,0.263194,0.124855,0.590335
616,-0.210474,3.6124,0.968078,1,6.49222,10,0.985127,0.263194,0.124855,0.590335
16,-0.0926683,3.61236,1.03774,1,6.49222,10,0.985127,0.263194,0.124855,0.590335
615,0.0224108,3.61229,1.06572,1,6.49222,10,0.985127,0.263194,0.124855,0.590335
615,0.0224108,3.61229,1.06572,1,6.49222,10,0.985127,0.263194,0.124855,0.590335
186,0.125069,3.61223,1.07319,1,6.49222,10,0.985127,0.263194,0.124855,0.590335
186,0.125069,3.61223,1.07319,1,6.49222,10,0.985127,0.263194,0.124855,0.590335
1044,0.227777,3.61229,1.06594,1,6.49222,10,0.985127,0.263194,0.124855,0.590335
1044,0.227777,3.61229,1.06594,1,6.49222,10,0.985127,0.263194,0.124855,0.590335
38,0.342881,3.61237,1.03795,1,6.49222,10,0.985127,0.263194,0.124855,0.590335
38,0.342881,3.61237,1.03795,1,6.49222,10,0.985127,0.263194,0.124855,0.590335
664,0.46065,3.6124,0.968239,1,6.49222,10,0.985127,0.263194,0.124855,0.590335
664,0.46065,3.6124,0.968239,1,6.49222,10,0.985127,0.263194,0.124855,0.590335
235,0.565781,3.61232,0.859384,1,6.49222,10,0.985127,0.263194,0.124855,0.590335
235,0.565781,3.61232,0.859384,1,6.49222,10,0.985127,0.263194,0.124855,0.590335
1093,0.641124,3.61215,0.71233,1,6.49222,10,0.985127,0.263194,0.124855,0.590335
1093,0.641124,3.61215,0.71233,1,6.49222,10,0.985127,0.263194,0.124855,0.590335
60,0.67247,3.6121,0.537829,1,6.49222,10,0.985127,0.263194,0.124855,0.590335
1045,-0.296329,3.63235,0.697094,0,6.99222,10,0.997388,0.263194,0.124832,0.602597
59,-0.330965,3.63275,0.531423,0,6.99222,10,0.997388,0.263194,0.124832,0.602597
187,-0.246874,3.63241,0.842846,0,6.99222,10,0.997388,0.263194,0.124832,0.602597
1045,-0.296329,3.63235,0.697094,0,6.99222,10,0.997388,0.263194,0.124832,0.602597
616,-0.172082,3.63261,0.963423,0,6.99222,10,0.997388,0.263194,0.124832,0.602597
187,-0.246874,3.63241,0.842846,0,6.99222,10,0.997388,0.263194,0.124832,0.602597
16,-0.0798335,3.6329,1.05501,0,6.99222,10,0.997388,0.263194,0.124832,0.602597
616,-0.172082,3.63261,0.963423,0,6.99222,10,0.997388,0.263194,0.124832,0.602597
16,-0.0798335,3.6329,1.05501,0,6.99222,10,0.997388,0.263194,0.124832,0.602597
615,0.0230496,3.63318,1.10715,0,6.99222,10,0.997388,0.263194,0.124832,0.602597
615,0.0230496,3.63318,1.10715,0,6.99222,10,0.997388,0.263194,0.124832,0.602597
186,0.125009,3.63334,1.12503,0,6.99222,10,0.997388,0.263194,0.124832,0.602597
186,0.125009,3.63334,1.12503,0,6.99222,10,0.997388,0.263194,0.124832,0.602597
1044,0.227002,3.63317,1.10718,0,6.99222,10,0.997388,0.263194,0.124832,0.602597
1044,0.227002,3.63317,1.10718,0,6.99222,10,0.997388,0.263194,0.124832,0.602597
38,0.329901,3.63291,1.05503,0,6.99222,10,0.997388,0.263194,0.124832,0.602597
38,0.329901,3.63291,1.05503,0,6.99222,10,0.997388,0.263194,0.124832,0.602597
664,0.422117,3.63259,0.963427,0,6.99222,10,0.997388,0.263194,0.124832,0.602597
664,0.422117,3.63259,0.963427,0,6.99222,10,0.997388,0.263194,0.124832,0.602597
235,0.496915,3.6324,0.842877,0,6.99222,10,0.997388,0.263194,0.124832,0.602597
235,0.496915,3.6324,0.842877,0,6.99222,10,0.997388,0.263194,0.124832,0.602597
1093,0.54635,3.63226,0.697116,0,6.99222,10,0.997388,0.263194,0.124832,0.602597
1093,0.54635,3.63226,0.697116,0,6.99222,10,0.997388,0.263194,0.124832,0.602597
60,0.581011,3.63278,0.53149,0,6.99222,10,0.997388,0.263194,0.124832,0.602597
1045,-0.403067,3.63922,0.718995,1,6.99222,10,0.997388,0.263194,0.124832,0.602597
59,-0.435794,3.63892,0.54067,1,6.99222,10,0.997388,0.263194,0.124832,0.602597
187,-0.325512,3.63946,0.868661,1,6.99222,10,0.997388,0.263194,0.124832,0.602597
1045,-0.403067,3.63922,0.718995,1,6.99222,10,0.997388,0.263194,0.124832,0.602597
616,-0.21739,3.63959,0.978854,1,6.99222,10,0.997388,0.263194,0.124832,0.602597
187,-0.325512,3.63946,0.868661,1,6.99222,10,0.997388,0.263194,0.124832,0.602597
16,-0.0967411,3.63958,1.04886,1,6.99222,10,0.997388,0.263194,0.124832,0.602597
616,-0.21739,3.63959,0.978854,1,6.99222,10,0.997388,0.263194,0.124832,0.602597
16,-0.0967411,3.63958,1.04886,1,6.99222,10,0.997388,0.263194,0.124832,0.602597
615,0.0207491,3.6395,1.07706,1,6.99222,10,0.997388,0.263194,0.124832,0.602597
615,0.0207491,3.6395,1.07706,1,6.99222,10,0.997388,0.263194,0.124832,0.602597
186,0.125025,3.63944,1.08499,1,6.99222,10,0.997388,0.263194,0.124832,0.602597
186,0.125025,3.63944,1.08499,1,6.99222,10,0.997388,0.263194,0.124832,0.602597
1044,0.22936,3.63951,1.07732,1,6.99222,10,0.997388,0.263194,0.124832,0.602597
1044,0.22936,3.63951,1.07732,1,6.99222,10,0.997388,0.263194,0.124832,0.602597
38,0.346883,3.6396,1.0491,1,6.99222,10,0.997388,0.263194,0.124832,0.602597
38,0.346883,3.6396,1.0491,1,6.99222,10,0.997388,0.263194,0.124832,0.602597
664,0.467479,3.63961,0.979026,1,6.99222,10,0.997388,0.263194,0.124832,0.602597
664,0.467479,3.63961,0.979026,1,6.99222,10,0.997388,0.263194,0.124832,0.602597
235,0.575456,3.63948,0.868747,1,6.99222,10,0.997388,0.263194,0.124832,0.602597
235,0.575456,3.63948,0.868747,1,6.99222,10,0.997388,0.263194,0.124832,0.602597
1093,0.652892,3.63924,0.719092,1,6.99222,10,0.997388,0.263194,0.124832,0.602597
1093,0.652892,3.63924,0.719092,1,6.99222,10,0.997388,0.263194,0.124832,0.602597
60,0.685593,3.63909,0.540792,1,6.99222,10,0.997388,0.263194,0.124832,0.602597
1045,-0.302364,3.65795,0.702559,0,7.49222,10,1.00722,0.263194,0.124842,0.612424
59,-0.339432,3.65819,0.534504,0,7.49222,10,1.00722,0.263194,0.124842,0.612424
187,-0.251688,3.65804,0.849981,0,7.49222,10,1.00722,0.263194,0.124842,0.612424
1045,-0.302364,3.65795,0.702559,0,7.49222,10,1.00722,0.263194,0.124842,0.612424
616,-0.175441,3.65828,0.971785,0,7.49222,10,1.00722,0.263194,0.124842,0.612424
187,-0.251688,3.65804,0.849981,0,7.49222,10,1.00722,0.263194,0.124842,0.612424
16,-0.0816458,3.65851,1.06388,0,7.49222,10,1.00722,0.263194,0.124842,0.612424
616,-0.175441,3.65828,0.971785,0,7.49222,10,1.00722,0.263194,0.124842,0.612424
16,-0.0816458,3.65851,1.06388,0,7.49222,10,1.00722,0.263194,0.124842,0.612424
615,0.0224804,3.65871,1.1165,0,7.49222,10,1.00722,0.263194,0.124842,0.612424
615,0.0224804,3.65871,1.1165,0,7.49222,10,1.00722,0.263194,0.124842,0.612424
186,0.125001,3.65885,1.13484,0,7.49222,10,1.00722,0.263194,0.124842,0.612424
186,0.125001,3.65885,1.13484,0,7.49222,10,1.00722,0.263194,0.124842,0.612424
1044,0.227588,3.65872,1.11653,0,7.49222,10,1.00722,0.263194,0.124842,0.612424
1044,0.227588,3.65872,1.11653,0,7.49222,10,1.00722,0.263194,0.124842,0.612424
38,0.331711,3.6585,1.0639,0,7.49222,10,1.00722,0.263194,0.124842,0.612424
38,0.331711,3.6585,1.0639,0,7.49222,10,1.00722,0.263194,0.124842,0.612424
664,0.425514,3.65826,0.971772,0,7.49222,10,1.00722,0.263194,0.124842,0.612424
664,0.425514,3.65826,0.971772,0,7.49222,10,1.00722,0.263194,0.124842,0.612424
235,0.501731,3.65806,0.849976,0,7.49222,10,1.00722,0.263194,0.124842,0.612424
235,0.501731,3.65806,0.849976,0,7.49222,10,1.00722,0.263194,0.124842,0.612424
1093,0.552436,3.65783,0.702595,0,7.49222,10,1.00722,0.263194,0.124842,0.612424
1093,0.552436,3.65783,0.702595,0,7.49222,10,1.00722,0.263194,0.124842,0.612424
60,0.589523,3.65822,0.534579,0,7.49222,10,1.00722,0.263194,0.124842,0.612424
1045,-0.414256,3.66506,0.725385,1,7.49222,10,1.00722,0.263194,0.124842,0.612424
59,-0.448451,3.66467,0.543541,1,7.49222,10,1.00722,0.263194,0.124842,0.612424
187,-0.334688,3.66538,0.877524,1,7.49222,10,1.00722,0.263194,0.124842,0.612424
1045,-0.414256,3.66506,0.725385,1,7.49222,10,1.00722,0.263194,0.124842,0.612424
616,-0.223909,3.66557,0.989126,1,7.49222,10,1.00722,0.263194,0.124842,0.612424
187,-0.334688,3.66538,0.877524,1,7.49222,10,1.00722,0.263194,0.124842,0.612424
16,-0.10063,3.6656,1.05962,1,7.49222,10,1.00722,0.263194,0.124842,0.612424
616,-0.223909,3.66557,0.989126,1,7.49222,10,1.00722,0.263194,0.124842,0.612424
16,-0.10063,3.6656,1.05962,1,7.49222,10,1.00722,0.263194,0.124842,0.612424
615,0.0191981,3.66554,1.08817,1,7.49222,10,1.00722,0.263194,0.124842,0.612424
615,0.0191981,3.66554,1.08817,1,7.49222,10,1.00722,0.263194,0.124842,0.612424
186,0.125096,3.66548,1.09651,1,7.49222,10,1.00722,0.263194,0.124842,0.612424
186,0.125096,3.66548,1.09651,1,7.49222,10,1.00722,0.263194,0.124842,0.612424
1044,0.23104,3.66554,1.08842,1,7.49222,10,1.00722,0.263194,0.124842,0.612424
1044,0.23104,3.66554,1.08842,1,7.49222,10,1.00722,0.263194,0.124842,0.612424
38,0.350892,3.66561,1.05986,1,7.49222,10,1.00722,0.263194,0.124842,0.612424
38,0.350892,3.66561,1.05986,1,7.49222,10,1.00722,0.263194,0.124842,0.612424
664,0.474096,3.66559,0.989267,1,7.49222,10,1.00722,0.263194,0.124842,0.612424
664,0.474096,3.66559,0.989267,1,7.49222,10,1.00722,0.263194,0.124842,0.612424
235,0.584734,3.6654,0.877583,1,7.49222,10,1.00722,0.263194,0.124842,0.612424
235,0.584734,3.6654,0.877583,1,7.49222,10,1.00722,0.263194,0.124842,0.612424
1093,0.664182,3.66509,0.725468,1,7.49222,10,1.00722,0.263194,0.124842,0.612424
1093,0.664182,3.66509,0.725468,1,7.49222,10,1.00722,0.263194,0.124842,0.612424
60,0.698362,3.66487,0.543661,1,7.49222,10,1.00722,0.263194,0.124842,0.612424
