id,x,y,z,ablated,v,bulkheadyoungs,nickdepth,nickw,nickc,bbmin
1045,-0.248812,3.42608,0.639555,0,3.49222,12.5,0.897184,0.263194,0.124846,0.502392
59,-0.268077,3.42623,0.497889,0,3.49222,12.5,0.897184,0.263194,0.124846,0.502392
187,-0.208957,3.42587,0.771144,0,3.49222,12.5,0.897184,0.263194,0.124846,0.502392
1045,-0.248812,3.42608,0.639555,0,3.49222,12.5,0.897184,0.263194,0.124846,0.502392
616,-0.146449,3.42567,0.882759,0,3.49222,12.5,0.897184,0.263194,0.124846,0.502392
187,-0.208957,3.42587,0.771144,0,3.49222,12.5,0.897184,0.263194,0.124846,0.502392
16,-0.0676128,3.42553,0.97146,0,3.49222,12.5,0.897184,0.263194,0.124846,0.502392
616,-0.146449,3.42567,0.882759,0,3.49222,12.5,0.897184,0.263194,0.124846,0.502392
16,-0.0676128,3.42553,0.97146,0,3.49222,12.5,0.897184,0.263194,0.124846,0.502392
615,0.0258525,3.42543,1.02239,0,3.49222,12.5,0.897184,0.263194,0.124846,0.502392
615,0.0258525,3.42543,1.02239,0,3.49222,12.5,0.897184,0.263194,0.124846,0.502392
186,0.124999,3.42541,1.03876,0,3.49222,12.5,0.897184,0.263194,0.124846,0.502392
186,0.124999,3.42541,1.03876,0,3.49222,12.5,0.897184,0.263194,0.124846,0.502392
1044,0.224155,3.42543,1.02239,0,3.49222,12.5,0.897184,0.263194,0.124846,0.502392
1044,0.224155,3.42543,1.02239,0,3.49222,12.5,0.897184,0.263194,0.124846,0.502392
38,0.317611,3.42554,0.971473,0,3.49222,12.5,0.897184,0.263194,0.124846,0.502392
38,0.317611,3.42554,0.971473,0,3.49222,12.5,0.897184,0.263194,0.124846,0.502392
664,0.396462,3.42567,0.882792,0,3.49222,12.5,0.897184,0.263194,0.124846,0.502392
664,0.396462,3.42567,0.882792,0,3.49222,12.5,0.897184,0.263194,0.124846,0.502392
235,0.458958,3.42587,0.77119,0,3.49222,12.5,0.897184,0.263194,0.124846,0.502392
235,0.458958,3.42587,0.77119,0,3.49222,12.5,0.897184,0.263194,0.124846,0.502392
1093,0.498826,3.42605,0.639589,0,3.49222,12.5,0.897184,0.263194,0.124846,0.502392
1093,0.498826,3.42605,0.639589,0,3.49222,12.5,0.897184,0.263194,0.124846,0.502392
60,0.518128,3.4262,0.497989,0,3.49222,12.5,0.897184,0.263194,0.124846,0.502392
1045,-0.290095,3.43767,0.651378,1,3.49222,12.5,0.897184,0.263194,0.124846,0.502392
59,-0.320539,3.43755,0.509778,1,3.49222,12.5,0.897184,0.263194,0.124846,0.502392
187,-0.233898,3.43785,0.779107,1,3.49222,12.5,0.897184,0.263194,0.124846,0.502392
1045,-0.290095,3.43767,0.651378,1,3.49222,12.5,0.897184,0.263194,0.124846,0.502392
616,-0.155836,3.43757,0.88142,1,3.49222,12.5,0.897184,0.263194,0.124846,0.502392
187,-0.233898,3.43785,0.779107,1,3.49222,12.5,0.897184,0.263194,0.124846,0.502392
16,-0.0657433,3.43728,0.956708,1,3.49222,12.5,0.897184,0.263194,0.124846,0.502392
616,-0.155836,3.43757,0.88142,1,3.49222,12.5,0.897184,0.263194,0.124846,0.502392
16,-0.0657433,3.43728,0.956708,1,3.49222,12.5,0.897184,0.263194,0.124846,0.502392
615,0.0295791,3.43718,0.994451,1,3.49222,12.5,0.897184,0.263194,0.124846,0.502392
615,0.0295791,3.43718,0.994451,1,3.49222,12.5,0.897184,0.263194,0.124846,0.502392
186,0.12498,3.437,1.00636,1,3.49222,12.5,0.897184,0.263194,0.124846,0.502392
186,0.12498,3.437,1.00636,1,3.49222,12.5,0.897184,0.263194,0.124846,0.502392
1044,0.220431,3.43716,0.994773,1,3.49222,12.5,0.897184,0.263194,0.124846,0.502392
1044,0.220431,3.43716,0.994773,1,3.49222,12.5,0.897184,0.263194,0.124846,0.502392
38,0.315921,3.43731,0.957223,1,3.49222,12.5,0.897184,0.263194,0.124846,0.502392
38,0.315921,3.43731,0.957223,1,3.49222,12.5,0.897184,0.263194,0.124846,0.502392
664,0.405838,3.43775,0.881409,1,3.49222,12.5,0.897184,0.263194,0.124846,0.502392
664,0.405838,3.43775,0.881409,1,3.49222,12.5,0.897184,0.263194,0.124846,0.502392
235,0.483905,3.43788,0.779099,1,3.49222,12.5,0.897184,0.263194,0.124846,0.502392
235,0.483905,3.43788,0.779099,1,3.49222,12.5,0.897184,0.263194,0.124846,0.502392
1093,0.540059,3.43768,0.651381,1,3.49222,12.5,0.897184,0.263194,0.124846,0.502392
1093,0.540059,3.43768,0.651381,1,3.49222,12.5,0.897184,0.263194,0.124846,0.502392
60,0.570627,3.43756,0.509838,1,3.49222,12.5,0.897184,0.263194,0.124846,0.502392
1045,-0.254446,3.44401,0.645333,0,3.99222,12.5,0.907979,0.263194,0.124851,0.513188
59,-0.275325,3.44438,0.500219,0,3.99222,12.5,0.907979,0.263194,0.124851,0.513188
187,-0.213592,3.44391,0.778632,0,3.99222,12.5,0.907979,0.263194,0.124851,0.513188
1045,-0.254446,3.44401,0.645333,0,3.99222,12.5,0.907979,0.263194,0.124851,0.513188
616,-0.149291,3.44391,0.891005,0,3.99222,12.5,0.907979,0.263194,0.124851,0.513188
187,-0.213592,3.44391,0.778632,0,3.99222,12.5,0.907979,0.263194,0.124851,0.513188
16,-0.0683268,3.44415,0.979127,0,3.99222,12.5,0.907979,0.263194,0.124851,0.513188
616,-0.149291,3.44391,0.891005,0,3.99222,12.5,0.907979,0.263194,0.124851,0.513188
16,-0.0683268,3.44415,0.979127,0,3.99222,12.5,0.907979,0.263194,0.124851,0.513188
615,0.0260078,3.44426,1.02911,0,3.99222,12.5,0.907979,0.263194,0.124851,0.513188
615,0.0260078,3.44426,1.02911,0,3.99222,12.5,0.907979,0.263194,0.124851,0.513188
186,0.12499,3.44439,1.04518,0,3.99222,12.5,0.907979,0.263194,0.124851,0.513188
186,0.12499,3.44439,1.04518,0,3.99222,12.5,0.907979,0.263194,0.124851,0.513188
1044,0.22395,3.44421,1.0292,0,3.99222,12.5,0.907979,0.263194,0.124851,0.513188
1044,0.22395,3.44421,1.0292,0,3.99222,12.5,0.907979,0.263194,0.124851,0.513188
38,0.31829,3.44414,0.979067,0,3.99222,12.5,0.907979,0.263194,0.124851,0.513188
38,0.31829,3.44414,0.979067,0,3.99222,12.5,0.907979,0.263194,0.124851,0.513188
664,0.399341,3.44394,0.890995,0,3.99222,12.5,0.907979,0.263194,0.124851,0.513188
664,0.399341,3.44394,0.890995,0,3.99222,12.5,0.907979,0.263194,0.124851,0.513188
235,0.463627,3.44394,0.77864,0,3.99222,12.5,0.907979,0.263194,0.124851,0.513188
235,0.463627,3.44394,0.77864,0,3.99222,12.5,0.907979,0.263194,0.124851,0.513188
1093,0.504473,3.44405,0.645362,0,3.99222,12.5,0.907979,0.263194,0.124851,0.513188
1093,0.504473,3.44405,0.645362,0,3.99222,12.5,0.907979,0.263194,0.124851,0.513188
60,0.525381,3.44439,0.500265,0,3.99222,12.5,0.907979,0.263194,0.124851,0.513188
1045,-0.308224,3.46385,0.664288,1,3.99222,12.5,0.907979,0.263194,0.124851,0.513188
59,-0.337718,3.46407,0.51634,1,3.99222,12.5,0.907979,0.263194,0.124851,0.513188
187,-0.247662,3.46366,0.794819,1,3.99222,12.5,0.907979,0.263194,0.124851,0.513188
1045,-0.308224,3.46385,0.664288,1,3.99222,12.5,0.907979,0.263194,0.124851,0.513188
616,-0.164209,3.46336,0.897341,1,3.99222,12.5,0.907979,0.263194,0.124851,0.513188
187,-0.247662,3.46366,0.794819,1,3.99222,12.5,0.907979,0.263194,0.124851,0.513188
16,-0.0688607,3.46308,0.970936,1,3.99222,12.5,0.907979,0.263194,0.124851,0.513188
616,-0.164209,3.46336,0.897341,1,3.99222,12.5,0.907979,0.263194,0.124851,0.513188
16,-0.0688607,3.46308,0.970936,1,3.99222,12.5,0.907979,0.263194,0.124851,0.513188
615,0.0297418,3.46286,1.00573,1,3.99222,12.5,0.907979,0.263194,0.124851,0.513188
615,0.0297418,3.46286,1.00573,1,3.99222,12.5,0.907979,0.263194,0.124851,0.513188
186,0.125026,3.46282,1.01521,1,3.99222,12.5,0.907979,0.263194,0.124851,0.513188
186,0.125026,3.46282,1.01521,1,3.99222,12.5,0.907979,0.263194,0.124851,0.513188
1044,0.220384,3.4629,1.00594,1,3.99222,12.5,0.907979,0.263194,0.124851,0.513188
1044,0.220384,3.4629,1.00594,1,3.99222,12.5,0.907979,0.263194,0.124851,0.513188
38,0.319078,3.46312,0.971168,1,3.99222,12.5,0.907979,0.263194,0.124851,0.513188
38,0.319078,3.46312,0.971168,1,3.99222,12.5,0.907979,0.263194,0.124851,0.513188
664,0.414402,3.4634,0.897528,1,3.99222,12.5,0.907979,0.263194,0.124851,0.513188
664,0.414402,3.4634,0.897528,1,3.99222,12.5,0.907979,0.263194,0.124851,0.513188
235,0.49779,3.4637,0.794949,1,3.99222,12.5,0.907979,0.263194,0.124851,0.513188
235,0.49779,3.4637,0.794949,1,3.99222,12.5,0.907979,0.263194,0.124851,0.513188
1093,0.558243,3.4639,0.664344,1,3.99222,12.5,0.907979,0.263194,0.124851,0.513188
1093,0.558243,3.4639,0.664344,1,3.99222,12.5,0.907979,0.263194,0.124851,0.513188
60,0.587534,3.46408,0.516405,1,3.99222,12.5,0.907979,0.263194,0.124851,0.513188
1045,-0.260242,3.47445,0.657795,0,4.49222,12.5,0.928921,0.263194,0.124847,0.53413
59,-0.281805,3.4752,0.508562,0,4.49222,12.5,0.928921,0.263194,0.124847,0.53413
187,-0.218657,3.47424,0.793681,0,4.49222,12.5,0.928921,0.263194,0.124847,0.53413
1045,-0.260242,3.47445,0.657795,0,4.49222,12.5,0.928921,0.263194,0.124847,0.53413
616,-0.152692,3.4742,0.907505,0,4.49222,12.5,0.928921,0.263194,0.124847,0.53413
187,-0.218657,3.47424,0.793681,0,4.49222,12.5,0.928921,0.263194,0.124847,0.53413
16,-0.0697185,3.47448,0.995781,0,4.49222,12.5,0.928921,0.263194,0.124847,0.53413
616,-0.152692,3.4742,0.907505,0,4.49222,12.5,0.928921,0.263194,0.124847,0.53413
16,-0.0697185,3.47448,0.995781,0,4.49222,12.5,0.928921,0.263194,0.124847,0.53413
615,0.0257955,3.47487,1.04594,0,4.49222,12.5,0.928921,0.263194,0.124847,0.53413
615,0.0257955,3.47487,1.04594,0,4.49222,12.5,0.928921,0.263194,0.124847,0.53413
186,0.124976,3.47524,1.06214,0,4.49222,12.5,0.928921,0.263194,0.124847,0.53413
186,0.124976,3.47524,1.06214,0,4.49222,12.5,0.928921,0.263194,0.124847,0.53413
1044,0.224174,3.47489,1.04594,0,4.49222,12.5,0.928921,0.263194,0.124847,0.53413
1044,0.224174,3.47489,1.04594,0,4.49222,12.5,0.928921,0.263194,0.124847,0.53413
38,0.319693,3.47453,0.99582,0,4.49222,12.5,0.928921,0.263194,0.124847,0.53413
38,0.319693,3.47453,0.99582,0,4.49222,12.5,0.928921,0.263194,0.124847,0.53413
664,0.402612,3.47425,0.907355,0,4.49222,12.5,0.928921,0.263194,0.124847,0.53413
664,0.402612,3.47425,0.907355,0,4.49222,12.5,0.928921,0.263194,0.124847,0.53413
235,0.468765,3.47435,0.793583,0,4.49222,12.5,0.928921,0.263194,0.124847,0.53413
235,0.468765,3.47435,0.793583,0,4.49222,12.5,0.928921,0.263194,0.124847,0.53413
1093,0.51032,3.47448,0.657765,0,4.49222,12.5,0.928921,0.263194,0.124847,0.53413
1093,0.51032,3.47448,0.657765,0,4.49222,12.5,0.928921,0.263194,0.124847,0.53413
60,0.531832,3.47509,0.508503,0,4.49222,12.5,0.928921,0.263194,0.124847,0.53413
1045,-0.325598,3.49627,0.676181,1,4.49222,12.5,0.928921,0.263194,0.124847,0.53413
59,-0.355468,3.49631,0.522641,1,4.49222,12.5,0.928921,0.263194,0.124847,0.53413
187,-0.26073,3.49618,0.809176,1,4.49222,12.5,0.928921,0.263194,0.124847,0.53413
1045,-0.325598,3.49627,0.676181,1,4.49222,12.5,0.928921,0.263194,0.124847,0.53413
616,-0.172057,3.49599,0.911662,1,4.49222,12.5,0.928921,0.263194,0.124847,0.53413
187,-0.26073,3.49618,0.809176,1,4.49222,12.5,0.928921,0.263194,0.124847,0.53413
16,-0.0718707,3.49574,0.983037,1,4.49222,12.5,0.928921,0.263194,0.124847,0.53413
616,-0.172057,3.49599,0.911662,1,4.49222,12.5,0.928921,0.263194,0.124847,0.53413
16,-0.0718707,3.49574,0.983037,1,4.49222,12.5,0.928921,0.263194,0.124847,0.53413
615,0.0293807,3.49563,1.01518,1,4.49222,12.5,0.928921,0.263194,0.124847,0.53413
615,0.0293807,3.49563,1.01518,1,4.49222,12.5,0.928921,0.263194,0.124847,0.53413
186,0.12498,3.49556,1.02361,1,4.49222,12.5,0.928921,0.263194,0.124847,0.53413
186,0.12498,3.49556,1.02361,1,4.49222,12.5,0.928921,0.263194,0.124847,0.53413
1044,0.220621,3.49566,1.01523,1,4.49222,12.5,0.928921,0.263194,0.124847,0.53413
1044,0.220621,3.49566,1.01523,1,4.49222,12.5,0.928921,0.263194,0.124847,0.53413
38,0.321855,3.49576,0.982985,1,4.49222,12.5,0.928921,0.263194,0.124847,0.53413
38,0.321855,3.49576,0.982985,1,4.49222,12.5,0.928921,0.263194,0.124847,0.53413
664,0.422014,3.49599,0.91164,1,4.49222,12.5,0.928921,0.263194,0.124847,0.53413
664,0.422014,3.49599,0.91164,1,4.49222,12.5,0.928921,0.263194,0.124847,0.53413
235,0.510727,3.49618,0.80918,1,4.49222,12.5,0.928921,0.263194,0.124847,0.53413
235,0.510727,3.49618,0.80918,1,4.49222,12.5,0.928921,0.263194,0.124847,0.53413
1093,0.575623,3.49627,0.676185,1,4.49222,12.5,0.928921,0.263194,0.124847,0.53413
1093,0.575623,3.49627,0.676185,1,4.49222,12.5,0.928921,0.263194,0.124847,0.53413
60,0.605537,3.49634,0.522696,1,4.49222,12.5,0.928921,0.263194,0.124847,0.53413
1045,-0.265876,3.50609,0.666334,0,4.99222,12.5,0.941007,0.263194,0.124846,0.546215
59,-0.289499,3.50677,0.513564,0,4.99222,12.5,0.941007,0.263194,0.124846,0.546215
187,-0.222862,3.50584,0.803726,0,4.99222,12.5,0.941007,0.263194,0.124846,0.546215
1045,-0.265876,3.50609,0.666334,0,4.99222,12.5,0.941007,0.263194,0.124846,0.546215
616,-0.155666,3.50579,0.918608,0,4.99222,12.5,0.941007,0.263194,0.124846,0.546215
187,-0.222862,3.50584,0.803726,0,4.99222,12.5,0.941007,0.263194,0.124846,0.546215
16,-0.071353,3.50608,1.00744,0,4.99222,12.5,0.941007,0.263194,0.124846,0.546215
616,-0.155666,3.50579,0.918608,0,4.99222,12.5,0.941007,0.263194,0.124846,0.546215
16,-0.071353,3.50608,1.00744,0,4.99222,12.5,0.941007,0.263194,0.124846,0.546215
615,0.0253519,3.50648,1.05789,0,4.99222,12.5,0.941007,0.263194,0.124846,0.546215
615,0.0253519,3.50648,1.05789,0,4.99222,12.5,0.941007,0.263194,0.124846,0.546215
186,0.125016,3.50673,1.0743,0,4.99222,12.5,0.941007,0.263194,0.124846,0.546215
186,0.125016,3.50673,1.0743,0,4.99222,12.5,0.941007,0.263194,0.124846,0.546215
1044,0.224674,3.50649,1.05794,0,4.99222,12.5,0.941007,0.263194,0.124846,0.546215
1044,0.224674,3.50649,1.05794,0,4.99222,12.5,0.941007,0.263194,0.124846,0.546215
38,0.321362,3.50608,1.00746,0,4.99222,12.5,0.941007,0.263194,0.124846,0.546215
38,0.321362,3.50608,1.00746,0,4.99222,12.5,0.941007,0.263194,0.124846,0.546215
664,0.40568,3.50579,0.918597,0,4.99222,12.5,0.941007,0.263194,0.124846,0.546215
664,0.40568,3.50579,0.918597,0,4.99222,12.5,0.941007,0.263194,0.124846,0.546215
235,0.472865,3.50583,0.803682,0,4.99222,12.5,0.941007,0.263194,0.124846,0.546215
235,0.472865,3.50583,0.803682,0,4.99222,12.5,0.941007,0.263194,0.124846,0.546215
1093,0.515885,3.50613,0.666264,0,4.99222,12.5,0.941007,0.263194,0.124846,0.546215
1093,0.515885,3.50613,0.666264,0,4.99222,12.5,0.941007,0.263194,0.124846,0.546215
60,0.539522,3.50685,0.513618,0,4.99222,12.5,0.941007,0.263194,0.124846,0.546215
1045,-0.340014,3.52685,0.686823,1,4.99222,12.5,0.941007,0.263194,0.124846,0.546215
59,-0.370003,3.52697,0.528182,1,4.99222,12.5,0.941007,0.263194,0.124846,0.546215
187,-0.272335,3.52682,0.822809,1,4.99222,12.5,0.941007,0.263194,0.124846,0.546215
1045,-0.340014,3.52685,0.686823,1,4.99222,12.5,0.941007,0.263194,0.124846,0.546215
616,-0.179507,3.52677,0.926206,1,4.99222,12.5,0.941007,0.263194,0.124846,0.546215
187,-0.272335,3.52682,0.822809,1,4.99222,12.5,0.941007,0.263194,0.124846,0.546215
16,-0.0752261,3.52669,0.996469,1,4.99222,12.5,0.941007,0.263194,0.124846,0.546215
616,-0.179507,3.52677,0.926206,1,4.99222,12.5,0.941007,0.263194,0.124846,0.546215
16,-0.0752261,3.52669,0.996469,1,4.99222,12.5,0.941007,0.263194,0.124846,0.546215
615,0.0285725,3.5266,1.02721,1,4.99222,12.5,0.941007,0.263194,0.124846,0.546215
615,0.0285725,3.5266,1.02721,1,4.99222,12.5,0.941007,0.263194,0.124846,0.546215
186,0.125055,3.52653,1.03541,1,4.99222,12.5,0.941007,0.263194,0.124846,0.546215
186,0.125055,3.52653,1.03541,1,4.99222,12.5,0.941007,0.263194,0.124846,0.546215
1044,0.221582,3.52661,1.02734,1,4.99222,12.5,0.941007,0.263194,0.124846,0.546215
1044,0.221582,3.52661,1.02734,1,4.99222,12.5,0.941007,0.263194,0.124846,0.546215
38,0.325406,3.52671,0.996581,1,4.99222,12.5,0.941007,0.263194,0.124846,0.546215
38,0.325406,3.52671,0.996581,1,4.99222,12.5,0.941007,0.263194,0.124846,0.546215
664,0.429662,3.5268,0.926299,1,4.99222,12.5,0.941007,0.263194,0.124846,0.546215
664,0.429662,3.5268,0.926299,1,4.99222,12.5,0.941007,0.263194,0.124846,0.546215
235,0.522455,3.52681,0.822872,1,4.99222,12.5,0.941007,0.263194,0.124846,0.546215
235,0.522455,3.52681,0.822872,1,4.99222,12.5,0.941007,0.263194,0.124846,0.546215
1093,0.59008,3.52683,0.686866,1,4.99222,12.5,0.941007,0.263194,0.124846,0.546215
1093,0.59008,3.52683,0.686866,1,4.99222,12.5,0.941007,0.263194,0.124846,0.546215
60,0.620087,3.52697,0.528304,1,4.99222,12.5,0.941007,0.263194,0.124846,0.546215
1045,-0.271558,3.54194,0.676164,0,5.49222,12.5,0.957748,0.263194,0.124826,0.562956
59,-0.296721,3.54266,0.520019,0,5.49222,12.5,0.957748,0.263194,0.124826,0.562956
187,-0.227609,3.54164,0.815601,0,5.49222,12.5,0.957748,0.263194,0.124826,0.562956
1045,-0.271558,3.54194,0.676164,0,5.49222,12.5,0.957748,0.263194,0.124826,0.562956
616,-0.158818,3.54157,0.931965,0,5.49222,12.5,0.957748,0.263194,0.124826,0.562956
187,-0.227609,3.54164,0.815601,0,5.49222,12.5,0.957748,0.263194,0.124826,0.562956
16,-0.0730008,3.54201,1.02161,0,5.49222,12.5,0.957748,0.263194,0.124826,0.562956
616,-0.158818,3.54157,0.931965,0,5.49222,12.5,0.957748,0.263194,0.124826,0.562956
16,-0.0730008,3.54201,1.02161,0,5.49222,12.5,0.957748,0.263194,0.124826,0.562956
615,0.0249426,3.54235,1.07259,0,5.49222,12.5,0.957748,0.263194,0.124826,0.562956
615,0.0249426,3.54235,1.07259,0,5.49222,12.5,0.957748,0.263194,0.124826,0.562956
186,0.125063,3.54259,1.08939,0,5.49222,12.5,0.957748,0.263194,0.124826,0.562956
186,0.125063,3.54259,1.08939,0,5.49222,12.5,0.957748,0.263194,0.124826,0.562956
1044,0.225166,3.54233,1.07242,0,5.49222,12.5,0.957748,0.263194,0.124826,0.562956
1044,0.225166,3.54233,1.07242,0,5.49222,12.5,0.957748,0.263194,0.124826,0.562956
38,0.32305,3.54194,1.02152,0,5.49222,12.5,0.957748,0.263194,0.124826,0.562956
38,0.32305,3.54194,1.02152,0,5.49222,12.5,0.957748,0.263194,0.124826,0.562956
664,0.408863,3.54169,0.931923,0,5.49222,12.5,0.957748,0.263194,0.124826,0.562956
664,0.408863,3.54169,0.931923,0,5.49222,12.5,0.957748,0.263194,0.124826,0.562956
235,0.477618,3.54158,0.815589,0,5.49222,12.5,0.957748,0.263194,0.124826,0.562956
235,0.477618,3.54158,0.815589,0,5.49222,12.5,0.957748,0.263194,0.124826,0.562956
1093,0.521602,3.54181,0.676145,0,5.49222,12.5,0.957748,0.263194,0.124826,0.562956
1093,0.521602,3.54181,0.676145,0,5.49222,12.5,0.957748,0.263194,0.124826,0.562956
60,0.546709,3.54273,0.520138,0,5.49222,12.5,0.957748,0.263194,0.124826,0.562956
1045,-0.353258,3.55715,0.696524,1,5.49222,12.5,0.957748,0.263194,0.124826,0.562956
59,-0.383772,3.55731,0.533214,1,5.49222,12.5,0.957748,0.263194,0.124826,0.562956
187,-0.283175,3.55711,0.835399,1,5.49222,12.5,0.957748,0.263194,0.124826,0.562956
1045,-0.353258,3.55715,0.696524,1,5.49222,12.5,0.957748,0.263194,0.124826,0.562956
616,-0.186781,3.55707,0.939954,1,5.49222,12.5,0.957748,0.263194,0.124826,0.562956
187,-0.283175,3.55711,0.835399,1,5.49222,12.5,0.957748,0.263194,0.124826,0.562956
16,-0.0789259,3.55695,1.00966,1,5.49222,12.5,0.957748,0.263194,0.124826,0.562956
616,-0.186781,3.55707,0.939954,1,5.49222,12.5,0.957748,0.263194,0.124826,0.562956
16,-0.0789259,3.55695,1.00966,1,5.49222,12.5,0.957748,0.263194,0.124826,0.562956
615,0.027418,3.55685,1.03955,1,5.49222,12.5,0.957748,0.263194,0.124826,0.562956
615,0.027418,3.55685,1.03955,1,5.49222,12.5,0.957748,0.263194,0.124826,0.562956
186,0.125031,3.55677,1.04775,1,5.49222,12.5,0.957748,0.263194,0.124826,0.562956
186,0.125031,3.55677,1.04775,1,5.49222,12.5,0.957748,0.263194,0.124826,0.562956
1044,0.222679,3.55686,1.03962,1,5.49222,12.5,0.957748,0.263194,0.124826,0.562956
1044,0.222679,3.55686,1.03962,1,5.49222,12.5,0.957748,0.263194,0.124826,0.562956
38,0.329028,3.55697,1.00965,1,5.49222,12.5,0.957748,0.263194,0.124826,0.562956
38,0.329028,3.55697,1.00965,1,5.49222,12.5,0.957748,0.263194,0.124826,0.562956
664,0.436803,3.55709,0.939922,1,5.49222,12.5,0.957748,0.263194,0.124826,0.562956
664,0.436803,3.55709,0.939922,1,5.49222,12.5,0.957748,0.263194,0.124826,0.562956
235,0.533212,3.55714,0.835402,1,5.49222,12.5,0.957748,0.263194,0.124826,0.562956
235,0.533212,3.55714,0.835402,1,5.49222,12.5,0.957748,0.263194,0.124826,0.562956
1093,0.60329,3.55717,0.696523,1,5.49222,12.5,0.957748,0.263194,0.124826,0.562956
1093,0.60329,3.55717,0.696523,1,5.49222,12.5,0.957748,0.263194,0.124826,0.562956
60,0.633805,3.55736,0.533252,1,5.49222,12.5,0.957748,0.263194,0.124826,0.562956
1045,-0.277731,3.57338,0.683674,0,5.99222,12.5,0.969424,0.263194,0.124828,0.574632
59,-0.30588,3.57401,0.524964,0,5.99222,12.5,0.969424,0.263194,0.124828,0.574632
187,-0.23214,3.57322,0.824809,0,5.99222,12.5,0.969424,0.263194,0.124828,0.574632
1045,-0.277731,3.57338,0.683674,0,5.99222,12.5,0.969424,0.263194,0.124828,0.574632
616,-0.161808,3.57331,0.942189,0,5.99222,12.5,0.969424,0.263194,0.124828,0.574632
187,-0.23214,3.57322,0.824809,0,5.99222,12.5,0.969424,0.263194,0.124828,0.574632
16,-0.0742187,3.57363,1.0322,0,5.99222,12.5,0.969424,0.263194,0.124828,0.574632
616,-0.161808,3.57331,0.942189,0,5.99222,12.5,0.969424,0.263194,0.124828,0.574632
16,-0.0742187,3.57363,1.0322,0,5.99222,12.5,0.969424,0.263194,0.124828,0.574632
615,0.0247957,3.57387,1.0833,0,5.99222,12.5,0.969424,0.263194,0.124828,0.574632
615,0.0247957,3.57387,1.0833,0,5.99222,12.5,0.969424,0.263194,0.124828,0.574632
186,0.125006,3.57411,1.10044,0,5.99222,12.5,0.969424,0.263194,0.124828,0.574632
186,0.125006,3.57411,1.10044,0,5.99222,12.5,0.969424,0.263194,0.124828,0.574632
1044,0.225217,3.57393,1.08329,0,5.99222,12.5,0.969424,0.263194,0.124828,0.574632
1044,0.225217,3.57393,1.08329,0,5.99222,12.5,0.969424,0.263194,0.124828,0.574632
38,0.324233,3.57364,1.03217,0,5.99222,12.5,0.969424,0.263194,0.124828,0.574632
38,0.324233,3.57364,1.03217,0,5.99222,12.5,0.969424,0.263194,0.124828,0.574632
664,0.41182,3.57331,0.942149,0,5.99222,12.5,0.969424,0.263194,0.124828,0.574632
664,0.41182,3.57331,0.942149,0,5.99222,12.5,0.969424,0.263194,0.124828,0.574632
235,0.482167,3.57319,0.824791,0,5.99222,12.5,0.969424,0.263194,0.124828,0.574632
235,0.482167,3.57319,0.824791,0,5.99222,12.5,0.969424,0.263194,0.124828,0.574632
1093,0.527691,3.57338,0.683649,0,5.99222,12.5,0.969424,0.263194,0.124828,0.574632
1093,0.527691,3.57338,0.683649,0,5.99222,12.5,0.969424,0.263194,0.124828,0.574632
60,0.555819,3.57405,0.524975,0,5.99222,12.5,0.969424,0.263194,0.124828,0.574632
1045,-0.36579,3.58645,0.705291,1,5.99222,12.5,0.969424,0.263194,0.124828,0.574632
59,-0.397465,3.58657,0.537766,1,5.99222,12.5,0.969424,0.263194,0.124828,0.574632
187,-0.293094,3.58648,0.846679,1,5.99222,12.5,0.969424,0.263194,0.124828,0.574632
1045,-0.36579,3.58645,0.705291,1,5.99222,12.5,0.969424,0.263194,0.124828,0.574632
616,-0.193286,3.5865,0.952172,1,5.99222,12.5,0.969424,0.263194,0.124828,0.574632
187,-0.293094,3.58648,0.846679,1,5.99222,12.5,0.969424,0.263194,0.124828,0.574632
16,-0.0823491,3.58644,1.02163,1,5.99222,12.5,0.969424,0.263194,0.124828,0.574632
616,-0.193286,3.5865,0.952172,1,5.99222,12.5,0.969424,0.263194,0.124828,0.574632
16,-0.0823491,3.58644,1.02163,1,5.99222,12.5,0.969424,0.263194,0.124828,0.574632
615,0.0261919,3.58635,1.05132,1,5.99222,12.5,0.969424,0.263194,0.124828,0.574632
615,0.0261919,3.58635,1.05132,1,5.99222,12.5,0.969424,0.263194,0.124828,0.574632
186,0.125008,3.58628,1.05991,1,5.99222,12.5,0.969424,0.263194,0.124828,0.574632
186,0.125008,3.58628,1.05991,1,5.99222,12.5,0.969424,0.263194,0.124828,0.574632
1044,0.22392,3.58635,1.05158,1,5.99222,12.5,0.969424,0.263194,0.124828,0.574632
1044,0.22392,3.58635,1.05158,1,5.99222,12.5,0.969424,0.263194,0.124828,0.574632
38,0.332513,3.58643,1.02185,1,5.99222,12.5,0.969424,0.263194,0.124828,0.574632
38,0.332513,3.58643,1.02185,1,5.99222,12.5,0.969424,0.263194,0.124828,0.574632
664,0.443394,3.58651,0.952332,1,5.99222,12.5,0.969424,0.263194,0.124828,0.574632
664,0.443394,3.58651,0.952332,1,5.99222,12.5,0.969424,0.263194,0.124828,0.574632
235,0.543072,3.58649,0.846745,1,5.99222,12.5,0.969424,0.263194,0.124828,0.574632
235,0.543072,3.58649,0.846745,1,5.99222,12.5,0.969424,0.263194,0.124828,0.574632
1093,0.615631,3.58645,0.705345,1,5.99222,12.5,0.969424,0.263194,0.124828,0.574632
1093,0.615631,3.58645,0.705345,1,5.99222,12.5,0.969424,0.263194,0.124828,0.574632
60,0.647287,3.58656,0.537883,1,5.99222,12.5,0.969424,0.263194,0.124828,0.574632
1045,-0.283469,3.6048,0.69105,0,6.49222,12.5,0.982104,0.263194,0.124846,0.587312
59,-0.31418,3.60529,0.529929,0,6.49222,12.5,0.982104,0.263194,0.124846,0.587312
187,-0.236563,3.60478,0.833771,0,6.49222,12.5,0.982104,0.263194,0.124846,0.587312
1045,-0.283469,3.6048,0.69105,0,6.49222,12.5,0.982104,0.263194,0.124846,0.587312
616,-0.164816,3.60495,0.952364,0,6.49222,12.5,0.982104,0.263194,0.124846,0.587312
187,-0.236563,3.60478,0.833771,0,6.49222,12.5,0.982104,0.263194,0.124846,0.587312
16,-0.0758748,3.60534,1.04287,0,6.49222,12.5,0.982104,0.263194,0.124846,0.587312
616,-0.164816,3.60495,0.952364,0,6.49222,12.5,0.982104,0.263194,0.124846,0.587312
16,-0.0758748,3.60534,1.04287,0,6.49222,12.5,0.982104,0.263194,0.124846,0.587312
615,0.0242721,3.60575,1.09438,0,6.49222,12.5,0.982104,0.263194,0.124846,0.587312
615,0.0242721,3.60575,1.09438,0,6.49222,12.5,0.982104,0.263194,0.124846,0.587312
186,0.125039,3.60599,1.11195,0,6.49222,12.5,0.982104,0.263194,0.124846,0.587312
186,0.125039,3.60599,1.11195,0,6.49222,12.5,0.982104,0.263194,0.124846,0.587312
1044,0.225819,3.6058,1.09438,0,6.49222,12.5,0.982104,0.263194,0.124846,0.587312
1044,0.225819,3.6058,1.09438,0,6.49222,12.5,0.982104,0.263194,0.124846,0.587312
38,0.325909,3.60533,1.04287,0,6.49222,12.5,0.982104,0.263194,0.124846,0.587312
38,0.325909,3.60533,1.04287,0,6.49222,12.5,0.982104,0.263194,0.124846,0.587312
664,0.414868,3.60493,0.95229,0,6.49222,12.5,0.982104,0.263194,0.124846,0.587312
664,0.414868,3.60493,0.95229,0,6.49222,12.5,0.982104,0.263194,0.124846,0.587312
235,0.486632,3.60483,0.833785,0,6.49222,12.5,0.982104,0.263194,0.124846,0.587312
235,0.486632,3.60483,0.833785,0,6.49222,12.5,0.982104,0.263194,0.124846,0.587312
1093,0.533508,3.60483,0.691105,0,6.49222,12.5,0.982104,0.263194,0.124846,0.587312
1093,0.533508,3.60483,0.691105,0,6.49222,12.5,0.982104,0.263194,0.124846,0.587312
60,0.564216,3.60536,0.530039,0,6.49222,12.5,0.982104,0.263194,0.124846,0.587312
1045,-0.38332,3.61456,0.713865,1,6.49222,12.5,0.982104,0.263194,0.124846,0.587312
59,-0.415158,3.61462,0.541982,1,6.49222,12.5,0.982104,0.263194,0.124846,0.587312
187,-0.308473,3.6147,0.858391,1,6.49222,12.5,0.982104,0.263194,0.124846,0.587312
1045,-0.38332,3.61456,0.713865,1,6.49222,12.5,0.982104,0.263194,0.124846,0.587312
616,-0.204827,3.61481,0.965445,1,6.49222,12.5,0.982104,0.263194,0.124846,0.587312
187,-0.308473,3.6147,0.858391,1,6.49222,12.5,0.982104,0.263194,0.124846,0.587312
16,-0.0890792,3.6148,1.03429,1,6.49222,12.5,0.982104,0.263194,0.124846,0.587312
616,-0.204827,3.61481,0.965445,1,6.49222,12.5,0.982104,0.263194,0.124846,0.587312
16,-0.0890792,3.6148,1.03429,1,6.49222,12.5,0.982104,0.263194,0.124846,0.587312
615,0.0239528,3.61475,1.06159,1,6.49222,12.5,0.982104,0.263194,0.124846,0.587312
615,0.0239528,3.61475,1.06159,1,6.49222,12.5,0.982104,0.263194,0.124846,0.587312
186,0.125026,3.61469,1.06871,1,6.49222,12.5,0.982104,0.263194,0.124846,0.587312
186,0.125026,3.61469,1.06871,1,6.49222,12.5,0.982104,0.263194,0.124846,0.587312
1044,0.226181,3.61475,1.06185,1,6.49222,12.5,0.982104,0.263194,0.124846,0.587312
1044,0.226181,3.61475,1.06185,1,6.49222,12.5,0.982104,0.263194,0.124846,0.587312
38,0.339248,3.6148,1.03453,1,6.49222,12.5,0.982104,0.263194,0.124846,0.587312
38,0.339248,3.6148,1.03453,1,6.49222,12.5,0.982104,0.263194,0.124846,0.587312
664,0.45492,3.61481,0.96558,1,6.49222,12.5,0.982104,0.263194,0.124846,0.587312
664,0.45492,3.61481,0.96558,1,6.49222,12.5,0.982104,0.263194,0.124846,0.587312
235,0.558424,3.61471,0.858444,1,6.49222,12.5,0.982104,0.263194,0.124846,0.587312
235,0.558424,3.61471,0.858444,1,6.49222,12.5,0.982104,0.263194,0.124846,0.587312
1093,0.633137,3.61457,0.713921,1,6.49222,12.5,0.982104,0.263194,0.124846,0.587312
1093,0.633137,3.61457,0.713921,1,6.49222,12.5,0.982104,0.263194,0.124846,0.587312
60,0.664987,3.61463,0.542116,1,6.49222,12.5,0.982104,0.263194,0.124846,0.587312
1045,-0.289241,3.63327,0.698277,0,6.99222,12.5,0.994459,0.263194,0.124844,0.599668
59,-0.322057,3.63376,0.534567,0,6.99222,12.5,0.994459,0.263194,0.124844,0.599668
187,-0.241294,3.63338,0.842538,0,6.99222,12.5,0.994459,0.263194,0.124844,0.599668
1045,-0.289241,3.63327,0.698277,0,6.99222,12.5,0.994459,0.263194,0.124844,0.599668
616,-0.168202,3.6336,0.962391,0,6.99222,12.5,0.994459,0.263194,0.124844,0.599668
187,-0.241294,3.63338,0.842538,0,6.99222,12.5,0.994459,0.263194,0.124844,0.599668
16,-0.0776928,3.63399,1.05349,0,6.99222,12.5,0.994459,0.263194,0.124844,0.599668
616,-0.168202,3.6336,0.962391,0,6.99222,12.5,0.994459,0.263194,0.124844,0.599668
16,-0.0776928,3.63399,1.05349,0,6.99222,12.5,0.994459,0.263194,0.124844,0.599668
615,0.023772,3.63432,1.10519,0,6.99222,12.5,0.994459,0.263194,0.124844,0.599668
615,0.023772,3.63432,1.10519,0,6.99222,12.5,0.994459,0.263194,0.124844,0.599668
186,0.125028,3.63451,1.12298,0,6.99222,12.5,0.994459,0.263194,0.124844,0.599668
186,0.125028,3.63451,1.12298,0,6.99222,12.5,0.994459,0.263194,0.124844,0.599668
1044,0.226274,3.63432,1.10525,0,6.99222,12.5,0.994459,0.263194,0.124844,0.599668
1044,0.226274,3.63432,1.10525,0,6.99222,12.5,0.994459,0.263194,0.124844,0.599668
38,0.32776,3.63401,1.05351,0,6.99222,12.5,0.994459,0.263194,0.124844,0.599668
38,0.32776,3.63401,1.05351,0,6.99222,12.5,0.994459,0.263194,0.124844,0.599668
664,0.418295,3.63364,0.962387,0,6.99222,12.5,0.994459,0.263194,0.124844,0.599668
664,0.418295,3.63364,0.962387,0,6.99222,12.5,0.994459,0.263194,0.124844,0.599668
235,0.491342,3.6334,0.84259,0,6.99222,12.5,0.994459,0.263194,0.124844,0.599668
235,0.491342,3.6334,0.84259,0,6.99222,12.5,0.994459,0.263194,0.124844,0.599668
1093,0.539299,3.63328,0.698339,0,6.99222,12.5,0.994459,0.263194,0.124844,0.599668
1093,0.539299,3.63328,0.698339,0,6.99222,12.5,0.994459,0.263194,0.124844,0.599668
60,0.572105,3.63382,0.534643,0,6.99222,12.5,0.994459,0.263194,0.124844,0.599668
1045,-0.394265,3.64169,0.720936,1,6.99222,12.5,0.994459,0.263194,0.124844,0.599668
59,-0.427336,3.64164,0.545452,1,6.99222,12.5,0.994459,0.263194,0.124844,0.599668
187,-0.317465,3.6419,0.867874,1,6.99222,12.5,0.994459,0.263194,0.124844,0.599668
1045,-0.394265,3.64169,0.720936,1,6.99222,12.5,0.994459,0.263194,0.124844,0.599668
616,-0.211189,3.64206,0.976236,1,6.99222,12.5,0.994459,0.263194,0.124844,0.599668
187,-0.317465,3.6419,0.867874,1,6.99222,12.5,0.994459,0.263194,0.124844,0.599668
16,-0.0927818,3.64207,1.04535,1,6.99222,12.5,0.994459,0.263194,0.124844,0.599668
616,-0.211189,3.64206,0.976236,1,6.99222,12.5,0.994459,0.263194,0.124844,0.599668
16,-0.0927818,3.64207,1.04535,1,6.99222,12.5,0.994459,0.263194,0.124844,0.599668
615,0.0224849,3.64202,1.07278,1,6.99222,12.5,0.994459,0.263194,0.124844,0.599668
615,0.0224849,3.64202,1.07278,1,6.99222,12.5,0.994459,0.263194,0.124844,0.599668
186,0.125073,3.64198,1.08025,1,6.99222,12.5,0.994459,0.263194,0.124844,0.599668
186,0.125073,3.64198,1.08025,1,6.99222,12.5,0.994459,0.263194,0.124844,0.599668
1044,0.227729,3.64203,1.07302,1,6.99222,12.5,0.994459,0.263194,0.124844,0.599668
1044,0.227729,3.64203,1.07302,1,6.99222,12.5,0.994459,0.263194,0.124844,0.599668
38,0.343027,3.64207,1.04559,1,6.99222,12.5,0.994459,0.263194,0.124844,0.599668
38,0.343027,3.64207,1.04559,1,6.99222,12.5,0.994459,0.263194,0.124844,0.599668
664,0.461374,3.64205,0.97639,1,6.99222,12.5,0.994459,0.263194,0.124844,0.599668
664,0.461374,3.64205,0.97639,1,6.99222,12.5,0.994459,0.263194,0.124844,0.599668
235,0.567546,3.64191,0.867971,1,6.99222,12.5,0.994459,0.263194,0.124844,0.599668
235,0.567546,3.64191,0.867971,1,6.99222,12.5,0.994459,0.263194,0.124844,0.599668
1093,0.644198,3.64169,0.721001,1,6.99222,12.5,0.994459,0.263194,0.124844,0.599668
1093,0.644198,3.64169,0.721001,1,6.99222,12.5,0.994459,0.263194,0.124844,0.599668
60,0.677235,3.64165,0.545602,1,6.99222,12.5,0.994459,0.263194,0.124844,0.599668
1045,-0.29519,3.66081,0.704393,0,7.49222,12.5,1.00481,0.263194,0.12483,0.610016
59,-0.330564,3.66119,0.538511,0,7.49222,12.5,1.00481,0.263194,0.12483,0.610016
187,-0.245734,3.66099,0.850039,0,7.49222,12.5,1.00481,0.263194,0.12483,0.610016
1045,-0.29519,3.66081,0.704393,0,7.49222,12.5,1.00481,0.263194,0.12483,0.610016
616,-0.171216,3.66124,0.970765,0,7.49222,12.5,1.00481,0.263194,0.12483,0.610016
187,-0.245734,3.66099,0.850039,0,7.49222,12.5,1.00481,0.263194,0.12483,0.610016
16,-0.0793777,3.66152,1.06251,0,7.49222,12.5,1.00481,0.263194,0.12483,0.610016
616,-0.171216,3.66124,0.970765,0,7.49222,12.5,1.00481,0.263194,0.12483,0.610016
16,-0.0793777,3.66152,1.06251,0,7.49222,12.5,1.00481,0.263194,0.12483,0.610016
615,0.0232409,3.66174,1.11468,0,7.49222,12.5,1.00481,0.263194,0.12483,0.610016
615,0.0232409,3.66174,1.11468,0,7.49222,12.5,1.00481,0.263194,0.12483,0.610016
186,0.125005,3.66191,1.13284,0,7.49222,12.5,1.00481,0.263194,0.12483,0.610016
186,0.125005,3.66191,1.13284,0,7.49222,12.5,1.00481,0.263194,0.12483,0.610016
1044,0.226773,3.66176,1.11471,0,7.49222,12.5,1.00481,0.263194,0.12483,0.610016
1044,0.226773,3.66176,1.11471,0,7.49222,12.5,1.00481,0.263194,0.12483,0.610016
38,0.32943,3.66153,1.06255,0,7.49222,12.5,1.00481,0.263194,0.12483,0.610016
38,0.32943,3.66153,1.06255,0,7.49222,12.5,1.00481,0.263194,0.12483,0.610016
664,0.421261,3.66127,0.970742,0,7.49222,12.5,1.00481,0.263194,0.12483,0.610016
664,0.421261,3.66127,0.970742,0,7.49222,12.5,1.00481,0.263194,0.12483,0.610016
235,0.495728,3.66101,0.850071,0,7.49222,12.5,1.00481,0.263194,0.12483,0.610016
235,0.495728,3.66101,0.850071,0,7.49222,12.5,1.00481,0.263194,0.12483,0.610016
1093,0.545159,3.6608,0.704414,0,7.49222,12.5,1.00481,0.263194,0.12483,0.610016
1093,0.545159,3.6608,0.704414,0,7.49222,12.5,1.00481,0.263194,0.12483,0.610016
60,0.580618,3.6612,0.538574,0,7.49222,12.5,1.00481,0.263194,0.12483,0.610016
1045,-0.405205,3.6678,0.727513,1,7.49222,12.5,1.00481,0.263194,0.12483,0.610016
59,-0.439622,3.66763,0.548623,1,7.49222,12.5,1.00481,0.263194,0.12483,0.610016
187,-0.326392,3.66809,0.876728,1,7.49222,12.5,1.00481,0.263194,0.12483,0.610016
1045,-0.405205,3.6678,0.727513,1,7.49222,12.5,1.00481,0.263194,0.12483,0.610016
616,-0.217445,3.66825,0.986246,1,7.49222,12.5,1.00481,0.263194,0.12483,0.610016
187,-0.326392,3.66809,0.876728,1,7.49222,12.5,1.00481,0.263194,0.12483,0.610016
16,-0.09647,3.66826,1.05559,1,7.49222,12.5,1.00481,0.263194,0.12483,0.610016
616,-0.217445,3.66825,0.986246,1,7.49222,12.5,1.00481,0.263194,0.12483,0.610016
16,-0.09647,3.66826,1.05559,1,7.49222,12.5,1.00481,0.263194,0.12483,0.610016
615,0.020939,3.6682,1.08322,1,7.49222,12.5,1.00481,0.263194,0.12483,0.610016
615,0.020939,3.6682,1.08322,1,7.49222,12.5,1.00481,0.263194,0.12483,0.610016
186,0.125033,3.66814,1.09111,1,7.49222,12.5,1.00481,0.263194,0.12483,0.610016
186,0.125033,3.66814,1.09111,1,7.49222,12.5,1.00481,0.263194,0.12483,0.610016
1044,0.229185,3.6682,1.08349,1,7.49222,12.5,1.00481,0.263194,0.12483,0.610016
1044,0.229185,3.6682,1.08349,1,7.49222,12.5,1.00481,0.263194,0.12483,0.610016
38,0.346637,3.66827,1.05587,1,7.49222,12.5,1.00481,0.263194,0.12483,0.610016
38,0.346637,3.66827,1.05587,1,7.49222,12.5,1.00481,0.263194,0.12483,0.610016
664,0.467553,3.66825,0.986432,1,7.49222,12.5,1.00481,0.263194,0.12483,0.610016
664,0.467553,3.66825,0.986432,1,7.49222,12.5,1.00481,0.263194,0.12483,0.610016
235,0.576374,3.66808,0.876834,1,7.49222,12.5,1.00481,0.263194,0.12483,0.610016
235,0.576374,3.66808,0.876834,1,7.49222,12.5,1.00481,0.263194,0.12483,0.610016
1093,0.655026,3.6678,0.727592,1,7.49222,12.5,1.00481,0.263194,0.12483,0.610016
1093,0.655026,3.6678,0.727592,1,7.49222,12.5,1.00481,0.263194,0.12483,0.610016
60,0.689421,3.66763,0.548789,1,7.49222,12.5,1.00481,0.263194,0.12483,0.610016
