id,x,y,z,ablated,v,bulkheadyoungs,nickdepth,nickw,nickc,bbmin
1045,-0.248363,3.42611,0.639523,0,3.49222,15,0.897045,0.263194,0.124847,0.502254
59,-0.267264,3.42623,0.498132,0,3.49222,15,0.897045,0.263194,0.124847,0.502254
187,-0.208703,3.42597,0.771155,0,3.49222,15,0.897045,0.263194,0.124847,0.502254
1045,-0.248363,3.42611,0.639523,0,3.49222,15,0.897045,0.263194,0.124847,0.502254
616,-0.146183,3.42579,0.882767,0,3.49222,15,0.897045,0.263194,0.124847,0.502254
187,-0.208703,3.42597,0.771155,0,3.49222,15,0.897045,0.263194,0.124847,0.502254
16,-0.0674283,3.42567,0.971351,0,3.49222,15,0.897045,0.263194,0.124847,0.502254
616,-0.146183,3.42579,0.882767,0,3.49222,15,0.897045,0.263194,0.124847,0.502254
16,-0.0674283,3.42567,0.971351,0,3.49222,15,0.897045,0.263194,0.124847,0.502254
615,0.0258223,3.42554,1.02232,0,3.49222,15,0.897045,0.263194,0.124847,0.502254
615,0.0258223,3.42554,1.02232,0,3.49222,15,0.897045,0.263194,0.124847,0.502254
186,0.124985,3.42549,1.03889,0,3.49222,15,0.897045,0.263194,0.124847,0.502254
186,0.124985,3.42549,1.03889,0,3.49222,15,0.897045,0.263194,0.124847,0.502254
1044,0.22415,3.42554,1.02236,0,3.49222,15,0.897045,0.263194,0.124847,0.502254
1044,0.22415,3.42554,1.02236,0,3.49222,15,0.897045,0.263194,0.124847,0.502254
38,0.317409,3.42565,0.971365,0,3.49222,15,0.897045,0.263194,0.124847,0.502254
38,0.317409,3.42565,0.971365,0,3.49222,15,0.897045,0.263194,0.124847,0.502254
664,0.396192,3.42578,0.882799,0,3.49222,15,0.897045,0.263194,0.124847,0.502254
664,0.396192,3.42578,0.882799,0,3.49222,15,0.897045,0.263194,0.124847,0.502254
235,0.458705,3.42601,0.771198,0,3.49222,15,0.897045,0.263194,0.124847,0.502254
235,0.458705,3.42601,0.771198,0,3.49222,15,0.897045,0.263194,0.124847,0.502254
1093,0.498387,3.42614,0.639589,0,3.49222,15,0.897045,0.263194,0.124847,0.502254
1093,0.498387,3.42614,0.639589,0,3.49222,15,0.897045,0.263194,0.124847,0.502254
60,0.517261,3.42628,0.4982,0,3.49222,15,0.897045,0.263194,0.124847,0.502254
1045,-0.288739,3.4385,0.650223,1,3.49222,15,0.897045,0.263194,0.124847,0.502254
59,-0.320064,3.43834,0.509458,1,3.49222,15,0.897045,0.263194,0.124847,0.502254
187,-0.232362,3.4387,0.777392,1,3.49222,15,0.897045,0.263194,0.124847,0.502254
1045,-0.288739,3.4385,0.650223,1,3.49222,15,0.897045,0.263194,0.124847,0.502254
616,-0.154741,3.43858,0.879634,1,3.49222,15,0.897045,0.263194,0.124847,0.502254
187,-0.232362,3.4387,0.777392,1,3.49222,15,0.897045,0.263194,0.124847,0.502254
16,-0.0649543,3.43821,0.954935,1,3.49222,15,0.897045,0.263194,0.124847,0.502254
616,-0.154741,3.43858,0.879634,1,3.49222,15,0.897045,0.263194,0.124847,0.502254
16,-0.0649543,3.43821,0.954935,1,3.49222,15,0.897045,0.263194,0.124847,0.502254
615,0.0298177,3.43812,0.993003,1,3.49222,15,0.897045,0.263194,0.124847,0.502254
615,0.0298177,3.43812,0.993003,1,3.49222,15,0.897045,0.263194,0.124847,0.502254
186,0.125023,3.43788,1.00476,1,3.49222,15,0.897045,0.263194,0.124847,0.502254
186,0.125023,3.43788,1.00476,1,3.49222,15,0.897045,0.263194,0.124847,0.502254
1044,0.22022,3.43808,0.993034,1,3.49222,15,0.897045,0.263194,0.124847,0.502254
1044,0.22022,3.43808,0.993034,1,3.49222,15,0.897045,0.263194,0.124847,0.502254
38,0.315299,3.43827,0.955326,1,3.49222,15,0.897045,0.263194,0.124847,0.502254
38,0.315299,3.43827,0.955326,1,3.49222,15,0.897045,0.263194,0.124847,0.502254
664,0.404746,3.43871,0.879448,1,3.49222,15,0.897045,0.263194,0.124847,0.502254
664,0.404746,3.43871,0.879448,1,3.49222,15,0.897045,0.263194,0.124847,0.502254
235,0.482515,3.43876,0.777385,1,3.49222,15,0.897045,0.263194,0.124847,0.502254
235,0.482515,3.43876,0.777385,1,3.49222,15,0.897045,0.263194,0.124847,0.502254
1093,0.538739,3.43847,0.650158,1,3.49222,15,0.897045,0.263194,0.124847,0.502254
1093,0.538739,3.43847,0.650158,1,3.49222,15,0.897045,0.263194,0.124847,0.502254
60,0.57001,3.4382,0.509409,1,3.49222,15,0.897045,0.263194,0.124847,0.502254
1045,-0.252989,3.44361,0.643909,0,3.99222,15,0.903717,0.263194,0.12485,0.508925
59,-0.274085,3.44398,0.499712,0,3.99222,15,0.903717,0.263194,0.12485,0.508925
187,-0.212058,3.44362,0.776469,0,3.99222,15,0.903717,0.263194,0.12485,0.508925
1045,-0.252989,3.44361,0.643909,0,3.99222,15,0.903717,0.263194,0.12485,0.508925
616,-0.148144,3.44375,0.888371,0,3.99222,15,0.903717,0.263194,0.12485,0.508925
187,-0.212058,3.44362,0.776469,0,3.99222,15,0.903717,0.263194,0.12485,0.508925
16,-0.0678287,3.44399,0.976431,0,3.99222,15,0.903717,0.263194,0.12485,0.508925
616,-0.148144,3.44375,0.888371,0,3.99222,15,0.903717,0.263194,0.12485,0.508925
16,-0.0678287,3.44399,0.976431,0,3.99222,15,0.903717,0.263194,0.12485,0.508925
615,0.026095,3.44432,1.02677,0,3.99222,15,0.903717,0.263194,0.12485,0.508925
615,0.026095,3.44432,1.02677,0,3.99222,15,0.903717,0.263194,0.12485,0.508925
186,0.125011,3.44461,1.04308,0,3.99222,15,0.903717,0.263194,0.12485,0.508925
186,0.125011,3.44461,1.04308,0,3.99222,15,0.903717,0.263194,0.12485,0.508925
1044,0.223932,3.44433,1.02677,0,3.99222,15,0.903717,0.263194,0.12485,0.508925
1044,0.223932,3.44433,1.02677,0,3.99222,15,0.903717,0.263194,0.12485,0.508925
38,0.317842,3.44401,0.976419,0,3.99222,15,0.903717,0.263194,0.12485,0.508925
38,0.317842,3.44401,0.976419,0,3.99222,15,0.903717,0.263194,0.12485,0.508925
664,0.398177,3.44376,0.888359,0,3.99222,15,0.903717,0.263194,0.12485,0.508925
664,0.398177,3.44376,0.888359,0,3.99222,15,0.903717,0.263194,0.12485,0.508925
235,0.462086,3.44364,0.776485,0,3.99222,15,0.903717,0.263194,0.12485,0.508925
235,0.462086,3.44364,0.776485,0,3.99222,15,0.903717,0.263194,0.12485,0.508925
1093,0.503001,3.44361,0.64388,0,3.99222,15,0.903717,0.263194,0.12485,0.508925
1093,0.503001,3.44361,0.64388,0,3.99222,15,0.903717,0.263194,0.12485,0.508925
60,0.52413,3.44409,0.499771,0,3.99222,15,0.903717,0.263194,0.12485,0.508925
1045,-0.305437,3.46419,0.663572,1,3.99222,15,0.903717,0.263194,0.12485,0.508925
59,-0.335356,3.46424,0.516784,1,3.99222,15,0.903717,0.263194,0.12485,0.508925
187,-0.245351,3.46404,0.793494,1,3.99222,15,0.903717,0.263194,0.12485,0.508925
1045,-0.305437,3.46419,0.663572,1,3.99222,15,0.903717,0.263194,0.12485,0.508925
616,-0.1626,3.46377,0.895706,1,3.99222,15,0.903717,0.263194,0.12485,0.508925
187,-0.245351,3.46404,0.793494,1,3.99222,15,0.903717,0.263194,0.12485,0.508925
16,-0.0681068,3.46346,0.969516,1,3.99222,15,0.903717,0.263194,0.12485,0.508925
616,-0.1626,3.46377,0.895706,1,3.99222,15,0.903717,0.263194,0.12485,0.508925
16,-0.0681068,3.46346,0.969516,1,3.99222,15,0.903717,0.263194,0.12485,0.508925
615,0.0300279,3.46318,1.00452,1,3.99222,15,0.903717,0.263194,0.12485,0.508925
615,0.0300279,3.46318,1.00452,1,3.99222,15,0.903717,0.263194,0.12485,0.508925
186,0.125006,3.46313,1.01402,1,3.99222,15,0.903717,0.263194,0.12485,0.508925
186,0.125006,3.46313,1.01402,1,3.99222,15,0.903717,0.263194,0.12485,0.508925
1044,0.220005,3.46313,1.00451,1,3.99222,15,0.903717,0.263194,0.12485,0.508925
1044,0.220005,3.46313,1.00451,1,3.99222,15,0.903717,0.263194,0.12485,0.508925
38,0.318073,3.46335,0.969385,1,3.99222,15,0.903717,0.263194,0.12485,0.508925
38,0.318073,3.46335,0.969385,1,3.99222,15,0.903717,0.263194,0.12485,0.508925
664,0.412563,3.46356,0.895704,1,3.99222,15,0.903717,0.263194,0.12485,0.508925
664,0.412563,3.46356,0.895704,1,3.99222,15,0.903717,0.263194,0.12485,0.508925
235,0.495348,3.46387,0.793539,1,3.99222,15,0.903717,0.263194,0.12485,0.508925
235,0.495348,3.46387,0.793539,1,3.99222,15,0.903717,0.263194,0.12485,0.508925
1093,0.555456,3.46419,0.663625,1,3.99222,15,0.903717,0.263194,0.12485,0.508925
1093,0.555456,3.46419,0.663625,1,3.99222,15,0.903717,0.263194,0.12485,0.508925
60,0.585395,3.46433,0.516888,1,3.99222,15,0.903717,0.263194,0.12485,0.508925
1045,-0.259175,3.47347,0.656178,0,4.49222,15,0.92695,0.263194,0.124855,0.532158
59,-0.279011,3.47411,0.50747,0,4.49222,15,0.92695,0.263194,0.124855,0.532158
187,-0.218293,3.4732,0.791816,0,4.49222,15,0.92695,0.263194,0.124855,0.532158
1045,-0.259175,3.47347,0.656178,0,4.49222,15,0.92695,0.263194,0.124855,0.532158
616,-0.152549,3.47321,0.90536,0,4.49222,15,0.92695,0.263194,0.124855,0.532158
187,-0.218293,3.4732,0.791816,0,4.49222,15,0.92695,0.263194,0.124855,0.532158
16,-0.0698301,3.47357,0.993818,0,4.49222,15,0.92695,0.263194,0.124855,0.532158
616,-0.152549,3.47321,0.90536,0,4.49222,15,0.92695,0.263194,0.124855,0.532158
16,-0.0698301,3.47357,0.993818,0,4.49222,15,0.92695,0.263194,0.124855,0.532158
615,0.0259717,3.47382,1.0435,0,4.49222,15,0.92695,0.263194,0.124855,0.532158
615,0.0259717,3.47382,1.0435,0,4.49222,15,0.92695,0.263194,0.124855,0.532158
186,0.125094,3.47393,1.05921,0,4.49222,15,0.92695,0.263194,0.124855,0.532158
186,0.125094,3.47393,1.05921,0,4.49222,15,0.92695,0.263194,0.124855,0.532158
1044,0.224238,3.47381,1.04348,0,4.49222,15,0.92695,0.263194,0.124855,0.532158
1044,0.224238,3.47381,1.04348,0,4.49222,15,0.92695,0.263194,0.124855,0.532158
38,0.319987,3.47357,0.993754,0,4.49222,15,0.92695,0.263194,0.124855,0.532158
38,0.319987,3.47357,0.993754,0,4.49222,15,0.92695,0.263194,0.124855,0.532158
664,0.402684,3.47317,0.905281,0,4.49222,15,0.92695,0.263194,0.124855,0.532158
664,0.402684,3.47317,0.905281,0,4.49222,15,0.92695,0.263194,0.124855,0.532158
235,0.468349,3.47322,0.791765,0,4.49222,15,0.92695,0.263194,0.124855,0.532158
235,0.468349,3.47322,0.791765,0,4.49222,15,0.92695,0.263194,0.124855,0.532158
1093,0.509152,3.47339,0.656142,0,4.49222,15,0.92695,0.263194,0.124855,0.532158
1093,0.509152,3.47339,0.656142,0,4.49222,15,0.92695,0.263194,0.124855,0.532158
60,0.529067,3.47384,0.507544,0,4.49222,15,0.92695,0.263194,0.124855,0.532158
1045,-0.321912,3.49795,0.676063,1,4.49222,15,0.92695,0.263194,0.124855,0.532158
59,-0.352509,3.49806,0.524085,1,4.49222,15,0.92695,0.263194,0.124855,0.532158
187,-0.257587,3.49782,0.808134,1,4.49222,15,0.92695,0.263194,0.124855,0.532158
1045,-0.321912,3.49795,0.676063,1,4.49222,15,0.92695,0.263194,0.124855,0.532158
616,-0.169786,3.49773,0.910174,1,4.49222,15,0.92695,0.263194,0.124855,0.532158
187,-0.257587,3.49782,0.808134,1,4.49222,15,0.92695,0.263194,0.124855,0.532158
16,-0.0706147,3.49758,0.981545,1,4.49222,15,0.92695,0.263194,0.124855,0.532158
616,-0.169786,3.49773,0.910174,1,4.49222,15,0.92695,0.263194,0.124855,0.532158
16,-0.0706147,3.49758,0.981545,1,4.49222,15,0.92695,0.263194,0.124855,0.532158
615,0.0299343,3.4975,1.0139,1,4.49222,15,0.92695,0.263194,0.124855,0.532158
615,0.0299343,3.4975,1.0139,1,4.49222,15,0.92695,0.263194,0.124855,0.532158
186,0.125036,3.49739,1.02232,1,4.49222,15,0.92695,0.263194,0.124855,0.532158
186,0.125036,3.49739,1.02232,1,4.49222,15,0.92695,0.263194,0.124855,0.532158
1044,0.220173,3.49749,1.01384,1,4.49222,15,0.92695,0.263194,0.124855,0.532158
1044,0.220173,3.49749,1.01384,1,4.49222,15,0.92695,0.263194,0.124855,0.532158
38,0.320618,3.49759,0.981301,1,4.49222,15,0.92695,0.263194,0.124855,0.532158
38,0.320618,3.49759,0.981301,1,4.49222,15,0.92695,0.263194,0.124855,0.532158
664,0.41958,3.49775,0.909857,1,4.49222,15,0.92695,0.263194,0.124855,0.532158
664,0.41958,3.49775,0.909857,1,4.49222,15,0.92695,0.263194,0.124855,0.532158
235,0.507444,3.49781,0.807973,1,4.49222,15,0.92695,0.263194,0.124855,0.532158
235,0.507444,3.49781,0.807973,1,4.49222,15,0.92695,0.263194,0.124855,0.532158
1093,0.571935,3.49786,0.675948,1,4.49222,15,0.92695,0.263194,0.124855,0.532158
1093,0.571935,3.49786,0.675948,1,4.49222,15,0.92695,0.263194,0.124855,0.532158
60,0.602423,3.49794,0.523918,1,4.49222,15,0.92695,0.263194,0.124855,0.532158
1045,-0.263716,3.50669,0.666594,0,4.99222,15,0.940258,0.263194,0.124843,0.545467
59,-0.286098,3.50723,0.514723,0,4.99222,15,0.940258,0.263194,0.124843,0.545467
187,-0.221432,3.50633,0.803635,0,4.99222,15,0.940258,0.263194,0.124843,0.545467
1045,-0.263716,3.50669,0.666594,0,4.99222,15,0.940258,0.263194,0.124843,0.545467
616,-0.154654,3.50622,0.91834,0,4.99222,15,0.940258,0.263194,0.124843,0.545467
187,-0.221432,3.50633,0.803635,0,4.99222,15,0.940258,0.263194,0.124843,0.545467
16,-0.070888,3.50648,1.00718,0,4.99222,15,0.940258,0.263194,0.124843,0.545467
616,-0.154654,3.50622,0.91834,0,4.99222,15,0.940258,0.263194,0.124843,0.545467
16,-0.070888,3.50648,1.00718,0,4.99222,15,0.940258,0.263194,0.124843,0.545467
615,0.025466,3.50681,1.05727,0,4.99222,15,0.940258,0.263194,0.124843,0.545467
615,0.025466,3.50681,1.05727,0,4.99222,15,0.940258,0.263194,0.124843,0.545467
186,0.125011,3.50716,1.07358,0,4.99222,15,0.940258,0.263194,0.124843,0.545467
186,0.125011,3.50716,1.07358,0,4.99222,15,0.940258,0.263194,0.124843,0.545467
1044,0.224538,3.50693,1.0572,0,4.99222,15,0.940258,0.263194,0.124843,0.545467
1044,0.224538,3.50693,1.0572,0,4.99222,15,0.940258,0.263194,0.124843,0.545467
38,0.320963,3.5065,1.007,0,4.99222,15,0.940258,0.263194,0.124843,0.545467
38,0.320963,3.5065,1.007,0,4.99222,15,0.940258,0.263194,0.124843,0.545467
664,0.404663,3.50623,0.918355,0,4.99222,15,0.940258,0.263194,0.124843,0.545467
664,0.404663,3.50623,0.918355,0,4.99222,15,0.940258,0.263194,0.124843,0.545467
235,0.471409,3.50638,0.803653,0,4.99222,15,0.940258,0.263194,0.124843,0.545467
235,0.471409,3.50638,0.803653,0,4.99222,15,0.940258,0.263194,0.124843,0.545467
1093,0.513719,3.50664,0.666617,0,4.99222,15,0.940258,0.263194,0.124843,0.545467
1093,0.513719,3.50664,0.666617,0,4.99222,15,0.940258,0.263194,0.124843,0.545467
60,0.536217,3.50745,0.51478,0,4.99222,15,0.940258,0.263194,0.124843,0.545467
1045,-0.334892,3.52818,0.687127,1,4.99222,15,0.940258,0.263194,0.124843,0.545467
59,-0.365442,3.52831,0.530165,1,4.99222,15,0.940258,0.263194,0.124843,0.545467
187,-0.267901,3.52806,0.821853,1,4.99222,15,0.940258,0.263194,0.124843,0.545467
1045,-0.334892,3.52818,0.687127,1,4.99222,15,0.940258,0.263194,0.124843,0.545467
616,-0.176478,3.52796,0.924776,1,4.99222,15,0.940258,0.263194,0.124843,0.545467
187,-0.267901,3.52806,0.821853,1,4.99222,15,0.940258,0.263194,0.124843,0.545467
16,-0.0736805,3.52779,0.995304,1,4.99222,15,0.940258,0.263194,0.124843,0.545467
616,-0.176478,3.52796,0.924776,1,4.99222,15,0.940258,0.263194,0.124843,0.545467
16,-0.0736805,3.52779,0.995304,1,4.99222,15,0.940258,0.263194,0.124843,0.545467
615,0.0291754,3.52765,1.02631,1,4.99222,15,0.940258,0.263194,0.124843,0.545467
615,0.0291754,3.52765,1.02631,1,4.99222,15,0.940258,0.263194,0.124843,0.545467
186,0.125035,3.52757,1.03454,1,4.99222,15,0.940258,0.263194,0.124843,0.545467
186,0.125035,3.52757,1.03454,1,4.99222,15,0.940258,0.263194,0.124843,0.545467
1044,0.220936,3.52765,1.02646,1,4.99222,15,0.940258,0.263194,0.124843,0.545467
1044,0.220936,3.52765,1.02646,1,4.99222,15,0.940258,0.263194,0.124843,0.545467
38,0.323776,3.52778,0.995345,1,4.99222,15,0.940258,0.263194,0.124843,0.545467
38,0.323776,3.52778,0.995345,1,4.99222,15,0.940258,0.263194,0.124843,0.545467
664,0.426568,3.52797,0.924862,1,4.99222,15,0.940258,0.263194,0.124843,0.545467
664,0.426568,3.52797,0.924862,1,4.99222,15,0.940258,0.263194,0.124843,0.545467
235,0.518029,3.5281,0.821976,1,4.99222,15,0.940258,0.263194,0.124843,0.545467
235,0.518029,3.5281,0.821976,1,4.99222,15,0.940258,0.263194,0.124843,0.545467
1093,0.585012,3.52819,0.687214,1,4.99222,15,0.940258,0.263194,0.124843,0.545467
1093,0.585012,3.52819,0.687214,1,4.99222,15,0.940258,0.263194,0.124843,0.545467
60,0.615307,3.52835,0.530205,1,4.99222,15,0.940258,0.263194,0.124843,0.545467
1045,-0.267841,3.53864,0.675514,0,5.49222,15,0.952516,0.263194,0.124833,0.557724
59,-0.292218,3.53935,0.520848,0,5.49222,15,0.952516,0.263194,0.124833,0.557724
187,-0.224695,3.53831,0.81393,0,5.49222,15,0.952516,0.263194,0.124833,0.557724
1045,-0.267841,3.53864,0.675514,0,5.49222,15,0.952516,0.263194,0.124833,0.557724
616,-0.157153,3.53823,0.929626,0,5.49222,15,0.952516,0.263194,0.124833,0.557724
187,-0.224695,3.53831,0.81393,0,5.49222,15,0.952516,0.263194,0.124833,0.557724
16,-0.0721326,3.53863,1.01879,0,5.49222,15,0.952516,0.263194,0.124833,0.557724
616,-0.157153,3.53823,0.929626,0,5.49222,15,0.952516,0.263194,0.124833,0.557724
16,-0.0721326,3.53863,1.01879,0,5.49222,15,0.952516,0.263194,0.124833,0.557724
615,0.0252451,3.53904,1.06906,0,5.49222,15,0.952516,0.263194,0.124833,0.557724
615,0.0252451,3.53904,1.06906,0,5.49222,15,0.952516,0.263194,0.124833,0.557724
186,0.124945,3.53923,1.08573,0,5.49222,15,0.952516,0.263194,0.124833,0.557724
186,0.124945,3.53923,1.08573,0,5.49222,15,0.952516,0.263194,0.124833,0.557724
1044,0.224698,3.53893,1.06918,0,5.49222,15,0.952516,0.263194,0.124833,0.557724
1044,0.224698,3.53893,1.06918,0,5.49222,15,0.952516,0.263194,0.124833,0.557724
38,0.322114,3.53861,1.01887,0,5.49222,15,0.952516,0.263194,0.124833,0.557724
38,0.322114,3.53861,1.01887,0,5.49222,15,0.952516,0.263194,0.124833,0.557724
664,0.407145,3.53824,0.929561,0,5.49222,15,0.952516,0.263194,0.124833,0.557724
664,0.407145,3.53824,0.929561,0,5.49222,15,0.952516,0.263194,0.124833,0.557724
235,0.474745,3.53828,0.81384,0,5.49222,15,0.952516,0.263194,0.124833,0.557724
235,0.474745,3.53828,0.81384,0,5.49222,15,0.952516,0.263194,0.124833,0.557724
1093,0.517824,3.53863,0.675418,0,5.49222,15,0.952516,0.263194,0.124833,0.557724
1093,0.517824,3.53863,0.675418,0,5.49222,15,0.952516,0.263194,0.124833,0.557724
60,0.542327,3.53939,0.520845,0,5.49222,15,0.952516,0.263194,0.124833,0.557724
1045,-0.347572,3.55874,0.696851,1,5.49222,15,0.952516,0.263194,0.124833,0.557724
59,-0.378807,3.55889,0.535604,1,5.49222,15,0.952516,0.263194,0.124833,0.557724
187,-0.278138,3.55866,0.834194,1,5.49222,15,0.952516,0.263194,0.124833,0.557724
1045,-0.347572,3.55874,0.696851,1,5.49222,15,0.952516,0.263194,0.124833,0.557724
616,-0.183104,3.5586,0.937994,1,5.49222,15,0.952516,0.263194,0.124833,0.557724
187,-0.278138,3.55866,0.834194,1,5.49222,15,0.952516,0.263194,0.124833,0.557724
16,-0.0768328,3.55848,1.00776,1,5.49222,15,0.952516,0.263194,0.124833,0.557724
616,-0.183104,3.5586,0.937994,1,5.49222,15,0.952516,0.263194,0.124833,0.557724
16,-0.0768328,3.55848,1.00776,1,5.49222,15,0.952516,0.263194,0.124833,0.557724
615,0.0282734,3.55837,1.03775,1,5.49222,15,0.952516,0.263194,0.124833,0.557724
615,0.0282734,3.55837,1.03775,1,5.49222,15,0.952516,0.263194,0.124833,0.557724
186,0.12507,3.55828,1.04588,1,5.49222,15,0.952516,0.263194,0.124833,0.557724
186,0.12507,3.55828,1.04588,1,5.49222,15,0.952516,0.263194,0.124833,0.557724
1044,0.221894,3.55836,1.03781,1,5.49222,15,0.952516,0.263194,0.124833,0.557724
1044,0.221894,3.55836,1.03781,1,5.49222,15,0.952516,0.263194,0.124833,0.557724
38,0.326952,3.55845,1.00769,1,5.49222,15,0.952516,0.263194,0.124833,0.557724
38,0.326952,3.55845,1.00769,1,5.49222,15,0.952516,0.263194,0.124833,0.557724
664,0.43321,3.55858,0.937986,1,5.49222,15,0.952516,0.263194,0.124833,0.557724
664,0.43321,3.55858,0.937986,1,5.49222,15,0.952516,0.263194,0.124833,0.557724
235,0.52821,3.55867,0.834219,1,5.49222,15,0.952516,0.263194,0.124833,0.557724
235,0.52821,3.55867,0.834219,1,5.49222,15,0.952516,0.263194,0.124833,0.557724
1093,0.597641,3.55873,0.696904,1,5.49222,15,0.952516,0.263194,0.124833,0.557724
1093,0.597641,3.55873,0.696904,1,5.49222,15,0.952516,0.263194,0.124833,0.557724
60,0.62883,3.55894,0.535728,1,5.49222,15,0.952516,0.263194,0.124833,0.557724
1045,-0.273403,3.57308,0.684215,0,5.99222,15,0.967477,0.263194,0.124815,0.572685
59,-0.299753,3.57388,0.526531,0,5.99222,15,0.967477,0.263194,0.124815,0.572685
187,-0.229223,3.57279,0.824455,0,5.99222,15,0.967477,0.263194,0.124815,0.572685
1045,-0.273403,3.57308,0.684215,0,5.99222,15,0.967477,0.263194,0.124815,0.572685
616,-0.160133,3.57276,0.941425,0,5.99222,15,0.967477,0.263194,0.124815,0.572685
187,-0.229223,3.57279,0.824455,0,5.99222,15,0.967477,0.263194,0.124815,0.572685
16,-0.0736499,3.57311,1.03128,0,5.99222,15,0.967477,0.263194,0.124815,0.572685
616,-0.160133,3.57276,0.941425,0,5.99222,15,0.967477,0.263194,0.124815,0.572685
16,-0.0736499,3.57311,1.03128,0,5.99222,15,0.967477,0.263194,0.124815,0.572685
615,0.0247784,3.57353,1.08232,0,5.99222,15,0.967477,0.263194,0.124815,0.572685
615,0.0247784,3.57353,1.08232,0,5.99222,15,0.967477,0.263194,0.124815,0.572685
186,0.124984,3.57382,1.09926,0,5.99222,15,0.967477,0.263194,0.124815,0.572685
186,0.124984,3.57382,1.09926,0,5.99222,15,0.967477,0.263194,0.124815,0.572685
1044,0.225226,3.57356,1.08227,0,5.99222,15,0.967477,0.263194,0.124815,0.572685
1044,0.225226,3.57356,1.08227,0,5.99222,15,0.967477,0.263194,0.124815,0.572685
38,0.323633,3.57309,1.03129,0,5.99222,15,0.967477,0.263194,0.124815,0.572685
38,0.323633,3.57309,1.03129,0,5.99222,15,0.967477,0.263194,0.124815,0.572685
664,0.410085,3.57275,0.941419,0,5.99222,15,0.967477,0.263194,0.124815,0.572685
664,0.410085,3.57275,0.941419,0,5.99222,15,0.967477,0.263194,0.124815,0.572685
235,0.479169,3.5728,0.82449,0,5.99222,15,0.967477,0.263194,0.124815,0.572685
235,0.479169,3.5728,0.82449,0,5.99222,15,0.967477,0.263194,0.124815,0.572685
1093,0.523441,3.57305,0.684222,0,5.99222,15,0.967477,0.263194,0.124815,0.572685
1093,0.523441,3.57305,0.684222,0,5.99222,15,0.967477,0.263194,0.124815,0.572685
60,0.549728,3.57385,0.526661,0,5.99222,15,0.967477,0.263194,0.124815,0.572685
1045,-0.359435,3.58824,0.705717,1,5.99222,15,0.967477,0.263194,0.124815,0.572685
59,-0.391411,3.58835,0.540342,1,5.99222,15,0.967477,0.263194,0.124815,0.572685
187,-0.28756,3.58823,0.84542,1,5.99222,15,0.967477,0.263194,0.124815,0.572685
1045,-0.359435,3.58824,0.705717,1,5.99222,15,0.967477,0.263194,0.124815,0.572685
616,-0.189304,3.5882,0.950049,1,5.99222,15,0.967477,0.263194,0.124815,0.572685
187,-0.28756,3.58823,0.84542,1,5.99222,15,0.967477,0.263194,0.124815,0.572685
16,-0.0799736,3.5881,1.01931,1,5.99222,15,0.967477,0.263194,0.124815,0.572685
616,-0.189304,3.5882,0.950049,1,5.99222,15,0.967477,0.263194,0.124815,0.572685
16,-0.0799736,3.5881,1.01931,1,5.99222,15,0.967477,0.263194,0.124815,0.572685
615,0.0272473,3.58798,1.04873,1,5.99222,15,0.967477,0.263194,0.124815,0.572685
615,0.0272473,3.58798,1.04873,1,5.99222,15,0.967477,0.263194,0.124815,0.572685
186,0.125109,3.5879,1.05696,1,5.99222,15,0.967477,0.263194,0.124815,0.572685
186,0.125109,3.5879,1.05696,1,5.99222,15,0.967477,0.263194,0.124815,0.572685
1044,0.223015,3.58799,1.04879,1,5.99222,15,0.967477,0.263194,0.124815,0.572685
1044,0.223015,3.58799,1.04879,1,5.99222,15,0.967477,0.263194,0.124815,0.572685
38,0.330217,3.58808,1.01923,1,5.99222,15,0.967477,0.263194,0.124815,0.572685
38,0.330217,3.58808,1.01923,1,5.99222,15,0.967477,0.263194,0.124815,0.572685
664,0.43948,3.58819,0.949974,1,5.99222,15,0.967477,0.263194,0.124815,0.572685
664,0.43948,3.58819,0.949974,1,5.99222,15,0.967477,0.263194,0.124815,0.572685
235,0.537728,3.58822,0.845368,1,5.99222,15,0.967477,0.263194,0.124815,0.572685
235,0.537728,3.58822,0.845368,1,5.99222,15,0.967477,0.263194,0.124815,0.572685
1093,0.60962,3.58824,0.705685,1,5.99222,15,0.967477,0.263194,0.124815,0.572685
1093,0.60962,3.58824,0.705685,1,5.99222,15,0.967477,0.263194,0.124815,0.572685
60,0.641722,3.58839,0.540359,1,5.99222,15,0.967477,0.263194,0.124815,0.572685
1045,-0.278858,3.60342,0.691546,0,6.49222,15,0.978856,0.263194,0.124799,0.584064
59,-0.30769,3.60407,0.531576,0,6.49222,15,0.978856,0.263194,0.124799,0.584064
187,-0.233246,3.60326,0.833264,0,6.49222,15,0.978856,0.263194,0.124799,0.584064
1045,-0.278858,3.60342,0.691546,0,6.49222,15,0.978856,0.263194,0.124799,0.584064
616,-0.162742,3.60328,0.951101,0,6.49222,15,0.978856,0.263194,0.124799,0.584064
187,-0.233246,3.60326,0.833264,0,6.49222,15,0.978856,0.263194,0.124799,0.584064
16,-0.0748512,3.60354,1.04138,0,6.49222,15,0.978856,0.263194,0.124799,0.584064
616,-0.162742,3.60328,0.951101,0,6.49222,15,0.978856,0.263194,0.124799,0.584064
16,-0.0748512,3.60354,1.04138,0,6.49222,15,0.978856,0.263194,0.124799,0.584064
615,0.0245376,3.6039,1.09277,0,6.49222,15,0.978856,0.263194,0.124799,0.584064
615,0.0245376,3.6039,1.09277,0,6.49222,15,0.978856,0.263194,0.124799,0.584064
186,0.125025,3.6041,1.11015,0,6.49222,15,0.978856,0.263194,0.124799,0.584064
186,0.125025,3.6041,1.11015,0,6.49222,15,0.978856,0.263194,0.124799,0.584064
1044,0.225458,3.6039,1.09273,0,6.49222,15,0.978856,0.263194,0.124799,0.584064
1044,0.225458,3.6039,1.09273,0,6.49222,15,0.978856,0.263194,0.124799,0.584064
38,0.324797,3.60356,1.04137,0,6.49222,15,0.978856,0.263194,0.124799,0.584064
38,0.324797,3.60356,1.04137,0,6.49222,15,0.978856,0.263194,0.124799,0.584064
664,0.412631,3.60331,0.951139,0,6.49222,15,0.978856,0.263194,0.124799,0.584064
664,0.412631,3.60331,0.951139,0,6.49222,15,0.978856,0.263194,0.124799,0.584064
235,0.483165,3.60325,0.833308,0,6.49222,15,0.978856,0.263194,0.124799,0.584064
235,0.483165,3.60325,0.833308,0,6.49222,15,0.978856,0.263194,0.124799,0.584064
1093,0.528799,3.60336,0.691572,0,6.49222,15,0.978856,0.263194,0.124799,0.584064
1093,0.528799,3.60336,0.691572,0,6.49222,15,0.978856,0.263194,0.124799,0.584064
60,0.557636,3.60399,0.531654,0,6.49222,15,0.978856,0.263194,0.124799,0.584064
1045,-0.37081,3.61645,0.713812,1,6.49222,15,0.978856,0.263194,0.124799,0.584064
59,-0.404003,3.61645,0.544755,1,6.49222,15,0.978856,0.263194,0.124799,0.584064
187,-0.296661,3.61646,0.855739,1,6.49222,15,0.978856,0.263194,0.124799,0.584064
1045,-0.37081,3.61645,0.713812,1,6.49222,15,0.978856,0.263194,0.124799,0.584064
616,-0.195422,3.61645,0.961233,1,6.49222,15,0.978856,0.263194,0.124799,0.584064
187,-0.296661,3.61646,0.855739,1,6.49222,15,0.978856,0.263194,0.124799,0.584064
16,-0.0832875,3.61636,1.03019,1,6.49222,15,0.978856,0.263194,0.124799,0.584064
616,-0.195422,3.61645,0.961233,1,6.49222,15,0.978856,0.263194,0.124799,0.584064
16,-0.0832875,3.61636,1.03019,1,6.49222,15,0.978856,0.263194,0.124799,0.584064
615,0.0259839,3.61626,1.05929,1,6.49222,15,0.978856,0.263194,0.124799,0.584064
615,0.0259839,3.61626,1.05929,1,6.49222,15,0.978856,0.263194,0.124799,0.584064
186,0.124972,3.61619,1.06778,1,6.49222,15,0.978856,0.263194,0.124799,0.584064
186,0.124972,3.61619,1.06778,1,6.49222,15,0.978856,0.263194,0.124799,0.584064
1044,0.223981,3.61626,1.05934,1,6.49222,15,0.978856,0.263194,0.124799,0.584064
1044,0.223981,3.61626,1.05934,1,6.49222,15,0.978856,0.263194,0.124799,0.584064
38,0.333233,3.61635,1.03011,1,6.49222,15,0.978856,0.263194,0.124799,0.584064
38,0.333233,3.61635,1.03011,1,6.49222,15,0.978856,0.263194,0.124799,0.584064
664,0.445325,3.61644,0.961126,1,6.49222,15,0.978856,0.263194,0.124799,0.584064
664,0.445325,3.61644,0.961126,1,6.49222,15,0.978856,0.263194,0.124799,0.584064
235,0.546576,3.61643,0.855675,1,6.49222,15,0.978856,0.263194,0.124799,0.584064
235,0.546576,3.61643,0.855675,1,6.49222,15,0.978856,0.263194,0.124799,0.584064
1093,0.620724,3.61641,0.713785,1,6.49222,15,0.978856,0.263194,0.124799,0.584064
1093,0.620724,3.61641,0.713785,1,6.49222,15,0.978856,0.263194,0.124799,0.584064
60,0.653963,3.61654,0.544774,1,6.49222,15,0.978856,0.263194,0.124799,0.584064
1045,-0.284302,3.63423,0.698635,0,6.99222,15,0.990404,0.263194,0.12483,0.595612
59,-0.315677,3.63474,0.536552,0,6.99222,15,0.990404,0.263194,0.12483,0.595612
187,-0.237274,3.6341,0.841751,0,6.99222,15,0.990404,0.263194,0.12483,0.595612
1045,-0.284302,3.63423,0.698635,0,6.99222,15,0.990404,0.263194,0.12483,0.595612
616,-0.165338,3.63421,0.960663,0,6.99222,15,0.990404,0.263194,0.12483,0.595612
187,-0.237274,3.6341,0.841751,0,6.99222,15,0.990404,0.263194,0.12483,0.595612
16,-0.0761251,3.63447,1.05147,0,6.99222,15,0.990404,0.263194,0.12483,0.595612
616,-0.165338,3.63421,0.960663,0,6.99222,15,0.990404,0.263194,0.12483,0.595612
16,-0.0761251,3.63447,1.05147,0,6.99222,15,0.990404,0.263194,0.12483,0.595612
615,0.0241951,3.63473,1.10334,0,6.99222,15,0.990404,0.263194,0.12483,0.595612
615,0.0241951,3.63473,1.10334,0,6.99222,15,0.990404,0.263194,0.12483,0.595612
186,0.125009,3.63492,1.1211,0,6.99222,15,0.990404,0.263194,0.12483,0.595612
186,0.125009,3.63492,1.1211,0,6.99222,15,0.990404,0.263194,0.12483,0.595612
1044,0.225814,3.63473,1.1033,0,6.99222,15,0.990404,0.263194,0.12483,0.595612
1044,0.225814,3.63473,1.1033,0,6.99222,15,0.990404,0.263194,0.12483,0.595612
38,0.326131,3.63449,1.05153,0,6.99222,15,0.990404,0.263194,0.12483,0.595612
38,0.326131,3.63449,1.05153,0,6.99222,15,0.990404,0.263194,0.12483,0.595612
664,0.415338,3.63422,0.960643,0,6.99222,15,0.990404,0.263194,0.12483,0.595612
664,0.415338,3.63422,0.960643,0,6.99222,15,0.990404,0.263194,0.12483,0.595612
235,0.487336,3.63409,0.841727,0,6.99222,15,0.990404,0.263194,0.12483,0.595612
235,0.487336,3.63409,0.841727,0,6.99222,15,0.990404,0.263194,0.12483,0.595612
1093,0.534298,3.63412,0.698625,0,6.99222,15,0.990404,0.263194,0.12483,0.595612
1093,0.534298,3.63412,0.698625,0,6.99222,15,0.990404,0.263194,0.12483,0.595612
60,0.565659,3.63486,0.536591,0,6.99222,15,0.990404,0.263194,0.12483,0.595612
1045,-0.38757,3.64379,0.721967,1,6.99222,15,0.990404,0.263194,0.12483,0.595612
59,-0.421046,3.64375,0.548942,1,6.99222,15,0.990404,0.263194,0.12483,0.595612
187,-0.311335,3.64392,0.866729,1,6.99222,15,0.990404,0.263194,0.12483,0.595612
1045,-0.38757,3.64379,0.721967,1,6.99222,15,0.990404,0.263194,0.12483,0.595612
616,-0.206466,3.64399,0.97359,1,6.99222,15,0.990404,0.263194,0.12483,0.595612
187,-0.311335,3.64392,0.866729,1,6.99222,15,0.990404,0.263194,0.12483,0.595612
16,-0.0898123,3.64396,1.04197,1,6.99222,15,0.990404,0.263194,0.12483,0.595612
616,-0.206466,3.64399,0.97359,1,6.99222,15,0.990404,0.263194,0.12483,0.595612
16,-0.0898123,3.64396,1.04197,1,6.99222,15,0.990404,0.263194,0.12483,0.595612
615,0.0237114,3.6439,1.06883,1,6.99222,15,0.990404,0.263194,0.12483,0.595612
615,0.0237114,3.6439,1.06883,1,6.99222,15,0.990404,0.263194,0.12483,0.595612
186,0.124957,3.64384,1.07599,1,6.99222,15,0.990404,0.263194,0.12483,0.595612
186,0.124957,3.64384,1.07599,1,6.99222,15,0.990404,0.263194,0.12483,0.595612
1044,0.22627,3.6439,1.06909,1,6.99222,15,0.990404,0.263194,0.12483,0.595612
1044,0.22627,3.6439,1.06909,1,6.99222,15,0.990404,0.263194,0.12483,0.595612
38,0.339826,3.64396,1.04221,1,6.99222,15,0.990404,0.263194,0.12483,0.595612
38,0.339826,3.64396,1.04221,1,6.99222,15,0.990404,0.263194,0.12483,0.595612
664,0.456412,3.64399,0.973715,1,6.99222,15,0.990404,0.263194,0.12483,0.595612
664,0.456412,3.64399,0.973715,1,6.99222,15,0.990404,0.263194,0.12483,0.595612
235,0.561177,3.6439,0.866777,1,6.99222,15,0.990404,0.263194,0.12483,0.595612
235,0.561177,3.6439,0.866777,1,6.99222,15,0.990404,0.263194,0.12483,0.595612
1093,0.63726,3.64379,0.722021,1,6.99222,15,0.990404,0.263194,0.12483,0.595612
1093,0.63726,3.64379,0.722021,1,6.99222,15,0.990404,0.263194,0.12483,0.595612
60,0.670781,3.64388,0.549091,1,6.99222,15,0.990404,0.263194,0.12483,0.595612
1045,-0.289069,3.66255,0.705389,0,7.49222,15,1.00188,0.263194,0.124848,0.607089
59,-0.322392,3.66295,0.541067,0,7.49222,15,1.00188,0.263194,0.124848,0.607089
187,-0.241172,3.66254,0.84995,0,7.49222,15,1.00188,0.263194,0.124848,0.607089
1045,-0.289069,3.66255,0.705389,0,7.49222,15,1.00188,0.263194,0.124848,0.607089
616,-0.168149,3.66275,0.970072,0,7.49222,15,1.00188,0.263194,0.124848,0.607089
187,-0.241172,3.66254,0.84995,0,7.49222,15,1.00188,0.263194,0.124848,0.607089
16,-0.0777614,3.66314,1.06164,0,7.49222,15,1.00188,0.263194,0.124848,0.607089
616,-0.168149,3.66275,0.970072,0,7.49222,15,1.00188,0.263194,0.124848,0.607089
16,-0.0777614,3.66314,1.06164,0,7.49222,15,1.00188,0.263194,0.124848,0.607089
615,0.0236787,3.66352,1.11367,0,7.49222,15,1.00188,0.263194,0.124848,0.607089
615,0.0236787,3.66352,1.11367,0,7.49222,15,1.00188,0.263194,0.124848,0.607089
186,0.125023,3.66377,1.13176,0,7.49222,15,1.00188,0.263194,0.124848,0.607089
186,0.125023,3.66377,1.13176,0,7.49222,15,1.00188,0.263194,0.124848,0.607089
1044,0.226377,3.66354,1.11365,0,7.49222,15,1.00188,0.263194,0.124848,0.607089
1044,0.226377,3.66354,1.11365,0,7.49222,15,1.00188,0.263194,0.124848,0.607089
38,0.327817,3.66317,1.06166,0,7.49222,15,1.00188,0.263194,0.124848,0.607089
38,0.327817,3.66317,1.06166,0,7.49222,15,1.00188,0.263194,0.124848,0.607089
664,0.418208,3.66277,0.970095,0,7.49222,15,1.00188,0.263194,0.124848,0.607089
664,0.418208,3.66277,0.970095,0,7.49222,15,1.00188,0.263194,0.124848,0.607089
235,0.491215,3.66253,0.849966,0,7.49222,15,1.00188,0.263194,0.124848,0.607089
235,0.491215,3.66253,0.849966,0,7.49222,15,1.00188,0.263194,0.124848,0.607089
1093,0.539128,3.66245,0.705434,0,7.49222,15,1.00188,0.263194,0.124848,0.607089
1093,0.539128,3.66245,0.705434,0,7.49222,15,1.00188,0.263194,0.124848,0.607089
60,0.572448,3.66306,0.541179,0,7.49222,15,1.00188,0.263194,0.124848,0.607089
1045,-0.397541,3.66989,0.728967,1,7.49222,15,1.00188,0.263194,0.124848,0.607089
59,-0.432244,3.66972,0.552702,1,7.49222,15,1.00188,0.263194,0.124848,0.607089
187,-0.319427,3.67016,0.875841,1,7.49222,15,1.00188,0.263194,0.124848,0.607089
1045,-0.397541,3.66989,0.728967,1,7.49222,15,1.00188,0.263194,0.124848,0.607089
616,-0.212091,3.67034,0.983773,1,7.49222,15,1.00188,0.263194,0.124848,0.607089
187,-0.319427,3.67016,0.875841,1,7.49222,15,1.00188,0.263194,0.124848,0.607089
16,-0.0930661,3.6704,1.05239,1,7.49222,15,1.00188,0.263194,0.124848,0.607089
616,-0.212091,3.67034,0.983773,1,7.49222,15,1.00188,0.263194,0.124848,0.607089
16,-0.0930661,3.6704,1.05239,1,7.49222,15,1.00188,0.263194,0.124848,0.607089
615,0.022437,3.67036,1.07939,1,7.49222,15,1.00188,0.263194,0.124848,0.607089
615,0.022437,3.67036,1.07939,1,7.49222,15,1.00188,0.263194,0.124848,0.607089
186,0.12505,3.67031,1.08691,1,7.49222,15,1.00188,0.263194,0.124848,0.607089
186,0.12505,3.67031,1.08691,1,7.49222,15,1.00188,0.263194,0.124848,0.607089
1044,0.227743,3.67036,1.07966,1,7.49222,15,1.00188,0.263194,0.124848,0.607089
1044,0.227743,3.67036,1.07966,1,7.49222,15,1.00188,0.263194,0.124848,0.607089
38,0.343289,3.67038,1.05269,1,7.49222,15,1.00188,0.263194,0.124848,0.607089
38,0.343289,3.67038,1.05269,1,7.49222,15,1.00188,0.263194,0.124848,0.607089
664,0.462269,3.67034,0.984003,1,7.49222,15,1.00188,0.263194,0.124848,0.607089
664,0.462269,3.67034,0.984003,1,7.49222,15,1.00188,0.263194,0.124848,0.607089
235,0.569475,3.67015,0.875986,1,7.49222,15,1.00188,0.263194,0.124848,0.607089
235,0.569475,3.67015,0.875986,1,7.49222,15,1.00188,0.263194,0.124848,0.607089
1093,0.64743,3.6699,0.729094,1,7.49222,15,1.00188,0.263194,0.124848,0.607089
1093,0.64743,3.6699,0.729094,1,7.49222,15,1.00188,0.263194,0.124848,0.607089
60,0.682107,3.66994,0.552899,1,7.49222,15,1.00188,0.263194,0.124848,0.607089
