id,x,y,z,ablated,v,bulkheadyoungs,nickdepth,nickw,nickc,bbmin
1045,-0.251064,3.43052,0.639087,0,3.49222,7,0.608273,0.0694444,0.12484,0.504106
59,-0.271261,3.43094,0.496722,0,3.49222,7,0.608273,0.0694444,0.12484,0.504106
187,-0.210552,3.43014,0.770943,0,3.49222,7,0.608273,0.0694444,0.12484,0.504106
1045,-0.251064,3.43052,0.639087,0,3.49222,7,0.608273,0.0694444,0.12484,0.504106
616,-0.147411,3.42983,0.882755,0,3.49222,7,0.608273,0.0694444,0.12484,0.504106
187,-0.210552,3.43014,0.770943,0,3.49222,7,0.608273,0.0694444,0.12484,0.504106
16,-0.0679654,3.42953,0.971481,0,3.49222,7,0.608273,0.0694444,0.12484,0.504106
616,-0.147411,3.42983,0.882755,0,3.49222,7,0.608273,0.0694444,0.12484,0.504106
16,-0.0679654,3.42953,0.971481,0,3.49222,7,0.608273,0.0694444,0.12484,0.504106
615,0.0257083,3.4293,1.02268,0,3.49222,7,0.608273,0.0694444,0.12484,0.504106
615,0.0257083,3.4293,1.02268,0,3.49222,7,0.608273,0.0694444,0.12484,0.504106
186,0.125033,3.4293,1.03912,0,3.49222,7,0.608273,0.0694444,0.12484,0.504106
186,0.125033,3.4293,1.03912,0,3.49222,7,0.608273,0.0694444,0.12484,0.504106
1044,0.22433,3.42929,1.02265,0,3.49222,7,0.608273,0.0694444,0.12484,0.504106
1044,0.22433,3.42929,1.02265,0,3.49222,7,0.608273,0.0694444,0.12484,0.504106
38,0.318006,3.42954,0.971534,0,3.49222,7,0.608273,0.0694444,0.12484,0.504106
38,0.318006,3.42954,0.971534,0,3.49222,7,0.608273,0.0694444,0.12484,0.504106
664,0.397428,3.42983,0.882839,0,3.49222,7,0.608273,0.0694444,0.12484,0.504106
664,0.397428,3.42983,0.882839,0,3.49222,7,0.608273,0.0694444,0.12484,0.504106
235,0.460495,3.4301,0.771023,0,3.49222,7,0.608273,0.0694444,0.12484,0.504106
235,0.460495,3.4301,0.771023,0,3.49222,7,0.608273,0.0694444,0.12484,0.504106
1093,0.501055,3.43051,0.639156,0,3.49222,7,0.608273,0.0694444,0.12484,0.504106
1093,0.501055,3.43051,0.639156,0,3.49222,7,0.608273,0.0694444,0.12484,0.504106
60,0.521249,3.43096,0.496751,0,3.49222,7,0.608273,0.0694444,0.12484,0.504106
1045,-0.253207,3.43459,0.640645,1,3.49222,7,0.608273,0.0694444,0.12484,0.504106
59,-0.274383,3.43482,0.498473,1,3.49222,7,0.608273,0.0694444,0.12484,0.504106
187,-0.211427,3.43429,0.771982,1,3.49222,7,0.608273,0.0694444,0.12484,0.504106
1045,-0.253207,3.43459,0.640645,1,3.49222,7,0.608273,0.0694444,0.12484,0.504106
616,-0.147447,3.43399,0.88278,1,3.49222,7,0.608273,0.0694444,0.12484,0.504106
187,-0.211427,3.43429,0.771982,1,3.49222,7,0.608273,0.0694444,0.12484,0.504106
16,-0.0675849,3.4337,0.970439,1,3.49222,7,0.608273,0.0694444,0.12484,0.504106
616,-0.147447,3.43399,0.88278,1,3.49222,7,0.608273,0.0694444,0.12484,0.504106
16,-0.0675849,3.4337,0.970439,1,3.49222,7,0.608273,0.0694444,0.12484,0.504106
615,0.0260492,3.43351,1.02073,1,3.49222,7,0.608273,0.0694444,0.12484,0.504106
615,0.0260492,3.43351,1.02073,1,3.49222,7,0.608273,0.0694444,0.12484,0.504106
186,0.125009,3.43344,1.03697,1,3.49222,7,0.608273,0.0694444,0.12484,0.504106
186,0.125009,3.43344,1.03697,1,3.49222,7,0.608273,0.0694444,0.12484,0.504106
1044,0.223972,3.4335,1.02074,1,3.49222,7,0.608273,0.0694444,0.12484,0.504106
1044,0.223972,3.4335,1.02074,1,3.49222,7,0.608273,0.0694444,0.12484,0.504106
38,0.317606,3.4337,0.970439,1,3.49222,7,0.608273,0.0694444,0.12484,0.504106
38,0.317606,3.4337,0.970439,1,3.49222,7,0.608273,0.0694444,0.12484,0.504106
664,0.39747,3.43399,0.882779,1,3.49222,7,0.608273,0.0694444,0.12484,0.504106
664,0.39747,3.43399,0.882779,1,3.49222,7,0.608273,0.0694444,0.12484,0.504106
235,0.461444,3.43429,0.771986,1,3.49222,7,0.608273,0.0694444,0.12484,0.504106
235,0.461444,3.43429,0.771986,1,3.49222,7,0.608273,0.0694444,0.12484,0.504106
1093,0.503226,3.43459,0.640666,1,3.49222,7,0.608273,0.0694444,0.12484,0.504106
1093,0.503226,3.43459,0.640666,1,3.49222,7,0.608273,0.0694444,0.12484,0.504106
60,0.524393,3.43483,0.498509,1,3.49222,7,0.608273,0.0694444,0.12484,0.504106
1045,-0.259375,3.44799,0.647379,0,3.99222,7,0.624651,0.0694444,0.124844,0.520485
59,-0.280762,3.44821,0.499892,0,3.99222,7,0.624651,0.0694444,0.124844,0.520485
187,-0.217831,3.44799,0.78218,0,3.99222,7,0.624651,0.0694444,0.124844,0.520485
1045,-0.259375,3.44799,0.647379,0,3.99222,7,0.624651,0.0694444,0.124844,0.520485
616,-0.152348,3.44805,0.895478,0,3.99222,7,0.624651,0.0694444,0.124844,0.520485
187,-0.217831,3.44799,0.78218,0,3.99222,7,0.624651,0.0694444,0.124844,0.520485
16,-0.0697252,3.44832,0.983662,0,3.99222,7,0.624651,0.0694444,0.124844,0.520485
616,-0.152348,3.44805,0.895478,0,3.99222,7,0.624651,0.0694444,0.124844,0.520485
16,-0.0697252,3.44832,0.983662,0,3.99222,7,0.624651,0.0694444,0.124844,0.520485
615,0.0256222,3.44847,1.03374,0,3.99222,7,0.624651,0.0694444,0.124844,0.520485
615,0.0256222,3.44847,1.03374,0,3.99222,7,0.624651,0.0694444,0.124844,0.520485
186,0.125029,3.44868,1.04967,0,3.99222,7,0.624651,0.0694444,0.124844,0.520485
186,0.125029,3.44868,1.04967,0,3.99222,7,0.624651,0.0694444,0.124844,0.520485
1044,0.224383,3.44846,1.03369,0,3.99222,7,0.624651,0.0694444,0.124844,0.520485
1044,0.224383,3.44846,1.03369,0,3.99222,7,0.624651,0.0694444,0.124844,0.520485
38,0.319715,3.44828,0.983678,0,3.99222,7,0.624651,0.0694444,0.124844,0.520485
38,0.319715,3.44828,0.983678,0,3.99222,7,0.624651,0.0694444,0.124844,0.520485
664,0.402371,3.4481,0.895439,0,3.99222,7,0.624651,0.0694444,0.124844,0.520485
664,0.402371,3.4481,0.895439,0,3.99222,7,0.624651,0.0694444,0.124844,0.520485
235,0.467849,3.448,0.782247,0,3.99222,7,0.624651,0.0694444,0.124844,0.520485
235,0.467849,3.448,0.782247,0,3.99222,7,0.624651,0.0694444,0.124844,0.520485
1093,0.509362,3.44801,0.64739,0,3.99222,7,0.624651,0.0694444,0.124844,0.520485
1093,0.509362,3.44801,0.64739,0,3.99222,7,0.624651,0.0694444,0.124844,0.520485
60,0.530836,3.44826,0.499998,0,3.99222,7,0.624651,0.0694444,0.124844,0.520485
1045,-0.262964,3.4617,0.651677,1,3.99222,7,0.624651,0.0694444,0.124844,0.520485
59,-0.286263,3.46185,0.504393,1,3.99222,7,0.624651,0.0694444,0.124844,0.520485
187,-0.21848,3.46145,0.78526,1,3.99222,7,0.624651,0.0694444,0.124844,0.520485
1045,-0.262964,3.4617,0.651677,1,3.99222,7,0.624651,0.0694444,0.124844,0.520485
616,-0.151668,3.46118,0.896898,1,3.99222,7,0.624651,0.0694444,0.124844,0.520485
187,-0.21848,3.46145,0.78526,1,3.99222,7,0.624651,0.0694444,0.124844,0.520485
16,-0.0690229,3.46089,0.984144,1,3.99222,7,0.624651,0.0694444,0.124844,0.520485
616,-0.151668,3.46118,0.896898,1,3.99222,7,0.624651,0.0694444,0.124844,0.520485
16,-0.0690229,3.46089,0.984144,1,3.99222,7,0.624651,0.0694444,0.124844,0.520485
615,0.0260262,3.46069,1.03391,1,3.99222,7,0.624651,0.0694444,0.124844,0.520485
615,0.0260262,3.46069,1.03391,1,3.99222,7,0.624651,0.0694444,0.124844,0.520485
186,0.125021,3.46062,1.04995,1,3.99222,7,0.624651,0.0694444,0.124844,0.520485
186,0.125021,3.46062,1.04995,1,3.99222,7,0.624651,0.0694444,0.124844,0.520485
1044,0.224009,3.46069,1.0339,1,3.99222,7,0.624651,0.0694444,0.124844,0.520485
1044,0.224009,3.46069,1.0339,1,3.99222,7,0.624651,0.0694444,0.124844,0.520485
38,0.319053,3.46089,0.984131,1,3.99222,7,0.624651,0.0694444,0.124844,0.520485
38,0.319053,3.46089,0.984131,1,3.99222,7,0.624651,0.0694444,0.124844,0.520485
664,0.401693,3.46117,0.896886,1,3.99222,7,0.624651,0.0694444,0.124844,0.520485
664,0.401693,3.46117,0.896886,1,3.99222,7,0.624651,0.0694444,0.124844,0.520485
235,0.468507,3.46144,0.785261,1,3.99222,7,0.624651,0.0694444,0.124844,0.520485
235,0.468507,3.46144,0.785261,1,3.99222,7,0.624651,0.0694444,0.124844,0.520485
1093,0.512972,3.4617,0.651682,1,3.99222,7,0.624651,0.0694444,0.124844,0.520485
1093,0.512972,3.4617,0.651682,1,3.99222,7,0.624651,0.0694444,0.124844,0.520485
60,0.536277,3.46186,0.504431,1,3.99222,7,0.624651,0.0694444,0.124844,0.520485
1045,-0.267916,3.47971,0.658491,0,4.49222,7,0.644187,0.0694444,0.124842,0.54002
59,-0.29107,3.48028,0.50617,0,4.49222,7,0.644187,0.0694444,0.124842,0.54002
187,-0.224681,3.47953,0.796096,0,4.49222,7,0.644187,0.0694444,0.124842,0.54002
1045,-0.267916,3.47971,0.658491,0,4.49222,7,0.644187,0.0694444,0.124842,0.54002
616,-0.157183,3.47965,0.911072,0,4.49222,7,0.644187,0.0694444,0.124842,0.54002
187,-0.224681,3.47953,0.796096,0,4.49222,7,0.644187,0.0694444,0.124842,0.54002
16,-0.0722076,3.47997,0.999717,0,4.49222,7,0.644187,0.0694444,0.124842,0.54002
616,-0.157183,3.47965,0.911072,0,4.49222,7,0.644187,0.0694444,0.124842,0.54002
16,-0.0722076,3.47997,0.999717,0,4.49222,7,0.644187,0.0694444,0.124842,0.54002
615,0.0250714,3.48026,1.04977,0,4.49222,7,0.644187,0.0694444,0.124842,0.54002
615,0.0250714,3.48026,1.04977,0,4.49222,7,0.644187,0.0694444,0.124842,0.54002
186,0.124979,3.48044,1.06597,0,4.49222,7,0.644187,0.0694444,0.124842,0.54002
186,0.124979,3.48044,1.06597,0,4.49222,7,0.644187,0.0694444,0.124842,0.54002
1044,0.224958,3.48025,1.04974,0,4.49222,7,0.644187,0.0694444,0.124842,0.54002
1044,0.224958,3.48025,1.04974,0,4.49222,7,0.644187,0.0694444,0.124842,0.54002
38,0.322206,3.47997,0.999755,0,4.49222,7,0.644187,0.0694444,0.124842,0.54002
38,0.322206,3.47997,0.999755,0,4.49222,7,0.644187,0.0694444,0.124842,0.54002
664,0.407176,3.47962,0.910986,0,4.49222,7,0.644187,0.0694444,0.124842,0.54002
664,0.407176,3.47962,0.910986,0,4.49222,7,0.644187,0.0694444,0.124842,0.54002
235,0.474806,3.47955,0.79604,0,4.49222,7,0.644187,0.0694444,0.124842,0.54002
235,0.474806,3.47955,0.79604,0,4.49222,7,0.644187,0.0694444,0.124842,0.54002
1093,0.517928,3.47971,0.658438,0,4.49222,7,0.644187,0.0694444,0.124842,0.54002
1093,0.517928,3.47971,0.658438,0,4.49222,7,0.644187,0.0694444,0.124842,0.54002
60,0.541088,3.48029,0.506095,0,4.49222,7,0.644187,0.0694444,0.124842,0.54002
1045,-0.272675,3.49265,0.661827,1,4.49222,7,0.644187,0.0694444,0.124842,0.54002
59,-0.298448,3.49285,0.509838,1,4.49222,7,0.644187,0.0694444,0.124842,0.54002
187,-0.225822,3.49241,0.79786,1,4.49222,7,0.644187,0.0694444,0.124842,0.54002
1045,-0.272675,3.49265,0.661827,1,4.49222,7,0.644187,0.0694444,0.124842,0.54002
616,-0.156331,3.49214,0.910732,1,4.49222,7,0.644187,0.0694444,0.124842,0.54002
187,-0.225822,3.49241,0.79786,1,4.49222,7,0.644187,0.0694444,0.124842,0.54002
16,-0.0710145,3.49187,0.998058,1,4.49222,7,0.644187,0.0694444,0.124842,0.54002
616,-0.156331,3.49214,0.910732,1,4.49222,7,0.644187,0.0694444,0.124842,0.54002
16,-0.0710145,3.49187,0.998058,1,4.49222,7,0.644187,0.0694444,0.124842,0.54002
615,0.0257149,3.49169,1.04772,1,4.49222,7,0.644187,0.0694444,0.124842,0.54002
615,0.0257149,3.49169,1.04772,1,4.49222,7,0.644187,0.0694444,0.124842,0.54002
186,0.125014,3.49162,1.06384,1,4.49222,7,0.644187,0.0694444,0.124842,0.54002
186,0.125014,3.49162,1.06384,1,4.49222,7,0.644187,0.0694444,0.124842,0.54002
1044,0.224313,3.49169,1.04772,1,4.49222,7,0.644187,0.0694444,0.124842,0.54002
1044,0.224313,3.49169,1.04772,1,4.49222,7,0.644187,0.0694444,0.124842,0.54002
38,0.321042,3.49187,0.99805,1,4.49222,7,0.644187,0.0694444,0.124842,0.54002
38,0.321042,3.49187,0.99805,1,4.49222,7,0.644187,0.0694444,0.124842,0.54002
664,0.40636,3.49213,0.910729,1,4.49222,7,0.644187,0.0694444,0.124842,0.54002
664,0.40636,3.49213,0.910729,1,4.49222,7,0.644187,0.0694444,0.124842,0.54002
235,0.475851,3.4924,0.797861,1,4.49222,7,0.644187,0.0694444,0.124842,0.54002
235,0.475851,3.4924,0.797861,1,4.49222,7,0.644187,0.0694444,0.124842,0.54002
1093,0.522689,3.49265,0.661833,1,4.49222,7,0.644187,0.0694444,0.124842,0.54002
1093,0.522689,3.49265,0.661833,1,4.49222,7,0.644187,0.0694444,0.124842,0.54002
60,0.548464,3.49284,0.50988,1,4.49222,7,0.644187,0.0694444,0.124842,0.54002
1045,-0.27694,3.51196,0.66764,0,4.99222,7,0.660848,0.0694444,0.124838,0.556682
59,-0.303422,3.51251,0.511479,0,4.99222,7,0.660848,0.0694444,0.124838,0.556682
187,-0.231729,3.51175,0.80755,0,4.99222,7,0.660848,0.0694444,0.124838,0.556682
1045,-0.27694,3.51196,0.66764,0,4.99222,7,0.660848,0.0694444,0.124838,0.556682
616,-0.161727,3.51183,0.923903,0,4.99222,7,0.660848,0.0694444,0.124838,0.556682
187,-0.231729,3.51175,0.80755,0,4.99222,7,0.660848,0.0694444,0.124838,0.556682
16,-0.0742149,3.51205,1.01298,0,4.99222,7,0.660848,0.0694444,0.124838,0.556682
616,-0.161727,3.51183,0.923903,0,4.99222,7,0.660848,0.0694444,0.124838,0.556682
16,-0.0742149,3.51205,1.01298,0,4.99222,7,0.660848,0.0694444,0.124838,0.556682
615,0.0246417,3.51231,1.06345,0,4.99222,7,0.660848,0.0694444,0.124838,0.556682
615,0.0246417,3.51231,1.06345,0,4.99222,7,0.660848,0.0694444,0.124838,0.556682
186,0.124995,3.51247,1.07993,0,4.99222,7,0.660848,0.0694444,0.124838,0.556682
186,0.124995,3.51247,1.07993,0,4.99222,7,0.660848,0.0694444,0.124838,0.556682
1044,0.225344,3.51229,1.06351,0,4.99222,7,0.660848,0.0694444,0.124838,0.556682
1044,0.225344,3.51229,1.06351,0,4.99222,7,0.660848,0.0694444,0.124838,0.556682
38,0.324245,3.51205,1.01301,0,4.99222,7,0.660848,0.0694444,0.124838,0.556682
38,0.324245,3.51205,1.01301,0,4.99222,7,0.660848,0.0694444,0.124838,0.556682
664,0.41178,3.51182,0.923895,0,4.99222,7,0.660848,0.0694444,0.124838,0.556682
664,0.41178,3.51182,0.923895,0,4.99222,7,0.660848,0.0694444,0.124838,0.556682
235,0.481785,3.51177,0.807558,0,4.99222,7,0.660848,0.0694444,0.124838,0.556682
235,0.481785,3.51177,0.807558,0,4.99222,7,0.660848,0.0694444,0.124838,0.556682
1093,0.526976,3.51194,0.667674,0,4.99222,7,0.660848,0.0694444,0.124838,0.556682
1093,0.526976,3.51194,0.667674,0,4.99222,7,0.660848,0.0694444,0.124838,0.556682
60,0.553454,3.51243,0.511576,0,4.99222,7,0.660848,0.0694444,0.124838,0.556682
1045,-0.282094,3.52385,0.670799,1,4.99222,7,0.660848,0.0694444,0.124838,0.556682
59,-0.310484,3.52391,0.514555,1,4.99222,7,0.660848,0.0694444,0.124838,0.556682
187,-0.233053,3.52371,0.809203,1,4.99222,7,0.660848,0.0694444,0.124838,0.556682
1045,-0.282094,3.52385,0.670799,1,4.99222,7,0.660848,0.0694444,0.124838,0.556682
616,-0.161132,3.52353,0.92347,1,4.99222,7,0.660848,0.0694444,0.124838,0.556682
187,-0.233053,3.52371,0.809203,1,4.99222,7,0.660848,0.0694444,0.124838,0.556682
16,-0.0732787,3.52332,1.01114,1,4.99222,7,0.660848,0.0694444,0.124838,0.556682
616,-0.161132,3.52353,0.92347,1,4.99222,7,0.660848,0.0694444,0.124838,0.556682
16,-0.0732787,3.52332,1.01114,1,4.99222,7,0.660848,0.0694444,0.124838,0.556682
615,0.0252424,3.52316,1.06095,1,4.99222,7,0.660848,0.0694444,0.124838,0.556682
615,0.0252424,3.52316,1.06095,1,4.99222,7,0.660848,0.0694444,0.124838,0.556682
186,0.125016,3.5231,1.07731,1,4.99222,7,0.660848,0.0694444,0.124838,0.556682
186,0.125016,3.5231,1.07731,1,4.99222,7,0.660848,0.0694444,0.124838,0.556682
1044,0.224792,3.52316,1.06096,1,4.99222,7,0.660848,0.0694444,0.124838,0.556682
1044,0.224792,3.52316,1.06096,1,4.99222,7,0.660848,0.0694444,0.124838,0.556682
38,0.32332,3.52331,1.01116,1,4.99222,7,0.660848,0.0694444,0.124838,0.556682
38,0.32332,3.52331,1.01116,1,4.99222,7,0.660848,0.0694444,0.124838,0.556682
664,0.41118,3.52352,0.923489,1,4.99222,7,0.660848,0.0694444,0.124838,0.556682
664,0.41118,3.52352,0.923489,1,4.99222,7,0.660848,0.0694444,0.124838,0.556682
235,0.483097,3.52373,0.80921,1,4.99222,7,0.660848,0.0694444,0.124838,0.556682
235,0.483097,3.52373,0.80921,1,4.99222,7,0.660848,0.0694444,0.124838,0.556682
1093,0.532116,3.52389,0.670812,1,4.99222,7,0.660848,0.0694444,0.124838,0.556682
1093,0.532116,3.52389,0.670812,1,4.99222,7,0.660848,0.0694444,0.124838,0.556682
60,0.560512,3.52398,0.514611,1,4.99222,7,0.660848,0.0694444,0.124838,0.556682
1045,-0.285624,3.54353,0.675929,0,5.49222,7,0.67587,0.0694444,0.124835,0.571704
59,-0.31499,3.54408,0.516255,0,5.49222,7,0.67587,0.0694444,0.124835,0.571704
187,-0.238425,3.54351,0.817988,0,5.49222,7,0.67587,0.0694444,0.124835,0.571704
1045,-0.285624,3.54353,0.675929,0,5.49222,7,0.67587,0.0694444,0.124835,0.571704
616,-0.166253,3.54363,0.935742,0,5.49222,7,0.67587,0.0694444,0.124835,0.571704
187,-0.238425,3.54351,0.817988,0,5.49222,7,0.67587,0.0694444,0.124835,0.571704
16,-0.0765761,3.54391,1.02553,0,5.49222,7,0.67587,0.0694444,0.124835,0.571704
616,-0.166253,3.54363,0.935742,0,5.49222,7,0.67587,0.0694444,0.124835,0.571704
16,-0.0765761,3.54391,1.02553,0,5.49222,7,0.67587,0.0694444,0.124835,0.571704
615,0.0240976,3.54419,1.07633,0,5.49222,7,0.67587,0.0694444,0.124835,0.571704
615,0.0240976,3.54419,1.07633,0,5.49222,7,0.67587,0.0694444,0.124835,0.571704
186,0.125012,3.54436,1.09303,0,5.49222,7,0.67587,0.0694444,0.124835,0.571704
186,0.125012,3.54436,1.09303,0,5.49222,7,0.67587,0.0694444,0.124835,0.571704
1044,0.225924,3.54419,1.07634,0,5.49222,7,0.67587,0.0694444,0.124835,0.571704
1044,0.225924,3.54419,1.07634,0,5.49222,7,0.67587,0.0694444,0.124835,0.571704
38,0.326592,3.54393,1.02555,0,5.49222,7,0.67587,0.0694444,0.124835,0.571704
38,0.326592,3.54393,1.02555,0,5.49222,7,0.67587,0.0694444,0.124835,0.571704
664,0.416267,3.54365,0.935755,0,5.49222,7,0.67587,0.0694444,0.124835,0.571704
664,0.416267,3.54365,0.935755,0,5.49222,7,0.67587,0.0694444,0.124835,0.571704
235,0.488463,3.5435,0.817995,0,5.49222,7,0.67587,0.0694444,0.124835,0.571704
235,0.488463,3.5435,0.817995,0,5.49222,7,0.67587,0.0694444,0.124835,0.571704
1093,0.535625,3.54352,0.675947,0,5.49222,7,0.67587,0.0694444,0.124835,0.571704
1093,0.535625,3.54352,0.675947,0,5.49222,7,0.67587,0.0694444,0.124835,0.571704
60,0.565062,3.54411,0.516359,0,5.49222,7,0.67587,0.0694444,0.124835,0.571704
1045,-0.291193,3.55401,0.678929,1,5.49222,7,0.67587,0.0694444,0.124835,0.571704
59,-0.322244,3.55396,0.518797,1,5.49222,7,0.67587,0.0694444,0.124835,0.571704
187,-0.240053,3.55405,0.819594,1,5.49222,7,0.67587,0.0694444,0.124835,0.571704
1045,-0.291193,3.55401,0.678929,1,5.49222,7,0.67587,0.0694444,0.124835,0.571704
616,-0.165831,3.55406,0.935283,1,5.49222,7,0.67587,0.0694444,0.124835,0.571704
187,-0.240053,3.55405,0.819594,1,5.49222,7,0.67587,0.0694444,0.124835,0.571704
16,-0.0756142,3.55401,1.02345,1,5.49222,7,0.67587,0.0694444,0.124835,0.571704
616,-0.165831,3.55406,0.935283,1,5.49222,7,0.67587,0.0694444,0.124835,0.571704
16,-0.0756142,3.55401,1.02345,1,5.49222,7,0.67587,0.0694444,0.124835,0.571704
615,0.0246788,3.55396,1.07348,1,5.49222,7,0.67587,0.0694444,0.124835,0.571704
615,0.0246788,3.55396,1.07348,1,5.49222,7,0.67587,0.0694444,0.124835,0.571704
186,0.125012,3.55394,1.09012,1,5.49222,7,0.67587,0.0694444,0.124835,0.571704
186,0.125012,3.55394,1.09012,1,5.49222,7,0.67587,0.0694444,0.124835,0.571704
1044,0.22535,3.55398,1.07347,1,5.49222,7,0.67587,0.0694444,0.124835,0.571704
1044,0.22535,3.55398,1.07347,1,5.49222,7,0.67587,0.0694444,0.124835,0.571704
38,0.325646,3.55405,1.02344,1,5.49222,7,0.67587,0.0694444,0.124835,0.571704
38,0.325646,3.55405,1.02344,1,5.49222,7,0.67587,0.0694444,0.124835,0.571704
664,0.41587,3.55409,0.935287,1,5.49222,7,0.67587,0.0694444,0.124835,0.571704
664,0.41587,3.55409,0.935287,1,5.49222,7,0.67587,0.0694444,0.124835,0.571704
235,0.490092,3.55405,0.819598,1,5.49222,7,0.67587,0.0694444,0.124835,0.571704
235,0.490092,3.55405,0.819598,1,5.49222,7,0.67587,0.0694444,0.124835,0.571704
1093,0.541221,3.55399,0.678942,1,5.49222,7,0.67587,0.0694444,0.124835,0.571704
1093,0.541221,3.55399,0.678942,1,5.49222,7,0.67587,0.0694444,0.124835,0.571704
60,0.572266,3.55393,0.518847,1,5.49222,7,0.67587,0.0694444,0.124835,0.571704
1045,-0.293499,3.57501,0.682977,0,5.99222,7,0.68989,0.0694444,0.124831,0.585724
59,-0.32569,3.57546,0.520019,0,5.99222,7,0.68989,0.0694444,0.124831,0.585724
187,-0.244655,3.57505,0.827319,0,5.99222,7,0.68989,0.0694444,0.124831,0.585724
1045,-0.293499,3.57501,0.682977,0,5.99222,7,0.68989,0.0694444,0.124831,0.585724
616,-0.170568,3.57526,0.946709,0,5.99222,7,0.68989,0.0694444,0.124831,0.585724
187,-0.244655,3.57505,0.827319,0,5.99222,7,0.68989,0.0694444,0.124831,0.585724
16,-0.0789645,3.57556,1.03734,0,5.99222,7,0.68989,0.0694444,0.124831,0.585724
616,-0.170568,3.57526,0.946709,0,5.99222,7,0.68989,0.0694444,0.124831,0.585724
16,-0.0789645,3.57556,1.03734,0,5.99222,7,0.68989,0.0694444,0.124831,0.585724
615,0.0233672,3.57579,1.08885,0,5.99222,7,0.68989,0.0694444,0.124831,0.585724
615,0.0233672,3.57579,1.08885,0,5.99222,7,0.68989,0.0694444,0.124831,0.585724
186,0.12502,3.57592,1.10606,0,5.99222,7,0.68989,0.0694444,0.124831,0.585724
186,0.12502,3.57592,1.10606,0,5.99222,7,0.68989,0.0694444,0.124831,0.585724
1044,0.22666,3.57578,1.08884,0,5.99222,7,0.68989,0.0694444,0.124831,0.585724
1044,0.22666,3.57578,1.08884,0,5.99222,7,0.68989,0.0694444,0.124831,0.585724
38,0.329013,3.57554,1.03735,0,5.99222,7,0.68989,0.0694444,0.124831,0.585724
38,0.329013,3.57554,1.03735,0,5.99222,7,0.68989,0.0694444,0.124831,0.585724
664,0.420669,3.57526,0.946696,0,5.99222,7,0.68989,0.0694444,0.124831,0.585724
664,0.420669,3.57526,0.946696,0,5.99222,7,0.68989,0.0694444,0.124831,0.585724
235,0.494696,3.57506,0.827299,0,5.99222,7,0.68989,0.0694444,0.124831,0.585724
235,0.494696,3.57506,0.827299,0,5.99222,7,0.68989,0.0694444,0.124831,0.585724
1093,0.543541,3.57501,0.682978,0,5.99222,7,0.68989,0.0694444,0.124831,0.585724
1093,0.543541,3.57501,0.682978,0,5.99222,7,0.68989,0.0694444,0.124831,0.585724
60,0.57573,3.57546,0.520069,0,5.99222,7,0.68989,0.0694444,0.124831,0.585724
1045,-0.299909,3.58287,0.686219,1,5.99222,7,0.68989,0.0694444,0.124831,0.585724
59,-0.333533,3.58271,0.522506,1,5.99222,7,0.68989,0.0694444,0.124831,0.585724
187,-0.246897,3.583,0.829162,1,5.99222,7,0.68989,0.0694444,0.124831,0.585724
1045,-0.299909,3.58287,0.686219,1,5.99222,7,0.68989,0.0694444,0.124831,0.585724
616,-0.170536,3.58311,0.946353,1,5.99222,7,0.68989,0.0694444,0.124831,0.585724
187,-0.246897,3.583,0.829162,1,5.99222,7,0.68989,0.0694444,0.124831,0.585724
16,-0.0780607,3.5831,1.03513,1,5.99222,7,0.68989,0.0694444,0.124831,0.585724
616,-0.170536,3.58311,0.946353,1,5.99222,7,0.68989,0.0694444,0.124831,0.585724
16,-0.0780607,3.5831,1.03513,1,5.99222,7,0.68989,0.0694444,0.124831,0.585724
615,0.0240072,3.58304,1.08551,1,5.99222,7,0.68989,0.0694444,0.124831,0.585724
615,0.0240072,3.58304,1.08551,1,5.99222,7,0.68989,0.0694444,0.124831,0.585724
186,0.125011,3.58302,1.10254,1,5.99222,7,0.68989,0.0694444,0.124831,0.585724
186,0.125011,3.58302,1.10254,1,5.99222,7,0.68989,0.0694444,0.124831,0.585724
1044,0.226019,3.58304,1.08552,1,5.99222,7,0.68989,0.0694444,0.124831,0.585724
1044,0.226019,3.58304,1.08552,1,5.99222,7,0.68989,0.0694444,0.124831,0.585724
38,0.328097,3.58308,1.03516,1,5.99222,7,0.68989,0.0694444,0.124831,0.585724
38,0.328097,3.58308,1.03516,1,5.99222,7,0.68989,0.0694444,0.124831,0.585724
664,0.420573,3.58309,0.946378,1,5.99222,7,0.68989,0.0694444,0.124831,0.585724
664,0.420573,3.58309,0.946378,1,5.99222,7,0.68989,0.0694444,0.124831,0.585724
235,0.496938,3.58301,0.829186,1,5.99222,7,0.68989,0.0694444,0.124831,0.585724
235,0.496938,3.58301,0.829186,1,5.99222,7,0.68989,0.0694444,0.124831,0.585724
1093,0.549931,3.58287,0.686251,1,5.99222,7,0.68989,0.0694444,0.124831,0.585724
1093,0.549931,3.58287,0.686251,1,5.99222,7,0.68989,0.0694444,0.124831,0.585724
60,0.583541,3.58272,0.522567,1,5.99222,7,0.68989,0.0694444,0.124831,0.585724
1045,-0.301377,3.6044,0.689222,0,6.49222,7,0.702322,0.0694444,0.12483,0.598155
59,-0.336072,3.60473,0.523208,0,6.49222,7,0.702322,0.0694444,0.12483,0.598155
187,-0.250955,3.60452,0.835682,0,6.49222,7,0.702322,0.0694444,0.12483,0.598155
1045,-0.301377,3.6044,0.689222,0,6.49222,7,0.702322,0.0694444,0.12483,0.598155
616,-0.175004,3.60472,0.956668,0,6.49222,7,0.702322,0.0694444,0.12483,0.598155
187,-0.250955,3.60452,0.835682,0,6.49222,7,0.702322,0.0694444,0.12483,0.598155
16,-0.0813609,3.60496,1.0482,0,6.49222,7,0.702322,0.0694444,0.12483,0.598155
616,-0.175004,3.60472,0.956668,0,6.49222,7,0.702322,0.0694444,0.12483,0.598155
16,-0.0813609,3.60496,1.0482,0,6.49222,7,0.702322,0.0694444,0.12483,0.598155
615,0.0226071,3.60515,1.1004,0,6.49222,7,0.702322,0.0694444,0.12483,0.598155
615,0.0226071,3.60515,1.1004,0,6.49222,7,0.702322,0.0694444,0.12483,0.598155
186,0.12501,3.60528,1.11812,0,6.49222,7,0.702322,0.0694444,0.12483,0.598155
186,0.12501,3.60528,1.11812,0,6.49222,7,0.702322,0.0694444,0.12483,0.598155
1044,0.227442,3.60516,1.10039,0,6.49222,7,0.702322,0.0694444,0.12483,0.598155
1044,0.227442,3.60516,1.10039,0,6.49222,7,0.702322,0.0694444,0.12483,0.598155
38,0.331419,3.60497,1.04818,0,6.49222,7,0.702322,0.0694444,0.12483,0.598155
38,0.331419,3.60497,1.04818,0,6.49222,7,0.702322,0.0694444,0.12483,0.598155
664,0.425068,3.60473,0.956669,0,6.49222,7,0.702322,0.0694444,0.12483,0.598155
664,0.425068,3.60473,0.956669,0,6.49222,7,0.702322,0.0694444,0.12483,0.598155
235,0.501,3.60452,0.835671,0,6.49222,7,0.702322,0.0694444,0.12483,0.598155
235,0.501,3.60452,0.835671,0,6.49222,7,0.702322,0.0694444,0.12483,0.598155
1093,0.551395,3.60441,0.689241,0,6.49222,7,0.702322,0.0694444,0.12483,0.598155
1093,0.551395,3.60441,0.689241,0,6.49222,7,0.702322,0.0694444,0.12483,0.598155
60,0.58609,3.60472,0.52327,0,6.49222,7,0.702322,0.0694444,0.12483,0.598155
1045,-0.308236,3.61082,0.692847,1,6.49222,7,0.702322,0.0694444,0.12483,0.598155
59,-0.344355,3.61062,0.525835,1,6.49222,7,0.702322,0.0694444,0.12483,0.598155
187,-0.253476,3.61099,0.838,1,6.49222,7,0.702322,0.0694444,0.12483,0.598155
1045,-0.308236,3.61082,0.692847,1,6.49222,7,0.702322,0.0694444,0.12483,0.598155
616,-0.1751,3.61111,0.956701,1,6.49222,7,0.702322,0.0694444,0.12483,0.598155
187,-0.253476,3.61099,0.838,1,6.49222,7,0.702322,0.0694444,0.12483,0.598155
16,-0.080525,3.61111,1.04622,1,6.49222,7,0.702322,0.0694444,0.12483,0.598155
616,-0.1751,3.61111,0.956701,1,6.49222,7,0.702322,0.0694444,0.12483,0.598155
16,-0.080525,3.61111,1.04622,1,6.49222,7,0.702322,0.0694444,0.12483,0.598155
615,0.0232741,3.61107,1.09703,1,6.49222,7,0.702322,0.0694444,0.12483,0.598155
615,0.0232741,3.61107,1.09703,1,6.49222,7,0.702322,0.0694444,0.12483,0.598155
186,0.12501,3.61105,1.11443,1,6.49222,7,0.702322,0.0694444,0.12483,0.598155
186,0.12501,3.61105,1.11443,1,6.49222,7,0.702322,0.0694444,0.12483,0.598155
1044,0.226749,3.61108,1.09703,1,6.49222,7,0.702322,0.0694444,0.12483,0.598155
1044,0.226749,3.61108,1.09703,1,6.49222,7,0.702322,0.0694444,0.12483,0.598155
38,0.330565,3.61111,1.04624,1,6.49222,7,0.702322,0.0694444,0.12483,0.598155
38,0.330565,3.61111,1.04624,1,6.49222,7,0.702322,0.0694444,0.12483,0.598155
664,0.425145,3.61111,0.956725,1,6.49222,7,0.702322,0.0694444,0.12483,0.598155
664,0.425145,3.61111,0.956725,1,6.49222,7,0.702322,0.0694444,0.12483,0.598155
235,0.50352,3.611,0.838024,1,6.49222,7,0.702322,0.0694444,0.12483,0.598155
235,0.50352,3.611,0.838024,1,6.49222,7,0.702322,0.0694444,0.12483,0.598155
1093,0.558254,3.61083,0.692877,1,6.49222,7,0.702322,0.0694444,0.12483,0.598155
1093,0.558254,3.61083,0.692877,1,6.49222,7,0.702322,0.0694444,0.12483,0.598155
60,0.594354,3.61064,0.525889,1,6.49222,7,0.702322,0.0694444,0.12483,0.598155
1045,-0.308762,3.62957,0.695004,0,6.99222,7,0.713622,0.0694444,0.124829,0.609456
59,-0.345858,3.62979,0.525978,0,6.99222,7,0.713622,0.0694444,0.124829,0.609456
187,-0.256982,3.62969,0.843567,0,6.99222,7,0.713622,0.0694444,0.124829,0.609456
1045,-0.308762,3.62957,0.695004,0,6.99222,7,0.713622,0.0694444,0.124829,0.609456
616,-0.179261,3.62988,0.966004,0,6.99222,7,0.713622,0.0694444,0.124829,0.609456
187,-0.256982,3.62969,0.843567,0,6.99222,7,0.713622,0.0694444,0.124829,0.609456
16,-0.083583,3.63009,1.05813,0,6.99222,7,0.713622,0.0694444,0.124829,0.609456
616,-0.179261,3.62988,0.966004,0,6.99222,7,0.713622,0.0694444,0.124829,0.609456
16,-0.083583,3.63009,1.05813,0,6.99222,7,0.713622,0.0694444,0.124829,0.609456
615,0.022019,3.63028,1.11051,0,6.99222,7,0.713622,0.0694444,0.124829,0.609456
615,0.022019,3.63028,1.11051,0,6.99222,7,0.713622,0.0694444,0.124829,0.609456
186,0.125021,3.63041,1.12856,0,6.99222,7,0.713622,0.0694444,0.124829,0.609456
186,0.125021,3.63041,1.12856,0,6.99222,7,0.713622,0.0694444,0.124829,0.609456
1044,0.228005,3.63029,1.11048,0,6.99222,7,0.713622,0.0694444,0.124829,0.609456
1044,0.228005,3.63029,1.11048,0,6.99222,7,0.713622,0.0694444,0.124829,0.609456
38,0.333639,3.6301,1.05813,0,6.99222,7,0.713622,0.0694444,0.124829,0.609456
38,0.333639,3.6301,1.05813,0,6.99222,7,0.713622,0.0694444,0.124829,0.609456
664,0.429333,3.62989,0.966019,0,6.99222,7,0.713622,0.0694444,0.124829,0.609456
664,0.429333,3.62989,0.966019,0,6.99222,7,0.713622,0.0694444,0.124829,0.609456
235,0.507027,3.6297,0.843577,0,6.99222,7,0.713622,0.0694444,0.124829,0.609456
235,0.507027,3.6297,0.843577,0,6.99222,7,0.713622,0.0694444,0.124829,0.609456
1093,0.558792,3.62958,0.695057,0,6.99222,7,0.713622,0.0694444,0.124829,0.609456
1093,0.558792,3.62958,0.695057,0,6.99222,7,0.713622,0.0694444,0.124829,0.609456
60,0.595868,3.6298,0.526038,0,6.99222,7,0.713622,0.0694444,0.124829,0.609456
1045,-0.316227,3.63763,0.698933,1,6.99222,7,0.713622,0.0694444,0.124829,0.609456
59,-0.354803,3.63736,0.528844,1,6.99222,7,0.713622,0.0694444,0.124829,0.609456
187,-0.259808,3.63785,0.846204,1,6.99222,7,0.713622,0.0694444,0.124829,0.609456
1045,-0.316227,3.63763,0.698933,1,6.99222,7,0.713622,0.0694444,0.124829,0.609456
616,-0.179545,3.63801,0.966406,1,6.99222,7,0.713622,0.0694444,0.124829,0.609456
187,-0.259808,3.63785,0.846204,1,6.99222,7,0.713622,0.0694444,0.124829,0.609456
16,-0.0829665,3.63804,1.05668,1,6.99222,7,0.713622,0.0694444,0.124829,0.609456
616,-0.179545,3.63801,0.966406,1,6.99222,7,0.713622,0.0694444,0.124829,0.609456
16,-0.0829665,3.63804,1.05668,1,6.99222,7,0.713622,0.0694444,0.124829,0.609456
615,0.0225167,3.63802,1.10796,1,6.99222,7,0.713622,0.0694444,0.124829,0.609456
615,0.0225167,3.63802,1.10796,1,6.99222,7,0.713622,0.0694444,0.124829,0.609456
186,0.125013,3.63799,1.12577,1,6.99222,7,0.713622,0.0694444,0.124829,0.609456
186,0.125013,3.63799,1.12577,1,6.99222,7,0.713622,0.0694444,0.124829,0.609456
1044,0.227514,3.63801,1.10797,1,6.99222,7,0.713622,0.0694444,0.124829,0.609456
1044,0.227514,3.63801,1.10797,1,6.99222,7,0.713622,0.0694444,0.124829,0.609456
38,0.333006,3.63803,1.05669,1,6.99222,7,0.713622,0.0694444,0.124829,0.609456
38,0.333006,3.63803,1.05669,1,6.99222,7,0.713622,0.0694444,0.124829,0.609456
664,0.429584,3.63799,0.96642,1,6.99222,7,0.713622,0.0694444,0.124829,0.609456
664,0.429584,3.63799,0.96642,1,6.99222,7,0.713622,0.0694444,0.124829,0.609456
235,0.50985,3.63784,0.846222,1,6.99222,7,0.713622,0.0694444,0.124829,0.609456
235,0.50985,3.63784,0.846222,1,6.99222,7,0.713622,0.0694444,0.124829,0.609456
1093,0.566259,3.63762,0.698966,1,6.99222,7,0.713622,0.0694444,0.124829,0.609456
1093,0.566259,3.63762,0.698966,1,6.99222,7,0.713622,0.0694444,0.124829,0.609456
60,0.604803,3.63736,0.528895,1,6.99222,7,0.713622,0.0694444,0.124829,0.609456
1045,-0.315948,3.65911,0.701073,0,7.49222,7,0.725981,0.0694444,0.124826,0.621814
59,-0.355089,3.65937,0.529192,0,7.49222,7,0.725981,0.0694444,0.124826,0.621814
187,-0.262971,3.65924,0.851689,0,7.49222,7,0.725981,0.0694444,0.124826,0.621814
1045,-0.315948,3.65911,0.701073,0,7.49222,7,0.725981,0.0694444,0.124826,0.621814
616,-0.183664,3.65944,0.975652,0,7.49222,7,0.725981,0.0694444,0.124826,0.621814
187,-0.262971,3.65924,0.851689,0,7.49222,7,0.725981,0.0694444,0.124826,0.621814
16,-0.0861,3.65965,1.06858,0,7.49222,7,0.725981,0.0694444,0.124826,0.621814
616,-0.183664,3.65944,0.975652,0,7.49222,7,0.725981,0.0694444,0.124826,0.621814
16,-0.0861,3.65965,1.06858,0,7.49222,7,0.725981,0.0694444,0.124826,0.621814
615,0.02117,3.65982,1.12155,0,7.49222,7,0.725981,0.0694444,0.124826,0.621814
615,0.02117,3.65982,1.12155,0,7.49222,7,0.725981,0.0694444,0.124826,0.621814
186,0.125023,3.65993,1.14002,0,7.49222,7,0.725981,0.0694444,0.124826,0.621814
186,0.125023,3.65993,1.14002,0,7.49222,7,0.725981,0.0694444,0.124826,0.621814
1044,0.228864,3.65983,1.12158,0,7.49222,7,0.725981,0.0694444,0.124826,0.621814
1044,0.228864,3.65983,1.12158,0,7.49222,7,0.725981,0.0694444,0.124826,0.621814
38,0.336145,3.65966,1.0686,0,7.49222,7,0.725981,0.0694444,0.124826,0.621814
38,0.336145,3.65966,1.0686,0,7.49222,7,0.725981,0.0694444,0.124826,0.621814
664,0.433704,3.65945,0.975653,0,7.49222,7,0.725981,0.0694444,0.124826,0.621814
664,0.433704,3.65945,0.975653,0,7.49222,7,0.725981,0.0694444,0.124826,0.621814
235,0.513002,3.65925,0.85168,0,7.49222,7,0.725981,0.0694444,0.124826,0.621814
235,0.513002,3.65925,0.85168,0,7.49222,7,0.725981,0.0694444,0.124826,0.621814
1093,0.565969,3.65912,0.701088,0,7.49222,7,0.725981,0.0694444,0.124826,0.621814
1093,0.565969,3.65912,0.701088,0,7.49222,7,0.725981,0.0694444,0.124826,0.621814
60,0.605098,3.65938,0.529246,0,7.49222,7,0.725981,0.0694444,0.124826,0.621814
1045,-0.323946,3.66324,0.704638,1,7.49222,7,0.725981,0.0694444,0.124826,0.621814
59,-0.364863,3.66293,0.531619,1,7.49222,7,0.725981,0.0694444,0.124826,0.621814
187,-0.265931,3.6635,0.853933,1,7.49222,7,0.725981,0.0694444,0.124826,0.621814
1045,-0.323946,3.66324,0.704638,1,7.49222,7,0.725981,0.0694444,0.124826,0.621814
616,-0.183881,3.6637,0.975601,1,7.49222,7,0.725981,0.0694444,0.124826,0.621814
187,-0.265931,3.6635,0.853933,1,7.49222,7,0.725981,0.0694444,0.124826,0.621814
16,-0.0854099,3.66377,1.06667,1,7.49222,7,0.725981,0.0694444,0.124826,0.621814
616,-0.183881,3.6637,0.975601,1,7.49222,7,0.725981,0.0694444,0.124826,0.621814
16,-0.0854099,3.66377,1.06667,1,7.49222,7,0.725981,0.0694444,0.124826,0.621814
615,0.0217202,3.66377,1.11842,1,7.49222,7,0.725981,0.0694444,0.124826,0.621814
615,0.0217202,3.66377,1.11842,1,7.49222,7,0.725981,0.0694444,0.124826,0.621814
186,0.125009,3.66376,1.13661,1,7.49222,7,0.725981,0.0694444,0.124826,0.621814
186,0.125009,3.66376,1.13661,1,7.49222,7,0.725981,0.0694444,0.124826,0.621814
1044,0.228305,3.6638,1.11841,1,7.49222,7,0.725981,0.0694444,0.124826,0.621814
1044,0.228305,3.6638,1.11841,1,7.49222,7,0.725981,0.0694444,0.124826,0.621814
38,0.335443,3.66381,1.06667,1,7.49222,7,0.725981,0.0694444,0.124826,0.621814
38,0.335443,3.66381,1.06667,1,7.49222,7,0.725981,0.0694444,0.124826,0.621814
664,0.433921,3.66374,0.975612,1,7.49222,7,0.725981,0.0694444,0.124826,0.621814
664,0.433921,3.66374,0.975612,1,7.49222,7,0.725981,0.0694444,0.124826,0.621814
235,0.515983,3.66352,0.853951,1,7.49222,7,0.725981,0.0694444,0.124826,0.621814
235,0.515983,3.66352,0.853951,1,7.49222,7,0.725981,0.0694444,0.124826,0.621814
1093,0.573971,3.66326,0.704657,1,7.49222,7,0.725981,0.0694444,0.124826,0.621814
1093,0.573971,3.66326,0.704657,1,7.49222,7,0.725981,0.0694444,0.124826,0.621814
60,0.614873,3.66294,0.531677,1,7.49222,7,0.725981,0.0694444,0.124826,0.621814
