id,x,y,z,ablated,v,bulkheadyoungs,nickdepth,nickw,nickc,bbmin
1045,-0.25041,3.43042,0.639203,0,3.49222,8,0.607636,0.0694444,0.124845,0.503469
59,-0.270164,3.43078,0.496993,0,3.49222,8,0.607636,0.0694444,0.124845,0.503469
187,-0.210188,3.43004,0.771138,0,3.49222,8,0.607636,0.0694444,0.124845,0.503469
1045,-0.25041,3.43042,0.639203,0,3.49222,8,0.607636,0.0694444,0.124845,0.503469
616,-0.147196,3.42967,0.882885,0,3.49222,8,0.607636,0.0694444,0.124845,0.503469
187,-0.210188,3.43004,0.771138,0,3.49222,8,0.607636,0.0694444,0.124845,0.503469
16,-0.0678865,3.42947,0.971535,0,3.49222,8,0.607636,0.0694444,0.124845,0.503469
616,-0.147196,3.42967,0.882885,0,3.49222,8,0.607636,0.0694444,0.124845,0.503469
16,-0.0678865,3.42947,0.971535,0,3.49222,8,0.607636,0.0694444,0.124845,0.503469
615,0.0257585,3.42921,1.02248,0,3.49222,8,0.607636,0.0694444,0.124845,0.503469
615,0.0257585,3.42921,1.02248,0,3.49222,8,0.607636,0.0694444,0.124845,0.503469
186,0.125018,3.42921,1.03893,0,3.49222,8,0.607636,0.0694444,0.124845,0.503469
186,0.125018,3.42921,1.03893,0,3.49222,8,0.607636,0.0694444,0.124845,0.503469
1044,0.224242,3.4292,1.02248,0,3.49222,8,0.607636,0.0694444,0.124845,0.503469
1044,0.224242,3.4292,1.02248,0,3.49222,8,0.607636,0.0694444,0.124845,0.503469
38,0.317913,3.42938,0.971571,0,3.49222,8,0.607636,0.0694444,0.124845,0.503469
38,0.317913,3.42938,0.971571,0,3.49222,8,0.607636,0.0694444,0.124845,0.503469
664,0.397229,3.42964,0.882858,0,3.49222,8,0.607636,0.0694444,0.124845,0.503469
664,0.397229,3.42964,0.882858,0,3.49222,8,0.607636,0.0694444,0.124845,0.503469
235,0.46025,3.42996,0.771123,0,3.49222,8,0.607636,0.0694444,0.124845,0.503469
235,0.46025,3.42996,0.771123,0,3.49222,8,0.607636,0.0694444,0.124845,0.503469
1093,0.50041,3.43033,0.639152,0,3.49222,8,0.607636,0.0694444,0.124845,0.503469
1093,0.50041,3.43033,0.639152,0,3.49222,8,0.607636,0.0694444,0.124845,0.503469
60,0.520184,3.43059,0.497002,0,3.49222,8,0.607636,0.0694444,0.124845,0.503469
1045,-0.252366,3.43459,0.640592,1,3.49222,8,0.607636,0.0694444,0.124845,0.503469
59,-0.27324,3.43483,0.498588,1,3.49222,8,0.607636,0.0694444,0.124845,0.503469
187,-0.210875,3.43427,0.771889,1,3.49222,8,0.607636,0.0694444,0.124845,0.503469
1045,-0.252366,3.43459,0.640592,1,3.49222,8,0.607636,0.0694444,0.124845,0.503469
616,-0.147161,3.43396,0.882745,1,3.49222,8,0.607636,0.0694444,0.124845,0.503469
187,-0.210875,3.43427,0.771889,1,3.49222,8,0.607636,0.0694444,0.124845,0.503469
16,-0.0675211,3.43368,0.97052,1,3.49222,8,0.607636,0.0694444,0.124845,0.503469
616,-0.147161,3.43396,0.882745,1,3.49222,8,0.607636,0.0694444,0.124845,0.503469
16,-0.0675211,3.43368,0.97052,1,3.49222,8,0.607636,0.0694444,0.124845,0.503469
615,0.0260446,3.4335,1.02089,1,3.49222,8,0.607636,0.0694444,0.124845,0.503469
615,0.0260446,3.4335,1.02089,1,3.49222,8,0.607636,0.0694444,0.124845,0.503469
186,0.125015,3.43344,1.03711,1,3.49222,8,0.607636,0.0694444,0.124845,0.503469
186,0.125015,3.43344,1.03711,1,3.49222,8,0.607636,0.0694444,0.124845,0.503469
1044,0.223981,3.4335,1.02087,1,3.49222,8,0.607636,0.0694444,0.124845,0.503469
1044,0.223981,3.4335,1.02087,1,3.49222,8,0.607636,0.0694444,0.124845,0.503469
38,0.317542,3.43368,0.970504,1,3.49222,8,0.607636,0.0694444,0.124845,0.503469
38,0.317542,3.43368,0.970504,1,3.49222,8,0.607636,0.0694444,0.124845,0.503469
664,0.397182,3.43396,0.882726,1,3.49222,8,0.607636,0.0694444,0.124845,0.503469
664,0.397182,3.43396,0.882726,1,3.49222,8,0.607636,0.0694444,0.124845,0.503469
235,0.460882,3.43426,0.771865,1,3.49222,8,0.607636,0.0694444,0.124845,0.503469
235,0.460882,3.43426,0.771865,1,3.49222,8,0.607636,0.0694444,0.124845,0.503469
1093,0.502369,3.43455,0.640586,1,3.49222,8,0.607636,0.0694444,0.124845,0.503469
1093,0.502369,3.43455,0.640586,1,3.49222,8,0.607636,0.0694444,0.124845,0.503469
60,0.523237,3.43481,0.498597,1,3.49222,8,0.607636,0.0694444,0.124845,0.503469
1045,-0.258754,3.44791,0.647452,0,3.99222,8,0.624964,0.0694444,0.124849,0.520797
59,-0.279609,3.44817,0.500171,0,3.99222,8,0.624964,0.0694444,0.124849,0.520797
187,-0.217257,3.44791,0.782193,0,3.99222,8,0.624964,0.0694444,0.124849,0.520797
1045,-0.258754,3.44791,0.647452,0,3.99222,8,0.624964,0.0694444,0.124849,0.520797
616,-0.151838,3.44798,0.895322,0,3.99222,8,0.624964,0.0694444,0.124849,0.520797
187,-0.217257,3.44791,0.782193,0,3.99222,8,0.624964,0.0694444,0.124849,0.520797
16,-0.0695279,3.44827,0.983657,0,3.99222,8,0.624964,0.0694444,0.124849,0.520797
616,-0.151838,3.44798,0.895322,0,3.99222,8,0.624964,0.0694444,0.124849,0.520797
16,-0.0695279,3.44827,0.983657,0,3.99222,8,0.624964,0.0694444,0.124849,0.520797
615,0.0257144,3.4484,1.0336,0,3.99222,8,0.624964,0.0694444,0.124849,0.520797
615,0.0257144,3.4484,1.0336,0,3.99222,8,0.624964,0.0694444,0.124849,0.520797
186,0.125032,3.44865,1.04959,0,3.99222,8,0.624964,0.0694444,0.124849,0.520797
186,0.125032,3.44865,1.04959,0,3.99222,8,0.624964,0.0694444,0.124849,0.520797
1044,0.224327,3.44844,1.03361,0,3.99222,8,0.624964,0.0694444,0.124849,0.520797
1044,0.224327,3.44844,1.03361,0,3.99222,8,0.624964,0.0694444,0.124849,0.520797
38,0.319582,3.44828,0.983591,0,3.99222,8,0.624964,0.0694444,0.124849,0.520797
38,0.319582,3.44828,0.983591,0,3.99222,8,0.624964,0.0694444,0.124849,0.520797
664,0.401842,3.44799,0.89536,0,3.99222,8,0.624964,0.0694444,0.124849,0.520797
664,0.401842,3.44799,0.89536,0,3.99222,8,0.624964,0.0694444,0.124849,0.520797
235,0.467209,3.44792,0.782224,0,3.99222,8,0.624964,0.0694444,0.124849,0.520797
235,0.467209,3.44792,0.782224,0,3.99222,8,0.624964,0.0694444,0.124849,0.520797
1093,0.508754,3.44788,0.647419,0,3.99222,8,0.624964,0.0694444,0.124849,0.520797
1093,0.508754,3.44788,0.647419,0,3.99222,8,0.624964,0.0694444,0.124849,0.520797
60,0.529683,3.4482,0.500324,0,3.99222,8,0.624964,0.0694444,0.124849,0.520797
1045,-0.261354,3.46179,0.651528,1,3.99222,8,0.624964,0.0694444,0.124849,0.520797
59,-0.284163,3.46201,0.504682,1,3.99222,8,0.624964,0.0694444,0.124849,0.520797
187,-0.21733,3.46149,0.784916,1,3.99222,8,0.624964,0.0694444,0.124849,0.520797
1045,-0.261354,3.46179,0.651528,1,3.99222,8,0.624964,0.0694444,0.124849,0.520797
616,-0.150939,3.46123,0.896501,1,3.99222,8,0.624964,0.0694444,0.124849,0.520797
187,-0.21733,3.46149,0.784916,1,3.99222,8,0.624964,0.0694444,0.124849,0.520797
16,-0.0687576,3.46099,0.983871,1,3.99222,8,0.624964,0.0694444,0.124849,0.520797
616,-0.150939,3.46123,0.896501,1,3.99222,8,0.624964,0.0694444,0.124849,0.520797
16,-0.0687576,3.46099,0.983871,1,3.99222,8,0.624964,0.0694444,0.124849,0.520797
615,0.0260633,3.46085,1.03372,1,3.99222,8,0.624964,0.0694444,0.124849,0.520797
615,0.0260633,3.46085,1.03372,1,3.99222,8,0.624964,0.0694444,0.124849,0.520797
186,0.125014,3.46079,1.04974,1,3.99222,8,0.624964,0.0694444,0.124849,0.520797
186,0.125014,3.46079,1.04974,1,3.99222,8,0.624964,0.0694444,0.124849,0.520797
1044,0.223954,3.46085,1.03366,1,3.99222,8,0.624964,0.0694444,0.124849,0.520797
1044,0.223954,3.46085,1.03366,1,3.99222,8,0.624964,0.0694444,0.124849,0.520797
38,0.31875,3.461,0.983801,1,3.99222,8,0.624964,0.0694444,0.124849,0.520797
38,0.31875,3.461,0.983801,1,3.99222,8,0.624964,0.0694444,0.124849,0.520797
664,0.400918,3.46124,0.896416,1,3.99222,8,0.624964,0.0694444,0.124849,0.520797
664,0.400918,3.46124,0.896416,1,3.99222,8,0.624964,0.0694444,0.124849,0.520797
235,0.467249,3.46151,0.784838,1,3.99222,8,0.624964,0.0694444,0.124849,0.520797
235,0.467249,3.46151,0.784838,1,3.99222,8,0.624964,0.0694444,0.124849,0.520797
1093,0.511337,3.46178,0.651569,1,3.99222,8,0.624964,0.0694444,0.124849,0.520797
1093,0.511337,3.46178,0.651569,1,3.99222,8,0.624964,0.0694444,0.124849,0.520797
60,0.534169,3.46205,0.504639,1,3.99222,8,0.624964,0.0694444,0.124849,0.520797
1045,-0.265156,3.48129,0.658644,0,4.49222,8,0.64399,0.0694444,0.124841,0.539824
59,-0.287375,3.48177,0.507003,0,4.49222,8,0.64399,0.0694444,0.124841,0.539824
187,-0.223,3.48119,0.795919,0,4.49222,8,0.64399,0.0694444,0.124841,0.539824
1045,-0.265156,3.48129,0.658644,0,4.49222,8,0.64399,0.0694444,0.124841,0.539824
616,-0.156109,3.48129,0.910804,0,4.49222,8,0.64399,0.0694444,0.124841,0.539824
187,-0.223,3.48119,0.795919,0,4.49222,8,0.64399,0.0694444,0.124841,0.539824
16,-0.0717854,3.48189,0.999665,0,4.49222,8,0.64399,0.0694444,0.124841,0.539824
616,-0.156109,3.48129,0.910804,0,4.49222,8,0.64399,0.0694444,0.124841,0.539824
16,-0.0717854,3.48189,0.999665,0,4.49222,8,0.64399,0.0694444,0.124841,0.539824
615,0.025154,3.48214,1.04996,0,4.49222,8,0.64399,0.0694444,0.124841,0.539824
615,0.025154,3.48214,1.04996,0,4.49222,8,0.64399,0.0694444,0.124841,0.539824
186,0.125033,3.48225,1.06604,0,4.49222,8,0.64399,0.0694444,0.124841,0.539824
186,0.125033,3.48225,1.06604,0,4.49222,8,0.64399,0.0694444,0.124841,0.539824
1044,0.224875,3.4821,1.04998,0,4.49222,8,0.64399,0.0694444,0.124841,0.539824
1044,0.224875,3.4821,1.04998,0,4.49222,8,0.64399,0.0694444,0.124841,0.539824
38,0.321827,3.48184,0.999708,0,4.49222,8,0.64399,0.0694444,0.124841,0.539824
38,0.321827,3.48184,0.999708,0,4.49222,8,0.64399,0.0694444,0.124841,0.539824
664,0.406243,3.48131,0.910726,0,4.49222,8,0.64399,0.0694444,0.124841,0.539824
664,0.406243,3.48131,0.910726,0,4.49222,8,0.64399,0.0694444,0.124841,0.539824
235,0.472941,3.48119,0.795946,0,4.49222,8,0.64399,0.0694444,0.124841,0.539824
235,0.472941,3.48119,0.795946,0,4.49222,8,0.64399,0.0694444,0.124841,0.539824
1093,0.515133,3.48128,0.658835,0,4.49222,8,0.64399,0.0694444,0.124841,0.539824
1093,0.515133,3.48128,0.658835,0,4.49222,8,0.64399,0.0694444,0.124841,0.539824
60,0.537422,3.48182,0.50704,0,4.49222,8,0.64399,0.0694444,0.124841,0.539824
1045,-0.27032,3.49329,0.661802,1,4.49222,8,0.64399,0.0694444,0.124841,0.539824
59,-0.295517,3.4935,0.510458,1,4.49222,8,0.64399,0.0694444,0.124841,0.539824
187,-0.224032,3.49302,0.79743,1,4.49222,8,0.64399,0.0694444,0.124841,0.539824
1045,-0.27032,3.49329,0.661802,1,4.49222,8,0.64399,0.0694444,0.124841,0.539824
616,-0.15517,3.49274,0.910113,1,4.49222,8,0.64399,0.0694444,0.124841,0.539824
187,-0.224032,3.49302,0.79743,1,4.49222,8,0.64399,0.0694444,0.124841,0.539824
16,-0.0705014,3.49247,0.997487,1,4.49222,8,0.64399,0.0694444,0.124841,0.539824
616,-0.15517,3.49274,0.910113,1,4.49222,8,0.64399,0.0694444,0.124841,0.539824
16,-0.0705014,3.49247,0.997487,1,4.49222,8,0.64399,0.0694444,0.124841,0.539824
615,0.0258345,3.49228,1.04718,1,4.49222,8,0.64399,0.0694444,0.124841,0.539824
615,0.0258345,3.49228,1.04718,1,4.49222,8,0.64399,0.0694444,0.124841,0.539824
186,0.125006,3.4922,1.0633,1,4.49222,8,0.64399,0.0694444,0.124841,0.539824
186,0.125006,3.4922,1.0633,1,4.49222,8,0.64399,0.0694444,0.124841,0.539824
1044,0.224165,3.49228,1.04714,1,4.49222,8,0.64399,0.0694444,0.124841,0.539824
1044,0.224165,3.49228,1.04714,1,4.49222,8,0.64399,0.0694444,0.124841,0.539824
38,0.320484,3.49248,0.99743,1,4.49222,8,0.64399,0.0694444,0.124841,0.539824
38,0.320484,3.49248,0.99743,1,4.49222,8,0.64399,0.0694444,0.124841,0.539824
664,0.405134,3.49277,0.910053,1,4.49222,8,0.64399,0.0694444,0.124841,0.539824
664,0.405134,3.49277,0.910053,1,4.49222,8,0.64399,0.0694444,0.124841,0.539824
235,0.473957,3.49305,0.797392,1,4.49222,8,0.64399,0.0694444,0.124841,0.539824
235,0.473957,3.49305,0.797392,1,4.49222,8,0.64399,0.0694444,0.124841,0.539824
1093,0.520339,3.49331,0.661894,1,4.49222,8,0.64399,0.0694444,0.124841,0.539824
1093,0.520339,3.49331,0.661894,1,4.49222,8,0.64399,0.0694444,0.124841,0.539824
60,0.545544,3.49358,0.510455,1,4.49222,8,0.64399,0.0694444,0.124841,0.539824
1045,-0.274115,3.50978,0.667453,0,4.99222,8,0.657332,0.0694444,0.124841,0.553165
59,-0.300081,3.51033,0.512256,0,4.99222,8,0.657332,0.0694444,0.124841,0.553165
187,-0.229569,3.50949,0.806728,0,4.99222,8,0.657332,0.0694444,0.124841,0.553165
1045,-0.274115,3.50978,0.667453,0,4.99222,8,0.657332,0.0694444,0.124841,0.553165
616,-0.1602,3.50954,0.922594,0,4.99222,8,0.657332,0.0694444,0.124841,0.553165
187,-0.229569,3.50949,0.806728,0,4.99222,8,0.657332,0.0694444,0.124841,0.553165
16,-0.0733231,3.50974,1.01138,0,4.99222,8,0.657332,0.0694444,0.124841,0.553165
616,-0.1602,3.50954,0.922594,0,4.99222,8,0.657332,0.0694444,0.124841,0.553165
16,-0.0733231,3.50974,1.01138,0,4.99222,8,0.657332,0.0694444,0.124841,0.553165
615,0.0249912,3.50998,1.06158,0,4.99222,8,0.657332,0.0694444,0.124841,0.553165
615,0.0249912,3.50998,1.06158,0,4.99222,8,0.657332,0.0694444,0.124841,0.553165
186,0.125021,3.51012,1.07796,0,4.99222,8,0.657332,0.0694444,0.124841,0.553165
186,0.125021,3.51012,1.07796,0,4.99222,8,0.657332,0.0694444,0.124841,0.553165
1044,0.224996,3.50996,1.0615,0,4.99222,8,0.657332,0.0694444,0.124841,0.553165
1044,0.224996,3.50996,1.0615,0,4.99222,8,0.657332,0.0694444,0.124841,0.553165
38,0.323338,3.50971,1.01135,0,4.99222,8,0.657332,0.0694444,0.124841,0.553165
38,0.323338,3.50971,1.01135,0,4.99222,8,0.657332,0.0694444,0.124841,0.553165
664,0.41018,3.50953,0.922598,0,4.99222,8,0.657332,0.0694444,0.124841,0.553165
664,0.41018,3.50953,0.922598,0,4.99222,8,0.657332,0.0694444,0.124841,0.553165
235,0.479589,3.50954,0.806762,0,4.99222,8,0.657332,0.0694444,0.124841,0.553165
235,0.479589,3.50954,0.806762,0,4.99222,8,0.657332,0.0694444,0.124841,0.553165
1093,0.524187,3.50969,0.667519,0,4.99222,8,0.657332,0.0694444,0.124841,0.553165
1093,0.524187,3.50969,0.667519,0,4.99222,8,0.657332,0.0694444,0.124841,0.553165
60,0.550103,3.51045,0.512308,0,4.99222,8,0.657332,0.0694444,0.124841,0.553165
1045,-0.279058,3.52461,0.670843,1,4.99222,8,0.657332,0.0694444,0.124841,0.553165
59,-0.306791,3.52475,0.515425,1,4.99222,8,0.657332,0.0694444,0.124841,0.553165
187,-0.230707,3.5244,0.808713,1,4.99222,8,0.657332,0.0694444,0.124841,0.553165
1045,-0.279058,3.52461,0.670843,1,4.99222,8,0.657332,0.0694444,0.124841,0.553165
616,-0.15952,3.52416,0.922676,1,4.99222,8,0.657332,0.0694444,0.124841,0.553165
187,-0.230707,3.5244,0.808713,1,4.99222,8,0.657332,0.0694444,0.124841,0.553165
16,-0.0724961,3.52389,1.01033,1,4.99222,8,0.657332,0.0694444,0.124841,0.553165
616,-0.15952,3.52416,0.922676,1,4.99222,8,0.657332,0.0694444,0.124841,0.553165
16,-0.0724961,3.52389,1.01033,1,4.99222,8,0.657332,0.0694444,0.124841,0.553165
615,0.025446,3.52371,1.06015,1,4.99222,8,0.657332,0.0694444,0.124841,0.553165
615,0.025446,3.52371,1.06015,1,4.99222,8,0.657332,0.0694444,0.124841,0.553165
186,0.125021,3.52365,1.07652,1,4.99222,8,0.657332,0.0694444,0.124841,0.553165
186,0.125021,3.52365,1.07652,1,4.99222,8,0.657332,0.0694444,0.124841,0.553165
1044,0.224587,3.52373,1.06012,1,4.99222,8,0.657332,0.0694444,0.124841,0.553165
1044,0.224587,3.52373,1.06012,1,4.99222,8,0.657332,0.0694444,0.124841,0.553165
38,0.322512,3.52389,1.01029,1,4.99222,8,0.657332,0.0694444,0.124841,0.553165
38,0.322512,3.52389,1.01029,1,4.99222,8,0.657332,0.0694444,0.124841,0.553165
664,0.409516,3.52409,0.922629,1,4.99222,8,0.657332,0.0694444,0.124841,0.553165
664,0.409516,3.52409,0.922629,1,4.99222,8,0.657332,0.0694444,0.124841,0.553165
235,0.480673,3.52431,0.808691,1,4.99222,8,0.657332,0.0694444,0.124841,0.553165
235,0.480673,3.52431,0.808691,1,4.99222,8,0.657332,0.0694444,0.124841,0.553165
1093,0.529121,3.52454,0.670938,1,4.99222,8,0.657332,0.0694444,0.124841,0.553165
1093,0.529121,3.52454,0.670938,1,4.99222,8,0.657332,0.0694444,0.124841,0.553165
60,0.556817,3.52481,0.51543,1,4.99222,8,0.657332,0.0694444,0.124841,0.553165
1045,-0.282242,3.54469,0.676538,0,5.49222,8,0.674138,0.0694444,0.124839,0.569971
59,-0.310395,3.54523,0.517745,0,5.49222,8,0.674138,0.0694444,0.124839,0.569971
187,-0.236055,3.54456,0.818047,0,5.49222,8,0.674138,0.0694444,0.124839,0.569971
1045,-0.282242,3.54469,0.676538,0,5.49222,8,0.674138,0.0694444,0.124839,0.569971
616,-0.164733,3.54462,0.935429,0,5.49222,8,0.674138,0.0694444,0.124839,0.569971
187,-0.236055,3.54456,0.818047,0,5.49222,8,0.674138,0.0694444,0.124839,0.569971
16,-0.0755769,3.54489,1.02469,0,5.49222,8,0.674138,0.0694444,0.124839,0.569971
616,-0.164733,3.54462,0.935429,0,5.49222,8,0.674138,0.0694444,0.124839,0.569971
16,-0.0755769,3.54489,1.02469,0,5.49222,8,0.674138,0.0694444,0.124839,0.569971
615,0.0245101,3.54514,1.07506,0,5.49222,8,0.674138,0.0694444,0.124839,0.569971
615,0.0245101,3.54514,1.07506,0,5.49222,8,0.674138,0.0694444,0.124839,0.569971
186,0.125023,3.54529,1.09173,0,5.49222,8,0.674138,0.0694444,0.124839,0.569971
186,0.125023,3.54529,1.09173,0,5.49222,8,0.674138,0.0694444,0.124839,0.569971
1044,0.225534,3.54514,1.07509,0,5.49222,8,0.674138,0.0694444,0.124839,0.569971
1044,0.225534,3.54514,1.07509,0,5.49222,8,0.674138,0.0694444,0.124839,0.569971
38,0.325647,3.54488,1.02475,0,5.49222,8,0.674138,0.0694444,0.124839,0.569971
38,0.325647,3.54488,1.02475,0,5.49222,8,0.674138,0.0694444,0.124839,0.569971
664,0.414778,3.54462,0.935497,0,5.49222,8,0.674138,0.0694444,0.124839,0.569971
664,0.414778,3.54462,0.935497,0,5.49222,8,0.674138,0.0694444,0.124839,0.569971
235,0.486066,3.54457,0.818073,0,5.49222,8,0.674138,0.0694444,0.124839,0.569971
235,0.486066,3.54457,0.818073,0,5.49222,8,0.674138,0.0694444,0.124839,0.569971
1093,0.532254,3.54465,0.676572,0,5.49222,8,0.674138,0.0694444,0.124839,0.569971
1093,0.532254,3.54465,0.676572,0,5.49222,8,0.674138,0.0694444,0.124839,0.569971
60,0.560447,3.54538,0.517844,0,5.49222,8,0.674138,0.0694444,0.124839,0.569971
1045,-0.287614,3.55529,0.679162,1,5.49222,8,0.674138,0.0694444,0.124839,0.569971
59,-0.317944,3.5553,0.520014,1,5.49222,8,0.674138,0.0694444,0.124839,0.569971
187,-0.237253,3.55523,0.819163,1,5.49222,8,0.674138,0.0694444,0.124839,0.569971
1045,-0.287614,3.55529,0.679162,1,5.49222,8,0.674138,0.0694444,0.124839,0.569971
616,-0.163893,3.55517,0.934442,1,5.49222,8,0.674138,0.0694444,0.124839,0.569971
187,-0.237253,3.55523,0.819163,1,5.49222,8,0.674138,0.0694444,0.124839,0.569971
16,-0.0746274,3.55508,1.02253,1,5.49222,8,0.674138,0.0694444,0.124839,0.569971
616,-0.163893,3.55517,0.934442,1,5.49222,8,0.674138,0.0694444,0.124839,0.569971
16,-0.0746274,3.55508,1.02253,1,5.49222,8,0.674138,0.0694444,0.124839,0.569971
615,0.0249563,3.55499,1.07252,1,5.49222,8,0.674138,0.0694444,0.124839,0.569971
615,0.0249563,3.55499,1.07252,1,5.49222,8,0.674138,0.0694444,0.124839,0.569971
186,0.125021,3.55491,1.08918,1,5.49222,8,0.674138,0.0694444,0.124839,0.569971
186,0.125021,3.55491,1.08918,1,5.49222,8,0.674138,0.0694444,0.124839,0.569971
1044,0.225097,3.55493,1.07251,1,5.49222,8,0.674138,0.0694444,0.124839,0.569971
1044,0.225097,3.55493,1.07251,1,5.49222,8,0.674138,0.0694444,0.124839,0.569971
38,0.324682,3.55503,1.02251,1,5.49222,8,0.674138,0.0694444,0.124839,0.569971
38,0.324682,3.55503,1.02251,1,5.49222,8,0.674138,0.0694444,0.124839,0.569971
664,0.413928,3.55519,0.934402,1,5.49222,8,0.674138,0.0694444,0.124839,0.569971
664,0.413928,3.55519,0.934402,1,5.49222,8,0.674138,0.0694444,0.124839,0.569971
235,0.487262,3.55531,0.819109,1,5.49222,8,0.674138,0.0694444,0.124839,0.569971
235,0.487262,3.55531,0.819109,1,5.49222,8,0.674138,0.0694444,0.124839,0.569971
1093,0.537655,3.55536,0.679168,1,5.49222,8,0.674138,0.0694444,0.124839,0.569971
1093,0.537655,3.55536,0.679168,1,5.49222,8,0.674138,0.0694444,0.124839,0.569971
60,0.567946,3.55544,0.519983,1,5.49222,8,0.674138,0.0694444,0.124839,0.569971
1045,-0.289698,3.57683,0.684089,0,5.99222,8,0.688247,0.0694444,0.124835,0.584081
59,-0.320614,3.57726,0.522011,0,5.99222,8,0.688247,0.0694444,0.124835,0.584081
187,-0.24183,3.5768,0.827691,0,5.99222,8,0.688247,0.0694444,0.124835,0.584081
1045,-0.289698,3.57683,0.684089,0,5.99222,8,0.688247,0.0694444,0.124835,0.584081
616,-0.168721,3.57702,0.946652,0,5.99222,8,0.688247,0.0694444,0.124835,0.584081
187,-0.24183,3.5768,0.827691,0,5.99222,8,0.688247,0.0694444,0.124835,0.584081
16,-0.0778213,3.57733,1.03705,0,5.99222,8,0.688247,0.0694444,0.124835,0.584081
616,-0.168721,3.57702,0.946652,0,5.99222,8,0.688247,0.0694444,0.124835,0.584081
16,-0.0778213,3.57733,1.03705,0,5.99222,8,0.688247,0.0694444,0.124835,0.584081
615,0.0238094,3.57759,1.08805,0,5.99222,8,0.688247,0.0694444,0.124835,0.584081
615,0.0238094,3.57759,1.08805,0,5.99222,8,0.688247,0.0694444,0.124835,0.584081
186,0.125013,3.57777,1.10504,0,5.99222,8,0.688247,0.0694444,0.124835,0.584081
186,0.125013,3.57777,1.10504,0,5.99222,8,0.688247,0.0694444,0.124835,0.584081
1044,0.22622,3.5776,1.08802,0,5.99222,8,0.688247,0.0694444,0.124835,0.584081
1044,0.22622,3.5776,1.08802,0,5.99222,8,0.688247,0.0694444,0.124835,0.584081
38,0.327877,3.57734,1.03702,0,5.99222,8,0.688247,0.0694444,0.124835,0.584081
38,0.327877,3.57734,1.03702,0,5.99222,8,0.688247,0.0694444,0.124835,0.584081
664,0.418744,3.57701,0.946669,0,5.99222,8,0.688247,0.0694444,0.124835,0.584081
664,0.418744,3.57701,0.946669,0,5.99222,8,0.688247,0.0694444,0.124835,0.584081
235,0.491844,3.57682,0.827685,0,5.99222,8,0.688247,0.0694444,0.124835,0.584081
235,0.491844,3.57682,0.827685,0,5.99222,8,0.688247,0.0694444,0.124835,0.584081
1093,0.539736,3.57676,0.684085,0,5.99222,8,0.688247,0.0694444,0.124835,0.584081
1093,0.539736,3.57676,0.684085,0,5.99222,8,0.688247,0.0694444,0.124835,0.584081
60,0.570655,3.57741,0.522075,0,5.99222,8,0.688247,0.0694444,0.124835,0.584081
1045,-0.295744,3.58442,0.686552,1,5.99222,8,0.688247,0.0694444,0.124835,0.584081
59,-0.328627,3.58432,0.523961,1,5.99222,8,0.688247,0.0694444,0.124835,0.584081
187,-0.243577,3.58448,0.828655,1,5.99222,8,0.688247,0.0694444,0.124835,0.584081
1045,-0.295744,3.58442,0.686552,1,5.99222,8,0.688247,0.0694444,0.124835,0.584081
616,-0.168199,3.58453,0.945334,1,5.99222,8,0.688247,0.0694444,0.124835,0.584081
187,-0.243577,3.58448,0.828655,1,5.99222,8,0.688247,0.0694444,0.124835,0.584081
16,-0.0768561,3.5845,1.03402,1,5.99222,8,0.688247,0.0694444,0.124835,0.584081
616,-0.168199,3.58453,0.945334,1,5.99222,8,0.688247,0.0694444,0.124835,0.584081
16,-0.0768561,3.5845,1.03402,1,5.99222,8,0.688247,0.0694444,0.124835,0.584081
615,0.0243622,3.58445,1.08436,1,5.99222,8,0.688247,0.0694444,0.124835,0.584081
615,0.0243622,3.58445,1.08436,1,5.99222,8,0.688247,0.0694444,0.124835,0.584081
186,0.125026,3.58443,1.10138,1,5.99222,8,0.688247,0.0694444,0.124835,0.584081
186,0.125026,3.58443,1.10138,1,5.99222,8,0.688247,0.0694444,0.124835,0.584081
1044,0.225689,3.58447,1.08435,1,5.99222,8,0.688247,0.0694444,0.124835,0.584081
1044,0.225689,3.58447,1.08435,1,5.99222,8,0.688247,0.0694444,0.124835,0.584081
38,0.326908,3.58454,1.03402,1,5.99222,8,0.688247,0.0694444,0.124835,0.584081
38,0.326908,3.58454,1.03402,1,5.99222,8,0.688247,0.0694444,0.124835,0.584081
664,0.418252,3.58458,0.945335,1,5.99222,8,0.688247,0.0694444,0.124835,0.584081
664,0.418252,3.58458,0.945335,1,5.99222,8,0.688247,0.0694444,0.124835,0.584081
235,0.493632,3.58454,0.828664,1,5.99222,8,0.688247,0.0694444,0.124835,0.584081
235,0.493632,3.58454,0.828664,1,5.99222,8,0.688247,0.0694444,0.124835,0.584081
1093,0.5458,3.58441,0.686577,1,5.99222,8,0.688247,0.0694444,0.124835,0.584081
1093,0.5458,3.58441,0.686577,1,5.99222,8,0.688247,0.0694444,0.124835,0.584081
60,0.57865,3.58441,0.523996,1,5.99222,8,0.688247,0.0694444,0.124835,0.584081
1045,-0.297091,3.60279,0.689647,0,6.49222,8,0.69903,0.0694444,0.124834,0.594863
59,-0.330998,3.60316,0.52475,0,6.49222,8,0.69903,0.0694444,0.124834,0.594863
187,-0.247356,3.60288,0.835168,0,6.49222,8,0.69903,0.0694444,0.124834,0.594863
1045,-0.297091,3.60279,0.689647,0,6.49222,8,0.69903,0.0694444,0.124834,0.594863
616,-0.172362,3.60307,0.955438,0,6.49222,8,0.69903,0.0694444,0.124834,0.594863
187,-0.247356,3.60288,0.835168,0,6.49222,8,0.69903,0.0694444,0.124834,0.594863
16,-0.0800201,3.60335,1.04683,0,6.49222,8,0.69903,0.0694444,0.124834,0.594863
616,-0.172362,3.60307,0.955438,0,6.49222,8,0.69903,0.0694444,0.124834,0.594863
16,-0.0800201,3.60335,1.04683,0,6.49222,8,0.69903,0.0694444,0.124834,0.594863
615,0.0229704,3.6036,1.09891,0,6.49222,8,0.69903,0.0694444,0.124834,0.594863
615,0.0229704,3.6036,1.09891,0,6.49222,8,0.69903,0.0694444,0.124834,0.594863
186,0.125027,3.60376,1.1165,0,6.49222,8,0.69903,0.0694444,0.124834,0.594863
186,0.125027,3.60376,1.1165,0,6.49222,8,0.69903,0.0694444,0.124834,0.594863
1044,0.227045,3.60361,1.09888,0,6.49222,8,0.69903,0.0694444,0.124834,0.594863
1044,0.227045,3.60361,1.09888,0,6.49222,8,0.69903,0.0694444,0.124834,0.594863
38,0.330052,3.60337,1.04679,0,6.49222,8,0.69903,0.0694444,0.124834,0.594863
38,0.330052,3.60337,1.04679,0,6.49222,8,0.69903,0.0694444,0.124834,0.594863
664,0.422414,3.60308,0.955425,0,6.49222,8,0.69903,0.0694444,0.124834,0.594863
664,0.422414,3.60308,0.955425,0,6.49222,8,0.69903,0.0694444,0.124834,0.594863
235,0.497403,3.60287,0.835147,0,6.49222,8,0.69903,0.0694444,0.124834,0.594863
235,0.497403,3.60287,0.835147,0,6.49222,8,0.69903,0.0694444,0.124834,0.594863
1093,0.547101,3.60274,0.689656,0,6.49222,8,0.69903,0.0694444,0.124834,0.594863
1093,0.547101,3.60274,0.689656,0,6.49222,8,0.69903,0.0694444,0.124834,0.594863
60,0.581042,3.60318,0.524806,0,6.49222,8,0.69903,0.0694444,0.124834,0.594863
1045,-0.303583,3.61251,0.693246,1,6.49222,8,0.69903,0.0694444,0.124834,0.594863
59,-0.338915,3.61243,0.527472,1,6.49222,8,0.69903,0.0694444,0.124834,0.594863
187,-0.249745,3.61258,0.83742,1,6.49222,8,0.69903,0.0694444,0.124834,0.594863
1045,-0.303583,3.61251,0.693246,1,6.49222,8,0.69903,0.0694444,0.124834,0.594863
616,-0.172459,3.61262,0.955498,1,6.49222,8,0.69903,0.0694444,0.124834,0.594863
187,-0.249745,3.61258,0.83742,1,6.49222,8,0.69903,0.0694444,0.124834,0.594863
16,-0.0791159,3.6126,1.04483,1,6.49222,8,0.69903,0.0694444,0.124834,0.594863
616,-0.172459,3.61262,0.955498,1,6.49222,8,0.69903,0.0694444,0.124834,0.594863
16,-0.0791159,3.6126,1.04483,1,6.49222,8,0.69903,0.0694444,0.124834,0.594863
615,0.0236942,3.61256,1.09556,1,6.49222,8,0.69903,0.0694444,0.124834,0.594863
615,0.0236942,3.61256,1.09556,1,6.49222,8,0.69903,0.0694444,0.124834,0.594863
186,0.125003,3.61254,1.11294,1,6.49222,8,0.69903,0.0694444,0.124834,0.594863
186,0.125003,3.61254,1.11294,1,6.49222,8,0.69903,0.0694444,0.124834,0.594863
1044,0.226316,3.61259,1.09553,1,6.49222,8,0.69903,0.0694444,0.124834,0.594863
1044,0.226316,3.61259,1.09553,1,6.49222,8,0.69903,0.0694444,0.124834,0.594863
38,0.329144,3.61264,1.04483,1,6.49222,8,0.69903,0.0694444,0.124834,0.594863
38,0.329144,3.61264,1.04483,1,6.49222,8,0.69903,0.0694444,0.124834,0.594863
664,0.422503,3.61268,0.955491,1,6.49222,8,0.69903,0.0694444,0.124834,0.594863
664,0.422503,3.61268,0.955491,1,6.49222,8,0.69903,0.0694444,0.124834,0.594863
235,0.499789,3.61262,0.837402,1,6.49222,8,0.69903,0.0694444,0.124834,0.594863
235,0.499789,3.61262,0.837402,1,6.49222,8,0.69903,0.0694444,0.124834,0.594863
1093,0.553601,3.61249,0.693229,1,6.49222,8,0.69903,0.0694444,0.124834,0.594863
1093,0.553601,3.61249,0.693229,1,6.49222,8,0.69903,0.0694444,0.124834,0.594863
60,0.588901,3.6125,0.527474,1,6.49222,8,0.69903,0.0694444,0.124834,0.594863
1045,-0.30391,3.63105,0.695867,0,6.99222,8,0.710834,0.0694444,0.124828,0.606667
59,-0.34013,3.63132,0.528167,0,6.99222,8,0.710834,0.0694444,0.124828,0.606667
187,-0.253026,3.63113,0.843311,0,6.99222,8,0.710834,0.0694444,0.124828,0.606667
1045,-0.30391,3.63105,0.695867,0,6.99222,8,0.710834,0.0694444,0.124828,0.606667
616,-0.17655,3.63135,0.965047,0,6.99222,8,0.710834,0.0694444,0.124828,0.606667
187,-0.253026,3.63113,0.843311,0,6.99222,8,0.710834,0.0694444,0.124828,0.606667
16,-0.0822723,3.63159,1.05699,0,6.99222,8,0.710834,0.0694444,0.124828,0.606667
616,-0.17655,3.63135,0.965047,0,6.99222,8,0.710834,0.0694444,0.124828,0.606667
16,-0.0822723,3.63159,1.05699,0,6.99222,8,0.710834,0.0694444,0.124828,0.606667
615,0.0222922,3.63178,1.10944,0,6.99222,8,0.710834,0.0694444,0.124828,0.606667
615,0.0222922,3.63178,1.10944,0,6.99222,8,0.710834,0.0694444,0.124828,0.606667
186,0.125025,3.63191,1.12743,0,6.99222,8,0.710834,0.0694444,0.124828,0.606667
186,0.125025,3.63191,1.12743,0,6.99222,8,0.710834,0.0694444,0.124828,0.606667
1044,0.227732,3.63178,1.1094,0,6.99222,8,0.710834,0.0694444,0.124828,0.606667
1044,0.227732,3.63178,1.1094,0,6.99222,8,0.710834,0.0694444,0.124828,0.606667
38,0.332279,3.63158,1.05691,0,6.99222,8,0.710834,0.0694444,0.124828,0.606667
38,0.332279,3.63158,1.05691,0,6.99222,8,0.710834,0.0694444,0.124828,0.606667
664,0.426576,3.63134,0.965018,0,6.99222,8,0.710834,0.0694444,0.124828,0.606667
664,0.426576,3.63134,0.965018,0,6.99222,8,0.710834,0.0694444,0.124828,0.606667
235,0.503064,3.63114,0.843309,0,6.99222,8,0.710834,0.0694444,0.124828,0.606667
235,0.503064,3.63114,0.843309,0,6.99222,8,0.710834,0.0694444,0.124828,0.606667
1093,0.553898,3.63094,0.69586,0,6.99222,8,0.710834,0.0694444,0.124828,0.606667
1093,0.553898,3.63094,0.69586,0,6.99222,8,0.710834,0.0694444,0.124828,0.606667
60,0.590152,3.6314,0.528191,0,6.99222,8,0.710834,0.0694444,0.124828,0.606667
1045,-0.311166,3.63948,0.699585,1,6.99222,8,0.710834,0.0694444,0.124828,0.606667
59,-0.348904,3.63927,0.530823,1,6.99222,8,0.710834,0.0694444,0.124828,0.606667
187,-0.25572,3.63966,0.845759,1,6.99222,8,0.710834,0.0694444,0.124828,0.606667
1045,-0.311166,3.63948,0.699585,1,6.99222,8,0.710834,0.0694444,0.124828,0.606667
616,-0.176625,3.6398,0.965235,1,6.99222,8,0.710834,0.0694444,0.124828,0.606667
187,-0.25572,3.63966,0.845759,1,6.99222,8,0.710834,0.0694444,0.124828,0.606667
16,-0.0813791,3.63984,1.05524,1,6.99222,8,0.710834,0.0694444,0.124828,0.606667
616,-0.176625,3.6398,0.965235,1,6.99222,8,0.710834,0.0694444,0.124828,0.606667
16,-0.0813791,3.63984,1.05524,1,6.99222,8,0.710834,0.0694444,0.124828,0.606667
615,0.0230107,3.63978,1.10638,1,6.99222,8,0.710834,0.0694444,0.124828,0.606667
615,0.0230107,3.63978,1.10638,1,6.99222,8,0.710834,0.0694444,0.124828,0.606667
186,0.125011,3.63972,1.12415,1,6.99222,8,0.710834,0.0694444,0.124828,0.606667
186,0.125011,3.63972,1.12415,1,6.99222,8,0.710834,0.0694444,0.124828,0.606667
1044,0.227016,3.63972,1.10638,1,6.99222,8,0.710834,0.0694444,0.124828,0.606667
1044,0.227016,3.63972,1.10638,1,6.99222,8,0.710834,0.0694444,0.124828,0.606667
38,0.33141,3.63973,1.05525,1,6.99222,8,0.710834,0.0694444,0.124828,0.606667
38,0.33141,3.63973,1.05525,1,6.99222,8,0.710834,0.0694444,0.124828,0.606667
664,0.426661,3.63974,0.965255,1,6.99222,8,0.710834,0.0694444,0.124828,0.606667
664,0.426661,3.63974,0.965255,1,6.99222,8,0.710834,0.0694444,0.124828,0.606667
235,0.50576,3.63965,0.845785,1,6.99222,8,0.710834,0.0694444,0.124828,0.606667
235,0.50576,3.63965,0.845785,1,6.99222,8,0.710834,0.0694444,0.124828,0.606667
1093,0.5612,3.63946,0.699621,1,6.99222,8,0.710834,0.0694444,0.124828,0.606667
1093,0.5612,3.63946,0.699621,1,6.99222,8,0.710834,0.0694444,0.124828,0.606667
60,0.598936,3.63936,0.530889,1,6.99222,8,0.710834,0.0694444,0.124828,0.606667
1045,-0.310868,3.65879,0.701636,0,7.49222,8,0.722326,0.0694444,0.124824,0.618159
59,-0.349284,3.65903,0.531177,0,7.49222,8,0.722326,0.0694444,0.124824,0.618159
187,-0.258694,3.65891,0.851082,0,7.49222,8,0.722326,0.0694444,0.124824,0.618159
1045,-0.310868,3.65879,0.701636,0,7.49222,8,0.722326,0.0694444,0.124824,0.618159
616,-0.180536,3.6591,0.974279,0,7.49222,8,0.722326,0.0694444,0.124824,0.618159
187,-0.258694,3.65891,0.851082,0,7.49222,8,0.722326,0.0694444,0.124824,0.618159
16,-0.0843812,3.65932,1.06699,0,7.49222,8,0.722326,0.0694444,0.124824,0.618159
616,-0.180536,3.6591,0.974279,0,7.49222,8,0.722326,0.0694444,0.124824,0.618159
16,-0.0843812,3.65932,1.06699,0,7.49222,8,0.722326,0.0694444,0.124824,0.618159
615,0.0216696,3.6595,1.11986,0,7.49222,8,0.722326,0.0694444,0.124824,0.618159
615,0.0216696,3.6595,1.11986,0,7.49222,8,0.722326,0.0694444,0.124824,0.618159
186,0.124989,3.65963,1.1383,0,7.49222,8,0.722326,0.0694444,0.124824,0.618159
186,0.124989,3.65963,1.1383,0,7.49222,8,0.722326,0.0694444,0.124824,0.618159
1044,0.228367,3.6595,1.11984,0,7.49222,8,0.722326,0.0694444,0.124824,0.618159
1044,0.228367,3.6595,1.11984,0,7.49222,8,0.722326,0.0694444,0.124824,0.618159
38,0.334452,3.65931,1.06699,0,7.49222,8,0.722326,0.0694444,0.124824,0.618159
38,0.334452,3.65931,1.06699,0,7.49222,8,0.722326,0.0694444,0.124824,0.618159
664,0.430556,3.65911,0.974327,0,7.49222,8,0.722326,0.0694444,0.124824,0.618159
664,0.430556,3.65911,0.974327,0,7.49222,8,0.722326,0.0694444,0.124824,0.618159
235,0.508711,3.6589,0.85112,0,7.49222,8,0.722326,0.0694444,0.124824,0.618159
235,0.508711,3.6589,0.85112,0,7.49222,8,0.722326,0.0694444,0.124824,0.618159
1093,0.56088,3.65869,0.701642,0,7.49222,8,0.722326,0.0694444,0.124824,0.618159
1093,0.56088,3.65869,0.701642,0,7.49222,8,0.722326,0.0694444,0.124824,0.618159
60,0.599276,3.65911,0.531226,0,7.49222,8,0.722326,0.0694444,0.124824,0.618159
1045,-0.318499,3.66505,0.705455,1,7.49222,8,0.722326,0.0694444,0.124824,0.618159
59,-0.358585,3.66473,0.533869,1,7.49222,8,0.722326,0.0694444,0.124824,0.618159
187,-0.26151,3.6653,0.853551,1,7.49222,8,0.722326,0.0694444,0.124824,0.618159
1045,-0.318499,3.66505,0.705455,1,7.49222,8,0.722326,0.0694444,0.124824,0.618159
616,-0.180705,3.66549,0.974417,1,7.49222,8,0.722326,0.0694444,0.124824,0.618159
187,-0.26151,3.6653,0.853551,1,7.49222,8,0.722326,0.0694444,0.124824,0.618159
16,-0.0836564,3.66555,1.06516,1,7.49222,8,0.722326,0.0694444,0.124824,0.618159
616,-0.180705,3.66549,0.974417,1,7.49222,8,0.722326,0.0694444,0.124824,0.618159
16,-0.0836564,3.66555,1.06516,1,7.49222,8,0.722326,0.0694444,0.124824,0.618159
615,0.0222632,3.66555,1.11676,1,7.49222,8,0.722326,0.0694444,0.124824,0.618159
615,0.0222632,3.66555,1.11676,1,7.49222,8,0.722326,0.0694444,0.124824,0.618159
186,0.124997,3.66553,1.13493,1,7.49222,8,0.722326,0.0694444,0.124824,0.618159
186,0.124997,3.66553,1.13493,1,7.49222,8,0.722326,0.0694444,0.124824,0.618159
1044,0.227735,3.66555,1.11676,1,7.49222,8,0.722326,0.0694444,0.124824,0.618159
1044,0.227735,3.66555,1.11676,1,7.49222,8,0.722326,0.0694444,0.124824,0.618159
38,0.333671,3.66555,1.06517,1,7.49222,8,0.722326,0.0694444,0.124824,0.618159
38,0.333671,3.66555,1.06517,1,7.49222,8,0.722326,0.0694444,0.124824,0.618159
664,0.430737,3.66547,0.974438,1,7.49222,8,0.722326,0.0694444,0.124824,0.618159
664,0.430737,3.66547,0.974438,1,7.49222,8,0.722326,0.0694444,0.124824,0.618159
235,0.511563,3.66527,0.853575,1,7.49222,8,0.722326,0.0694444,0.124824,0.618159
235,0.511563,3.66527,0.853575,1,7.49222,8,0.722326,0.0694444,0.124824,0.618159
1093,0.568521,3.66499,0.705473,1,7.49222,8,0.722326,0.0694444,0.124824,0.618159
1093,0.568521,3.66499,0.705473,1,7.49222,8,0.722326,0.0694444,0.124824,0.618159
60,0.608577,3.66483,0.533917,1,7.49222,8,0.722326,0.0694444,0.124824,0.618159
