id,x,y,z,ablated,v,bulkheadyoungs,nickdepth,nickw,nickc,bbmin
1045,-0.249378,3.42832,0.639347,0,3.49222,10,0.606631,0.0694444,0.124845,0.502464
59,-0.269118,3.42856,0.497487,0,3.49222,10,0.606631,0.0694444,0.124845,0.502464
187,-0.209324,3.428,0.771053,0,3.49222,10,0.606631,0.0694444,0.124845,0.502464
1045,-0.249378,3.42832,0.639347,0,3.49222,10,0.606631,0.0694444,0.124845,0.502464
616,-0.146619,3.42761,0.882811,0,3.49222,10,0.606631,0.0694444,0.124845,0.502464
187,-0.209324,3.428,0.771053,0,3.49222,10,0.606631,0.0694444,0.124845,0.502464
16,-0.0675886,3.42731,0.971454,0,3.49222,10,0.606631,0.0694444,0.124845,0.502464
616,-0.146619,3.42761,0.882811,0,3.49222,10,0.606631,0.0694444,0.124845,0.502464
16,-0.0675886,3.42731,0.971454,0,3.49222,10,0.606631,0.0694444,0.124845,0.502464
615,0.0257649,3.4271,1.02263,0,3.49222,10,0.606631,0.0694444,0.124845,0.502464
615,0.0257649,3.4271,1.02263,0,3.49222,10,0.606631,0.0694444,0.124845,0.502464
186,0.125,3.42707,1.03923,0,3.49222,10,0.606631,0.0694444,0.124845,0.502464
186,0.125,3.42707,1.03923,0,3.49222,10,0.606631,0.0694444,0.124845,0.502464
1044,0.22423,3.42716,1.02267,0,3.49222,10,0.606631,0.0694444,0.124845,0.502464
1044,0.22423,3.42716,1.02267,0,3.49222,10,0.606631,0.0694444,0.124845,0.502464
38,0.317572,3.42733,0.971427,0,3.49222,10,0.606631,0.0694444,0.124845,0.502464
38,0.317572,3.42733,0.971427,0,3.49222,10,0.606631,0.0694444,0.124845,0.502464
664,0.396629,3.42764,0.882822,0,3.49222,10,0.606631,0.0694444,0.124845,0.502464
664,0.396629,3.42764,0.882822,0,3.49222,10,0.606631,0.0694444,0.124845,0.502464
235,0.459372,3.42792,0.771071,0,3.49222,10,0.606631,0.0694444,0.124845,0.502464
235,0.459372,3.42792,0.771071,0,3.49222,10,0.606631,0.0694444,0.124845,0.502464
1093,0.49932,3.42825,0.639341,0,3.49222,10,0.606631,0.0694444,0.124845,0.502464
1093,0.49932,3.42825,0.639341,0,3.49222,10,0.606631,0.0694444,0.124845,0.502464
60,0.51914,3.42837,0.497602,0,3.49222,10,0.606631,0.0694444,0.124845,0.502464
1045,-0.251181,3.43443,0.640529,1,3.49222,10,0.606631,0.0694444,0.124845,0.502464
59,-0.271509,3.43465,0.498799,1,3.49222,10,0.606631,0.0694444,0.124845,0.502464
187,-0.21009,3.43417,0.771764,1,3.49222,10,0.606631,0.0694444,0.124845,0.502464
1045,-0.251181,3.43443,0.640529,1,3.49222,10,0.606631,0.0694444,0.124845,0.502464
616,-0.146715,3.4339,0.882673,1,3.49222,10,0.606631,0.0694444,0.124845,0.502464
187,-0.21009,3.43417,0.771764,1,3.49222,10,0.606631,0.0694444,0.124845,0.502464
16,-0.0674031,3.43368,0.970604,1,3.49222,10,0.606631,0.0694444,0.124845,0.502464
616,-0.146715,3.4339,0.882673,1,3.49222,10,0.606631,0.0694444,0.124845,0.502464
16,-0.0674031,3.43368,0.970604,1,3.49222,10,0.606631,0.0694444,0.124845,0.502464
615,0.0260503,3.43352,1.02108,1,3.49222,10,0.606631,0.0694444,0.124845,0.502464
615,0.0260503,3.43352,1.02108,1,3.49222,10,0.606631,0.0694444,0.124845,0.502464
186,0.125015,3.43346,1.0374,1,3.49222,10,0.606631,0.0694444,0.124845,0.502464
186,0.125015,3.43346,1.0374,1,3.49222,10,0.606631,0.0694444,0.124845,0.502464
1044,0.223979,3.43353,1.02108,1,3.49222,10,0.606631,0.0694444,0.124845,0.502464
1044,0.223979,3.43353,1.02108,1,3.49222,10,0.606631,0.0694444,0.124845,0.502464
38,0.317431,3.43369,0.970587,1,3.49222,10,0.606631,0.0694444,0.124845,0.502464
38,0.317431,3.43369,0.970587,1,3.49222,10,0.606631,0.0694444,0.124845,0.502464
664,0.396739,3.43391,0.882655,1,3.49222,10,0.606631,0.0694444,0.124845,0.502464
664,0.396739,3.43391,0.882655,1,3.49222,10,0.606631,0.0694444,0.124845,0.502464
235,0.460098,3.43418,0.771742,1,3.49222,10,0.606631,0.0694444,0.124845,0.502464
235,0.460098,3.43418,0.771742,1,3.49222,10,0.606631,0.0694444,0.124845,0.502464
1093,0.501167,3.43444,0.64051,1,3.49222,10,0.606631,0.0694444,0.124845,0.502464
1093,0.501167,3.43444,0.64051,1,3.49222,10,0.606631,0.0694444,0.124845,0.502464
60,0.521512,3.43469,0.498802,1,3.49222,10,0.606631,0.0694444,0.124845,0.502464
1045,-0.256801,3.44573,0.647637,0,3.99222,10,0.622414,0.0694444,0.124848,0.518248
59,-0.277479,3.44603,0.501406,0,3.99222,10,0.622414,0.0694444,0.124848,0.518248
187,-0.21573,3.44556,0.781602,0,3.99222,10,0.622414,0.0694444,0.124848,0.518248
1045,-0.256801,3.44573,0.647637,0,3.99222,10,0.622414,0.0694444,0.124848,0.518248
616,-0.150806,3.44566,0.894399,0,3.99222,10,0.622414,0.0694444,0.124848,0.518248
187,-0.21573,3.44556,0.781602,0,3.99222,10,0.622414,0.0694444,0.124848,0.518248
16,-0.0690466,3.44588,0.982478,0,3.99222,10,0.622414,0.0694444,0.124848,0.518248
616,-0.150806,3.44566,0.894399,0,3.99222,10,0.622414,0.0694444,0.124848,0.518248
16,-0.0690466,3.44588,0.982478,0,3.99222,10,0.622414,0.0694444,0.124848,0.518248
615,0.0257777,3.44613,1.0324,0,3.99222,10,0.622414,0.0694444,0.124848,0.518248
615,0.0257777,3.44613,1.0324,0,3.99222,10,0.622414,0.0694444,0.124848,0.518248
186,0.125007,3.44635,1.04827,0,3.99222,10,0.622414,0.0694444,0.124848,0.518248
186,0.125007,3.44635,1.04827,0,3.99222,10,0.622414,0.0694444,0.124848,0.518248
1044,0.224204,3.44611,1.03241,0,3.99222,10,0.622414,0.0694444,0.124848,0.518248
1044,0.224204,3.44611,1.03241,0,3.99222,10,0.622414,0.0694444,0.124848,0.518248
38,0.319042,3.44589,0.982491,0,3.99222,10,0.622414,0.0694444,0.124848,0.518248
38,0.319042,3.44589,0.982491,0,3.99222,10,0.622414,0.0694444,0.124848,0.518248
664,0.400786,3.44565,0.894355,0,3.99222,10,0.622414,0.0694444,0.124848,0.518248
664,0.400786,3.44565,0.894355,0,3.99222,10,0.622414,0.0694444,0.124848,0.518248
235,0.465768,3.44565,0.781576,0,3.99222,10,0.622414,0.0694444,0.124848,0.518248
235,0.465768,3.44565,0.781576,0,3.99222,10,0.622414,0.0694444,0.124848,0.518248
1093,0.506849,3.44566,0.64762,0,3.99222,10,0.622414,0.0694444,0.124848,0.518248
1093,0.506849,3.44566,0.64762,0,3.99222,10,0.622414,0.0694444,0.124848,0.518248
60,0.527489,3.446,0.501475,0,3.99222,10,0.622414,0.0694444,0.124848,0.518248
1045,-0.258895,3.46206,0.651371,1,3.99222,10,0.622414,0.0694444,0.124848,0.518248
59,-0.28105,3.46229,0.505269,1,3.99222,10,0.622414,0.0694444,0.124848,0.518248
187,-0.2155,3.46173,0.784348,1,3.99222,10,0.622414,0.0694444,0.124848,0.518248
1045,-0.258895,3.46206,0.651371,1,3.99222,10,0.622414,0.0694444,0.124848,0.518248
616,-0.149808,3.46143,0.895801,1,3.99222,10,0.622414,0.0694444,0.124848,0.518248
187,-0.2155,3.46173,0.784348,1,3.99222,10,0.622414,0.0694444,0.124848,0.518248
16,-0.068321,3.46118,0.983296,1,3.99222,10,0.622414,0.0694444,0.124848,0.518248
616,-0.149808,3.46143,0.895801,1,3.99222,10,0.622414,0.0694444,0.124848,0.518248
16,-0.068321,3.46118,0.983296,1,3.99222,10,0.622414,0.0694444,0.124848,0.518248
615,0.0261605,3.46103,1.03326,1,3.99222,10,0.622414,0.0694444,0.124848,0.518248
615,0.0261605,3.46103,1.03326,1,3.99222,10,0.622414,0.0694444,0.124848,0.518248
186,0.12502,3.46099,1.04934,1,3.99222,10,0.622414,0.0694444,0.124848,0.518248
186,0.12502,3.46099,1.04934,1,3.99222,10,0.622414,0.0694444,0.124848,0.518248
1044,0.223888,3.46104,1.03323,1,3.99222,10,0.622414,0.0694444,0.124848,0.518248
1044,0.223888,3.46104,1.03323,1,3.99222,10,0.622414,0.0694444,0.124848,0.518248
38,0.318358,3.46119,0.983245,1,3.99222,10,0.622414,0.0694444,0.124848,0.518248
38,0.318358,3.46119,0.983245,1,3.99222,10,0.622414,0.0694444,0.124848,0.518248
664,0.399809,3.46144,0.895707,1,3.99222,10,0.622414,0.0694444,0.124848,0.518248
664,0.399809,3.46144,0.895707,1,3.99222,10,0.622414,0.0694444,0.124848,0.518248
235,0.46545,3.46173,0.784249,1,3.99222,10,0.622414,0.0694444,0.124848,0.518248
235,0.46545,3.46173,0.784249,1,3.99222,10,0.622414,0.0694444,0.124848,0.518248
1093,0.508861,3.46204,0.651348,1,3.99222,10,0.622414,0.0694444,0.124848,0.518248
1093,0.508861,3.46204,0.651348,1,3.99222,10,0.622414,0.0694444,0.124848,0.518248
60,0.53106,3.46232,0.505217,1,3.99222,10,0.622414,0.0694444,0.124848,0.518248
1045,-0.262389,3.48044,0.658672,0,4.49222,10,0.642548,0.0694444,0.124843,0.538382
59,-0.283298,3.481,0.507609,0,4.49222,10,0.642548,0.0694444,0.124843,0.538382
187,-0.221085,3.48034,0.795739,0,4.49222,10,0.642548,0.0694444,0.124843,0.538382
1045,-0.262389,3.48044,0.658672,0,4.49222,10,0.642548,0.0694444,0.124843,0.538382
616,-0.154842,3.48068,0.910422,0,4.49222,10,0.642548,0.0694444,0.124843,0.538382
187,-0.221085,3.48034,0.795739,0,4.49222,10,0.642548,0.0694444,0.124843,0.538382
16,-0.0710786,3.4813,0.999033,0,4.49222,10,0.642548,0.0694444,0.124843,0.538382
616,-0.154842,3.48068,0.910422,0,4.49222,10,0.642548,0.0694444,0.124843,0.538382
16,-0.0710786,3.4813,0.999033,0,4.49222,10,0.642548,0.0694444,0.124843,0.538382
615,0.0254564,3.48159,1.04894,0,4.49222,10,0.642548,0.0694444,0.124843,0.538382
615,0.0254564,3.48159,1.04894,0,4.49222,10,0.642548,0.0694444,0.124843,0.538382
186,0.125098,3.48182,1.0649,0,4.49222,10,0.642548,0.0694444,0.124843,0.538382
186,0.125098,3.48182,1.0649,0,4.49222,10,0.642548,0.0694444,0.124843,0.538382
1044,0.224616,3.48162,1.04885,0,4.49222,10,0.642548,0.0694444,0.124843,0.538382
1044,0.224616,3.48162,1.04885,0,4.49222,10,0.642548,0.0694444,0.124843,0.538382
38,0.321104,3.48129,0.999041,0,4.49222,10,0.642548,0.0694444,0.124843,0.538382
38,0.321104,3.48129,0.999041,0,4.49222,10,0.642548,0.0694444,0.124843,0.538382
664,0.404903,3.48071,0.91035,0,4.49222,10,0.642548,0.0694444,0.124843,0.538382
664,0.404903,3.48071,0.91035,0,4.49222,10,0.642548,0.0694444,0.124843,0.538382
235,0.4712,3.48037,0.79575,0,4.49222,10,0.642548,0.0694444,0.124843,0.538382
235,0.4712,3.48037,0.79575,0,4.49222,10,0.642548,0.0694444,0.124843,0.538382
1093,0.512454,3.48035,0.658675,0,4.49222,10,0.642548,0.0694444,0.124843,0.538382
1093,0.512454,3.48035,0.658675,0,4.49222,10,0.642548,0.0694444,0.124843,0.538382
60,0.533352,3.48108,0.507634,0,4.49222,10,0.642548,0.0694444,0.124843,0.538382
1045,-0.266697,3.495,0.661924,1,4.49222,10,0.642548,0.0694444,0.124843,0.538382
59,-0.29098,3.49518,0.51167,1,4.49222,10,0.642548,0.0694444,0.124843,0.538382
187,-0.221271,3.49471,0.796876,1,4.49222,10,0.642548,0.0694444,0.124843,0.538382
1045,-0.266697,3.495,0.661924,1,4.49222,10,0.642548,0.0694444,0.124843,0.538382
616,-0.153395,3.4944,0.909269,1,4.49222,10,0.642548,0.0694444,0.124843,0.538382
187,-0.221271,3.49471,0.796876,1,4.49222,10,0.642548,0.0694444,0.124843,0.538382
16,-0.0697548,3.49406,0.996738,1,4.49222,10,0.642548,0.0694444,0.124843,0.538382
616,-0.153395,3.4944,0.909269,1,4.49222,10,0.642548,0.0694444,0.124843,0.538382
16,-0.0697548,3.49406,0.996738,1,4.49222,10,0.642548,0.0694444,0.124843,0.538382
615,0.0260047,3.4938,1.04653,1,4.49222,10,0.642548,0.0694444,0.124843,0.538382
615,0.0260047,3.4938,1.04653,1,4.49222,10,0.642548,0.0694444,0.124843,0.538382
186,0.125013,3.4937,1.06267,1,4.49222,10,0.642548,0.0694444,0.124843,0.538382
186,0.125013,3.4937,1.06267,1,4.49222,10,0.642548,0.0694444,0.124843,0.538382
1044,0.224019,3.49381,1.0465,1,4.49222,10,0.642548,0.0694444,0.124843,0.538382
1044,0.224019,3.49381,1.0465,1,4.49222,10,0.642548,0.0694444,0.124843,0.538382
38,0.319752,3.49406,0.99667,1,4.49222,10,0.642548,0.0694444,0.124843,0.538382
38,0.319752,3.49406,0.99667,1,4.49222,10,0.642548,0.0694444,0.124843,0.538382
664,0.403367,3.49441,0.909189,1,4.49222,10,0.642548,0.0694444,0.124843,0.538382
664,0.403367,3.49441,0.909189,1,4.49222,10,0.642548,0.0694444,0.124843,0.538382
235,0.471218,3.49472,0.796828,1,4.49222,10,0.642548,0.0694444,0.124843,0.538382
235,0.471218,3.49472,0.796828,1,4.49222,10,0.642548,0.0694444,0.124843,0.538382
1093,0.516723,3.495,0.661997,1,4.49222,10,0.642548,0.0694444,0.124843,0.538382
1093,0.516723,3.495,0.661997,1,4.49222,10,0.642548,0.0694444,0.124843,0.538382
60,0.540991,3.49528,0.511655,1,4.49222,10,0.642548,0.0694444,0.124843,0.538382
1045,-0.269657,3.50848,0.667486,0,4.99222,10,0.6545,0.0694444,0.124843,0.550333
59,-0.294225,3.50905,0.513352,0,4.99222,10,0.6545,0.0694444,0.124843,0.550333
187,-0.22589,3.50834,0.805785,0,4.99222,10,0.6545,0.0694444,0.124843,0.550333
1045,-0.269657,3.50848,0.667486,0,4.99222,10,0.6545,0.0694444,0.124843,0.550333
616,-0.157599,3.50833,0.921179,0,4.99222,10,0.6545,0.0694444,0.124843,0.550333
187,-0.22589,3.50834,0.805785,0,4.99222,10,0.6545,0.0694444,0.124843,0.550333
16,-0.0723465,3.5086,1.01024,0,4.99222,10,0.6545,0.0694444,0.124843,0.550333
616,-0.157599,3.50833,0.921179,0,4.99222,10,0.6545,0.0694444,0.124843,0.550333
16,-0.0723465,3.5086,1.01024,0,4.99222,10,0.6545,0.0694444,0.124843,0.550333
615,0.0251262,3.50888,1.06078,0,4.99222,10,0.6545,0.0694444,0.124843,0.550333
615,0.0251262,3.50888,1.06078,0,4.99222,10,0.6545,0.0694444,0.124843,0.550333
186,0.125038,3.50908,1.07724,0,4.99222,10,0.6545,0.0694444,0.124843,0.550333
186,0.125038,3.50908,1.07724,0,4.99222,10,0.6545,0.0694444,0.124843,0.550333
1044,0.224892,3.50885,1.06077,0,4.99222,10,0.6545,0.0694444,0.124843,0.550333
1044,0.224892,3.50885,1.06077,0,4.99222,10,0.6545,0.0694444,0.124843,0.550333
38,0.322303,3.50865,1.01024,0,4.99222,10,0.6545,0.0694444,0.124843,0.550333
38,0.322303,3.50865,1.01024,0,4.99222,10,0.6545,0.0694444,0.124843,0.550333
664,0.407673,3.50829,0.921287,0,4.99222,10,0.6545,0.0694444,0.124843,0.550333
664,0.407673,3.50829,0.921287,0,4.99222,10,0.6545,0.0694444,0.124843,0.550333
235,0.475918,3.50829,0.805833,0,4.99222,10,0.6545,0.0694444,0.124843,0.550333
235,0.475918,3.50829,0.805833,0,4.99222,10,0.6545,0.0694444,0.124843,0.550333
1093,0.519684,3.50847,0.667553,0,4.99222,10,0.6545,0.0694444,0.124843,0.550333
1093,0.519684,3.50847,0.667553,0,4.99222,10,0.6545,0.0694444,0.124843,0.550333
60,0.544223,3.50904,0.513434,0,4.99222,10,0.6545,0.0694444,0.124843,0.550333
1045,-0.274377,3.52572,0.671049,1,4.99222,10,0.6545,0.0694444,0.124843,0.550333
59,-0.301004,3.52594,0.516989,1,4.99222,10,0.6545,0.0694444,0.124843,0.550333
187,-0.227092,3.52545,0.808026,1,4.99222,10,0.6545,0.0694444,0.124843,0.550333
1045,-0.274377,3.52572,0.671049,1,4.99222,10,0.6545,0.0694444,0.124843,0.550333
616,-0.157121,3.52516,0.921541,1,4.99222,10,0.6545,0.0694444,0.124843,0.550333
187,-0.227092,3.52545,0.808026,1,4.99222,10,0.6545,0.0694444,0.124843,0.550333
16,-0.0713955,3.52488,1.00923,1,4.99222,10,0.6545,0.0694444,0.124843,0.550333
616,-0.157121,3.52516,0.921541,1,4.99222,10,0.6545,0.0694444,0.124843,0.550333
16,-0.0713955,3.52488,1.00923,1,4.99222,10,0.6545,0.0694444,0.124843,0.550333
615,0.0256987,3.52469,1.05913,1,4.99222,10,0.6545,0.0694444,0.124843,0.550333
615,0.0256987,3.52469,1.05913,1,4.99222,10,0.6545,0.0694444,0.124843,0.550333
186,0.125005,3.52463,1.07551,1,4.99222,10,0.6545,0.0694444,0.124843,0.550333
186,0.125005,3.52463,1.07551,1,4.99222,10,0.6545,0.0694444,0.124843,0.550333
1044,0.224319,3.52471,1.05909,1,4.99222,10,0.6545,0.0694444,0.124843,0.550333
1044,0.224319,3.52471,1.05909,1,4.99222,10,0.6545,0.0694444,0.124843,0.550333
38,0.321394,3.5249,1.00916,1,4.99222,10,0.6545,0.0694444,0.124843,0.550333
38,0.321394,3.5249,1.00916,1,4.99222,10,0.6545,0.0694444,0.124843,0.550333
664,0.407095,3.52516,0.921471,1,4.99222,10,0.6545,0.0694444,0.124843,0.550333
664,0.407095,3.52516,0.921471,1,4.99222,10,0.6545,0.0694444,0.124843,0.550333
235,0.47702,3.52541,0.807979,1,4.99222,10,0.6545,0.0694444,0.124843,0.550333
235,0.47702,3.52541,0.807979,1,4.99222,10,0.6545,0.0694444,0.124843,0.550333
1093,0.524417,3.52565,0.671157,1,4.99222,10,0.6545,0.0694444,0.124843,0.550333
1093,0.524417,3.52565,0.671157,1,4.99222,10,0.6545,0.0694444,0.124843,0.550333
60,0.55102,3.52593,0.516967,1,4.99222,10,0.6545,0.0694444,0.124843,0.550333
1045,-0.276423,3.54206,0.676316,0,5.49222,10,0.669845,0.0694444,0.124842,0.565678
59,-0.303577,3.54259,0.518886,0,5.49222,10,0.669845,0.0694444,0.124842,0.565678
187,-0.23133,3.54189,0.81676,0,5.49222,10,0.669845,0.0694444,0.124842,0.565678
1045,-0.276423,3.54206,0.676316,0,5.49222,10,0.669845,0.0694444,0.124842,0.565678
616,-0.16138,3.54197,0.933636,0,5.49222,10,0.669845,0.0694444,0.124842,0.565678
187,-0.23133,3.54189,0.81676,0,5.49222,10,0.669845,0.0694444,0.124842,0.565678
16,-0.0739979,3.54228,1.02315,0,5.49222,10,0.669845,0.0694444,0.124842,0.565678
616,-0.16138,3.54197,0.933636,0,5.49222,10,0.669845,0.0694444,0.124842,0.565678
16,-0.0739979,3.54228,1.02315,0,5.49222,10,0.669845,0.0694444,0.124842,0.565678
615,0.0248015,3.54262,1.07399,0,5.49222,10,0.669845,0.0694444,0.124842,0.565678
615,0.0248015,3.54262,1.07399,0,5.49222,10,0.669845,0.0694444,0.124842,0.565678
186,0.125031,3.54281,1.09081,0,5.49222,10,0.669845,0.0694444,0.124842,0.565678
186,0.125031,3.54281,1.09081,0,5.49222,10,0.669845,0.0694444,0.124842,0.565678
1044,0.225239,3.54257,1.07394,0,5.49222,10,0.669845,0.0694444,0.124842,0.565678
1044,0.225239,3.54257,1.07394,0,5.49222,10,0.669845,0.0694444,0.124842,0.565678
38,0.32407,3.54224,1.02319,0,5.49222,10,0.669845,0.0694444,0.124842,0.565678
38,0.32407,3.54224,1.02319,0,5.49222,10,0.669845,0.0694444,0.124842,0.565678
664,0.411422,3.54198,0.933623,0,5.49222,10,0.669845,0.0694444,0.124842,0.565678
664,0.411422,3.54198,0.933623,0,5.49222,10,0.669845,0.0694444,0.124842,0.565678
235,0.481378,3.54192,0.816726,0,5.49222,10,0.669845,0.0694444,0.124842,0.565678
235,0.481378,3.54192,0.816726,0,5.49222,10,0.669845,0.0694444,0.124842,0.565678
1093,0.526482,3.54198,0.676243,0,5.49222,10,0.669845,0.0694444,0.124842,0.565678
1093,0.526482,3.54198,0.676243,0,5.49222,10,0.669845,0.0694444,0.124842,0.565678
60,0.553536,3.54268,0.518927,0,5.49222,10,0.669845,0.0694444,0.124842,0.565678
1045,-0.28197,3.5567,0.679461,1,5.49222,10,0.669845,0.0694444,0.124842,0.565678
59,-0.311048,3.55681,0.521906,1,5.49222,10,0.669845,0.0694444,0.124842,0.565678
187,-0.232856,3.55654,0.818351,1,5.49222,10,0.669845,0.0694444,0.124842,0.565678
1045,-0.28197,3.5567,0.679461,1,5.49222,10,0.669845,0.0694444,0.124842,0.565678
616,-0.16091,3.55637,0.933015,1,5.49222,10,0.669845,0.0694444,0.124842,0.565678
187,-0.232856,3.55654,0.818351,1,5.49222,10,0.669845,0.0694444,0.124842,0.565678
16,-0.0731591,3.55614,1.02103,1,5.49222,10,0.669845,0.0694444,0.124842,0.565678
616,-0.16091,3.55637,0.933015,1,5.49222,10,0.669845,0.0694444,0.124842,0.565678
16,-0.0731591,3.55614,1.02103,1,5.49222,10,0.669845,0.0694444,0.124842,0.565678
615,0.025329,3.55596,1.07107,1,5.49222,10,0.669845,0.0694444,0.124842,0.565678
615,0.025329,3.55596,1.07107,1,5.49222,10,0.669845,0.0694444,0.124842,0.565678
186,0.125018,3.5559,1.08774,1,5.49222,10,0.669845,0.0694444,0.124842,0.565678
186,0.125018,3.5559,1.08774,1,5.49222,10,0.669845,0.0694444,0.124842,0.565678
1044,0.224714,3.55595,1.07105,1,5.49222,10,0.669845,0.0694444,0.124842,0.565678
1044,0.224714,3.55595,1.07105,1,5.49222,10,0.669845,0.0694444,0.124842,0.565678
38,0.323197,3.55608,1.021,1,5.49222,10,0.669845,0.0694444,0.124842,0.565678
38,0.323197,3.55608,1.021,1,5.49222,10,0.669845,0.0694444,0.124842,0.565678
664,0.41092,3.55627,0.932978,1,5.49222,10,0.669845,0.0694444,0.124842,0.565678
664,0.41092,3.55627,0.932978,1,5.49222,10,0.669845,0.0694444,0.124842,0.565678
235,0.482851,3.55647,0.818331,1,5.49222,10,0.669845,0.0694444,0.124842,0.565678
235,0.482851,3.55647,0.818331,1,5.49222,10,0.669845,0.0694444,0.124842,0.565678
1093,0.532031,3.55668,0.679547,1,5.49222,10,0.669845,0.0694444,0.124842,0.565678
1093,0.532031,3.55668,0.679547,1,5.49222,10,0.669845,0.0694444,0.124842,0.565678
60,0.56106,3.55698,0.521905,1,5.49222,10,0.669845,0.0694444,0.124842,0.565678
1045,-0.283254,3.57716,0.68482,0,5.99222,10,0.684484,0.0694444,0.124837,0.580317
59,-0.312384,3.57773,0.524484,0,5.99222,10,0.684484,0.0694444,0.124837,0.580317
187,-0.237186,3.57706,0.827216,0,5.99222,10,0.684484,0.0694444,0.124837,0.580317
1045,-0.283254,3.57716,0.68482,0,5.99222,10,0.684484,0.0694444,0.124837,0.580317
616,-0.165547,3.57723,0.945296,0,5.99222,10,0.684484,0.0694444,0.124837,0.580317
187,-0.237186,3.57706,0.827216,0,5.99222,10,0.684484,0.0694444,0.124837,0.580317
16,-0.0760639,3.57757,1.03509,0,5.99222,10,0.684484,0.0694444,0.124837,0.580317
616,-0.165547,3.57723,0.945296,0,5.99222,10,0.684484,0.0694444,0.124837,0.580317
16,-0.0760639,3.57757,1.03509,0,5.99222,10,0.684484,0.0694444,0.124837,0.580317
615,0.0243844,3.5779,1.08569,0,5.99222,10,0.684484,0.0694444,0.124837,0.580317
615,0.0243844,3.5779,1.08569,0,5.99222,10,0.684484,0.0694444,0.124837,0.580317
186,0.125019,3.57807,1.10268,0,5.99222,10,0.684484,0.0694444,0.124837,0.580317
186,0.125019,3.57807,1.10268,0,5.99222,10,0.684484,0.0694444,0.124837,0.580317
1044,0.225686,3.57785,1.08567,0,5.99222,10,0.684484,0.0694444,0.124837,0.580317
1044,0.225686,3.57785,1.08567,0,5.99222,10,0.684484,0.0694444,0.124837,0.580317
38,0.326062,3.5775,1.03501,0,5.99222,10,0.684484,0.0694444,0.124837,0.580317
38,0.326062,3.5775,1.03501,0,5.99222,10,0.684484,0.0694444,0.124837,0.580317
664,0.415502,3.57718,0.945245,0,5.99222,10,0.684484,0.0694444,0.124837,0.580317
664,0.415502,3.57718,0.945245,0,5.99222,10,0.684484,0.0694444,0.124837,0.580317
235,0.487234,3.57707,0.82723,0,5.99222,10,0.684484,0.0694444,0.124837,0.580317
235,0.487234,3.57707,0.82723,0,5.99222,10,0.684484,0.0694444,0.124837,0.580317
1093,0.53327,3.57713,0.684818,0,5.99222,10,0.684484,0.0694444,0.124837,0.580317
1093,0.53327,3.57713,0.684818,0,5.99222,10,0.684484,0.0694444,0.124837,0.580317
60,0.562329,3.57783,0.524501,0,5.99222,10,0.684484,0.0694444,0.124837,0.580317
1045,-0.289276,3.58626,0.687183,1,5.99222,10,0.684484,0.0694444,0.124837,0.580317
59,-0.320751,3.58626,0.526356,1,5.99222,10,0.684484,0.0694444,0.124837,0.580317
187,-0.238487,3.58626,0.827939,1,5.99222,10,0.684484,0.0694444,0.124837,0.580317
1045,-0.289276,3.58626,0.687183,1,5.99222,10,0.684484,0.0694444,0.124837,0.580317
616,-0.164723,3.58624,0.94383,1,5.99222,10,0.684484,0.0694444,0.124837,0.580317
187,-0.238487,3.58626,0.827939,1,5.99222,10,0.684484,0.0694444,0.124837,0.580317
16,-0.0750693,3.58618,1.03229,1,5.99222,10,0.684484,0.0694444,0.124837,0.580317
616,-0.164723,3.58624,0.94383,1,5.99222,10,0.684484,0.0694444,0.124837,0.580317
16,-0.0750693,3.58618,1.03229,1,5.99222,10,0.684484,0.0694444,0.124837,0.580317
615,0.0248561,3.58609,1.08258,1,5.99222,10,0.684484,0.0694444,0.124837,0.580317
615,0.0248561,3.58609,1.08258,1,5.99222,10,0.684484,0.0694444,0.124837,0.580317
186,0.125025,3.586,1.09955,1,5.99222,10,0.684484,0.0694444,0.124837,0.580317
186,0.125025,3.586,1.09955,1,5.99222,10,0.684484,0.0694444,0.124837,0.580317
1044,0.225198,3.58602,1.08256,1,5.99222,10,0.684484,0.0694444,0.124837,0.580317
1044,0.225198,3.58602,1.08256,1,5.99222,10,0.684484,0.0694444,0.124837,0.580317
38,0.325131,3.58609,1.03231,1,5.99222,10,0.684484,0.0694444,0.124837,0.580317
38,0.325131,3.58609,1.03231,1,5.99222,10,0.684484,0.0694444,0.124837,0.580317
664,0.414786,3.58621,0.943841,1,5.99222,10,0.684484,0.0694444,0.124837,0.580317
664,0.414786,3.58621,0.943841,1,5.99222,10,0.684484,0.0694444,0.124837,0.580317
235,0.488565,3.58628,0.827943,1,5.99222,10,0.684484,0.0694444,0.124837,0.580317
235,0.488565,3.58628,0.827943,1,5.99222,10,0.684484,0.0694444,0.124837,0.580317
1093,0.539348,3.58632,0.687212,1,5.99222,10,0.684484,0.0694444,0.124837,0.580317
1093,0.539348,3.58632,0.687212,1,5.99222,10,0.684484,0.0694444,0.124837,0.580317
60,0.570787,3.58643,0.526372,1,5.99222,10,0.684484,0.0694444,0.124837,0.580317
1045,-0.290007,3.6042,0.691247,0,6.49222,10,0.695883,0.0694444,0.124835,0.591716
59,-0.3222,3.60453,0.528196,0,6.49222,10,0.695883,0.0694444,0.124835,0.591716
187,-0.241897,3.60428,0.835271,0,6.49222,10,0.695883,0.0694444,0.124835,0.591716
1045,-0.290007,3.6042,0.691247,0,6.49222,10,0.695883,0.0694444,0.124835,0.591716
616,-0.168683,3.60451,0.9547,0,6.49222,10,0.695883,0.0694444,0.124835,0.591716
187,-0.241897,3.60428,0.835271,0,6.49222,10,0.695883,0.0694444,0.124835,0.591716
16,-0.0778256,3.60488,1.04542,0,6.49222,10,0.695883,0.0694444,0.124835,0.591716
616,-0.168683,3.60451,0.9547,0,6.49222,10,0.695883,0.0694444,0.124835,0.591716
16,-0.0778256,3.60488,1.04542,0,6.49222,10,0.695883,0.0694444,0.124835,0.591716
615,0.0238029,3.60522,1.09681,0,6.49222,10,0.695883,0.0694444,0.124835,0.591716
615,0.0238029,3.60522,1.09681,0,6.49222,10,0.695883,0.0694444,0.124835,0.591716
186,0.125012,3.60542,1.11426,0,6.49222,10,0.695883,0.0694444,0.124835,0.591716
186,0.125012,3.60542,1.11426,0,6.49222,10,0.695883,0.0694444,0.124835,0.591716
1044,0.226235,3.60528,1.09678,0,6.49222,10,0.695883,0.0694444,0.124835,0.591716
1044,0.226235,3.60528,1.09678,0,6.49222,10,0.695883,0.0694444,0.124835,0.591716
38,0.327847,3.60499,1.04544,0,6.49222,10,0.695883,0.0694444,0.124835,0.591716
38,0.327847,3.60499,1.04544,0,6.49222,10,0.695883,0.0694444,0.124835,0.591716
664,0.418708,3.60462,0.954675,0,6.49222,10,0.695883,0.0694444,0.124835,0.591716
664,0.418708,3.60462,0.954675,0,6.49222,10,0.695883,0.0694444,0.124835,0.591716
235,0.491907,3.60431,0.835265,0,6.49222,10,0.695883,0.0694444,0.124835,0.591716
235,0.491907,3.60431,0.835265,0,6.49222,10,0.695883,0.0694444,0.124835,0.591716
1093,0.540027,3.60413,0.691262,0,6.49222,10,0.695883,0.0694444,0.124835,0.591716
1093,0.540027,3.60413,0.691262,0,6.49222,10,0.695883,0.0694444,0.124835,0.591716
60,0.572249,3.60459,0.528248,0,6.49222,10,0.695883,0.0694444,0.124835,0.591716
1045,-0.296369,3.61496,0.694215,1,6.49222,10,0.695883,0.0694444,0.124835,0.591716
59,-0.330308,3.61487,0.530439,1,6.49222,10,0.695883,0.0694444,0.124835,0.591716
187,-0.243963,3.61502,0.836808,1,6.49222,10,0.695883,0.0694444,0.124835,0.591716
1045,-0.296369,3.61496,0.694215,1,6.49222,10,0.695883,0.0694444,0.124835,0.591716
616,-0.168414,3.61506,0.953904,1,6.49222,10,0.695883,0.0694444,0.124835,0.591716
187,-0.243963,3.61502,0.836808,1,6.49222,10,0.695883,0.0694444,0.124835,0.591716
16,-0.0769888,3.61505,1.04291,1,6.49222,10,0.695883,0.0694444,0.124835,0.591716
616,-0.168414,3.61506,0.953904,1,6.49222,10,0.695883,0.0694444,0.124835,0.591716
16,-0.0769888,3.61505,1.04291,1,6.49222,10,0.695883,0.0694444,0.124835,0.591716
615,0.0243288,3.61501,1.09348,1,6.49222,10,0.695883,0.0694444,0.124835,0.591716
615,0.0243288,3.61501,1.09348,1,6.49222,10,0.695883,0.0694444,0.124835,0.591716
186,0.125017,3.61498,1.11081,1,6.49222,10,0.695883,0.0694444,0.124835,0.591716
186,0.125017,3.61498,1.11081,1,6.49222,10,0.695883,0.0694444,0.124835,0.591716
1044,0.225703,3.61504,1.09345,1,6.49222,10,0.695883,0.0694444,0.124835,0.591716
1044,0.225703,3.61504,1.09345,1,6.49222,10,0.695883,0.0694444,0.124835,0.591716
38,0.327012,3.6151,1.04289,1,6.49222,10,0.695883,0.0694444,0.124835,0.591716
38,0.327012,3.6151,1.04289,1,6.49222,10,0.695883,0.0694444,0.124835,0.591716
664,0.418436,3.61511,0.953896,1,6.49222,10,0.695883,0.0694444,0.124835,0.591716
664,0.418436,3.61511,0.953896,1,6.49222,10,0.695883,0.0694444,0.124835,0.591716
235,0.49399,3.61505,0.836809,1,6.49222,10,0.695883,0.0694444,0.124835,0.591716
235,0.49399,3.61505,0.836809,1,6.49222,10,0.695883,0.0694444,0.124835,0.591716
1093,0.546404,3.61496,0.694251,1,6.49222,10,0.695883,0.0694444,0.124835,0.591716
1093,0.546404,3.61496,0.694251,1,6.49222,10,0.695883,0.0694444,0.124835,0.591716
60,0.580331,3.61497,0.53047,1,6.49222,10,0.695883,0.0694444,0.124835,0.591716
1045,-0.296455,3.63162,0.697441,0,6.99222,10,0.707257,0.0694444,0.124832,0.603091
59,-0.331045,3.63193,0.5317,0,6.99222,10,0.707257,0.0694444,0.124832,0.603091
187,-0.24705,3.6318,0.843302,0,6.99222,10,0.707257,0.0694444,0.124832,0.603091
1045,-0.296455,3.63162,0.697441,0,6.99222,10,0.707257,0.0694444,0.124832,0.603091
616,-0.172152,3.63207,0.963906,0,6.99222,10,0.707257,0.0694444,0.124832,0.603091
187,-0.24705,3.6318,0.843302,0,6.99222,10,0.707257,0.0694444,0.124832,0.603091
16,-0.0797959,3.6324,1.05531,0,6.99222,10,0.707257,0.0694444,0.124832,0.603091
616,-0.172152,3.63207,0.963906,0,6.99222,10,0.707257,0.0694444,0.124832,0.603091
16,-0.0797959,3.6324,1.05531,0,6.99222,10,0.707257,0.0694444,0.124832,0.603091
615,0.0231565,3.63268,1.10724,0,6.99222,10,0.707257,0.0694444,0.124832,0.603091
615,0.0231565,3.63268,1.10724,0,6.99222,10,0.707257,0.0694444,0.124832,0.603091
186,0.125024,3.63287,1.1251,0,6.99222,10,0.707257,0.0694444,0.124832,0.603091
186,0.125024,3.63287,1.1251,0,6.99222,10,0.707257,0.0694444,0.124832,0.603091
1044,0.226926,3.6327,1.10723,0,6.99222,10,0.707257,0.0694444,0.124832,0.603091
1044,0.226926,3.6327,1.10723,0,6.99222,10,0.707257,0.0694444,0.124832,0.603091
38,0.329847,3.63242,1.05537,0,6.99222,10,0.707257,0.0694444,0.124832,0.603091
38,0.329847,3.63242,1.05537,0,6.99222,10,0.707257,0.0694444,0.124832,0.603091
664,0.422175,3.63208,0.963951,0,6.99222,10,0.707257,0.0694444,0.124832,0.603091
664,0.422175,3.63208,0.963951,0,6.99222,10,0.707257,0.0694444,0.124832,0.603091
235,0.497084,3.63179,0.843339,0,6.99222,10,0.707257,0.0694444,0.124832,0.603091
235,0.497084,3.63179,0.843339,0,6.99222,10,0.707257,0.0694444,0.124832,0.603091
1093,0.546472,3.63158,0.697474,0,6.99222,10,0.707257,0.0694444,0.124832,0.603091
1093,0.546472,3.63158,0.697474,0,6.99222,10,0.707257,0.0694444,0.124832,0.603091
60,0.581082,3.63199,0.531763,0,6.99222,10,0.707257,0.0694444,0.124832,0.603091
1045,-0.303258,3.64212,0.700649,1,6.99222,10,0.707257,0.0694444,0.124832,0.603091
59,-0.339518,3.64198,0.534059,1,6.99222,10,0.707257,0.0694444,0.124832,0.603091
187,-0.249332,3.64223,0.845027,1,6.99222,10,0.707257,0.0694444,0.124832,0.603091
1045,-0.303258,3.64212,0.700649,1,6.99222,10,0.707257,0.0694444,0.124832,0.603091
616,-0.172086,3.64231,0.963353,1,6.99222,10,0.707257,0.0694444,0.124832,0.603091
187,-0.249332,3.64223,0.845027,1,6.99222,10,0.707257,0.0694444,0.124832,0.603091
16,-0.0789299,3.6423,1.05295,1,6.99222,10,0.707257,0.0694444,0.124832,0.603091
616,-0.172086,3.64231,0.963353,1,6.99222,10,0.707257,0.0694444,0.124832,0.603091
16,-0.0789299,3.6423,1.05295,1,6.99222,10,0.707257,0.0694444,0.124832,0.603091
615,0.0237597,3.64225,1.10387,1,6.99222,10,0.707257,0.0694444,0.124832,0.603091
615,0.0237597,3.64225,1.10387,1,6.99222,10,0.707257,0.0694444,0.124832,0.603091
186,0.125032,3.64222,1.12158,1,6.99222,10,0.707257,0.0694444,0.124832,0.603091
186,0.125032,3.64222,1.12158,1,6.99222,10,0.707257,0.0694444,0.124832,0.603091
1044,0.226306,3.64225,1.10386,1,6.99222,10,0.707257,0.0694444,0.124832,0.603091
1044,0.226306,3.64225,1.10386,1,6.99222,10,0.707257,0.0694444,0.124832,0.603091
38,0.328996,3.6423,1.05292,1,6.99222,10,0.707257,0.0694444,0.124832,0.603091
38,0.328996,3.6423,1.05292,1,6.99222,10,0.707257,0.0694444,0.124832,0.603091
664,0.422137,3.64231,0.96333,1,6.99222,10,0.707257,0.0694444,0.124832,0.603091
664,0.422137,3.64231,0.96333,1,6.99222,10,0.707257,0.0694444,0.124832,0.603091
235,0.499364,3.64222,0.845002,1,6.99222,10,0.707257,0.0694444,0.124832,0.603091
235,0.499364,3.64222,0.845002,1,6.99222,10,0.707257,0.0694444,0.124832,0.603091
1093,0.553264,3.64205,0.700629,1,6.99222,10,0.707257,0.0694444,0.124832,0.603091
1093,0.553264,3.64205,0.700629,1,6.99222,10,0.707257,0.0694444,0.124832,0.603091
60,0.589519,3.64202,0.534083,1,6.99222,10,0.707257,0.0694444,0.124832,0.603091
1045,-0.302754,3.65891,0.702939,0,7.49222,10,0.717448,0.0694444,0.124827,0.613281
59,-0.339784,3.65916,0.53478,0,7.49222,10,0.717448,0.0694444,0.124827,0.613281
187,-0.251964,3.65903,0.850479,0,7.49222,10,0.717448,0.0694444,0.124827,0.613281
1045,-0.302754,3.65891,0.702939,0,7.49222,10,0.717448,0.0694444,0.124827,0.613281
616,-0.175568,3.65927,0.972274,0,7.49222,10,0.717448,0.0694444,0.124827,0.613281
187,-0.251964,3.65903,0.850479,0,7.49222,10,0.717448,0.0694444,0.124827,0.613281
16,-0.0817503,3.65953,1.06447,0,7.49222,10,0.717448,0.0694444,0.124827,0.613281
616,-0.175568,3.65927,0.972274,0,7.49222,10,0.717448,0.0694444,0.124827,0.613281
16,-0.0817503,3.65953,1.06447,0,7.49222,10,0.717448,0.0694444,0.124827,0.613281
615,0.0224501,3.65977,1.11698,0,7.49222,10,0.717448,0.0694444,0.124827,0.613281
615,0.0224501,3.65977,1.11698,0,7.49222,10,0.717448,0.0694444,0.124827,0.613281
186,0.125007,3.65993,1.13525,0,7.49222,10,0.717448,0.0694444,0.124827,0.613281
186,0.125007,3.65993,1.13525,0,7.49222,10,0.717448,0.0694444,0.124827,0.613281
1044,0.227547,3.65977,1.11698,0,7.49222,10,0.717448,0.0694444,0.124827,0.613281
1044,0.227547,3.65977,1.11698,0,7.49222,10,0.717448,0.0694444,0.124827,0.613281
38,0.331764,3.65954,1.06437,0,7.49222,10,0.717448,0.0694444,0.124827,0.613281
38,0.331764,3.65954,1.06437,0,7.49222,10,0.717448,0.0694444,0.124827,0.613281
664,0.4256,3.65927,0.972215,0,7.49222,10,0.717448,0.0694444,0.124827,0.613281
664,0.4256,3.65927,0.972215,0,7.49222,10,0.717448,0.0694444,0.124827,0.613281
235,0.501972,3.65905,0.850435,0,7.49222,10,0.717448,0.0694444,0.124827,0.613281
235,0.501972,3.65905,0.850435,0,7.49222,10,0.717448,0.0694444,0.124827,0.613281
1093,0.552755,3.65882,0.702937,0,7.49222,10,0.717448,0.0694444,0.124827,0.613281
1093,0.552755,3.65882,0.702937,0,7.49222,10,0.717448,0.0694444,0.124827,0.613281
60,0.589807,3.65922,0.534806,0,7.49222,10,0.717448,0.0694444,0.124827,0.613281
1045,-0.309906,3.66825,0.706716,1,7.49222,10,0.717448,0.0694444,0.124827,0.613281
59,-0.348434,3.66801,0.537462,1,7.49222,10,0.717448,0.0694444,0.124827,0.613281
187,-0.254538,3.66845,0.852843,1,7.49222,10,0.717448,0.0694444,0.124827,0.613281
1045,-0.309906,3.66825,0.706716,1,7.49222,10,0.717448,0.0694444,0.124827,0.613281
616,-0.175718,3.66862,0.972412,1,7.49222,10,0.717448,0.0694444,0.124827,0.613281
187,-0.254538,3.66845,0.852843,1,7.49222,10,0.717448,0.0694444,0.124827,0.613281
16,-0.0809149,3.66867,1.06264,1,7.49222,10,0.717448,0.0694444,0.124827,0.613281
616,-0.175718,3.66862,0.972412,1,7.49222,10,0.717448,0.0694444,0.124827,0.613281
16,-0.0809149,3.66867,1.06264,1,7.49222,10,0.717448,0.0694444,0.124827,0.613281
615,0.023132,3.66864,1.11398,1,7.49222,10,0.717448,0.0694444,0.124827,0.613281
615,0.023132,3.66864,1.11398,1,7.49222,10,0.717448,0.0694444,0.124827,0.613281
186,0.125014,3.6686,1.13208,1,7.49222,10,0.717448,0.0694444,0.124827,0.613281
186,0.125014,3.6686,1.13208,1,7.49222,10,0.717448,0.0694444,0.124827,0.613281
1044,0.226904,3.66862,1.11399,1,7.49222,10,0.717448,0.0694444,0.124827,0.613281
1044,0.226904,3.66862,1.11399,1,7.49222,10,0.717448,0.0694444,0.124827,0.613281
38,0.330962,3.66861,1.06266,1,7.49222,10,0.717448,0.0694444,0.124827,0.613281
38,0.330962,3.66861,1.06266,1,7.49222,10,0.717448,0.0694444,0.124827,0.613281
664,0.425775,3.66858,0.972428,1,7.49222,10,0.717448,0.0694444,0.124827,0.613281
664,0.425775,3.66858,0.972428,1,7.49222,10,0.717448,0.0694444,0.124827,0.613281
235,0.504601,3.66844,0.852858,1,7.49222,10,0.717448,0.0694444,0.124827,0.613281
235,0.504601,3.66844,0.852858,1,7.49222,10,0.717448,0.0694444,0.124827,0.613281
1093,0.559941,3.66821,0.706727,1,7.49222,10,0.717448,0.0694444,0.124827,0.613281
1093,0.559941,3.66821,0.706727,1,7.49222,10,0.717448,0.0694444,0.124827,0.613281
60,0.59846,3.66811,0.537519,1,7.49222,10,0.717448,0.0694444,0.124827,0.613281
