id,x,y,z,ablated,v,bulkheadyoungs,nickdepth,nickw,nickc,bbmin
1045,-0.248812,3.42608,0.639555,0,3.49222,12.5,0.606559,0.0694444,0.124846,0.502392
59,-0.268077,3.42623,0.497889,0,3.49222,12.5,0.606559,0.0694444,0.124846,0.502392
187,-0.208957,3.42587,0.771144,0,3.49222,12.5,0.606559,0.0694444,0.124846,0.502392
1045,-0.248812,3.42608,0.639555,0,3.49222,12.5,0.606559,0.0694444,0.124846,0.502392
616,-0.146449,3.42567,0.882759,0,3.49222,12.5,0.606559,0.0694444,0.124846,0.502392
187,-0.208957,3.42587,0.771144,0,3.49222,12.5,0.606559,0.0694444,0.124846,0.502392
16,-0.0676128,3.42553,0.97146,0,3.49222,12.5,0.606559,0.0694444,0.124846,0.502392
616,-0.146449,3.42567,0.882759,0,3.49222,12.5,0.606559,0.0694444,0.124846,0.502392
16,-0.0676128,3.42553,0.97146,0,3.49222,12.5,0.606559,0.0694444,0.124846,0.502392
615,0.0258525,3.42543,1.02239,0,3.49222,12.5,0.606559,0.0694444,0.124846,0.502392
615,0.0258525,3.42543,1.02239,0,3.49222,12.5,0.606559,0.0694444,0.124846,0.502392
186,0.124999,3.42541,1.03876,0,3.49222,12.5,0.606559,0.0694444,0.124846,0.502392
186,0.124999,3.42541,1.03876,0,3.49222,12.5,0.606559,0.0694444,0.124846,0.502392
1044,0.224155,3.42543,1.02239,0,3.49222,12.5,0.606559,0.0694444,0.124846,0.502392
1044,0.224155,3.42543,1.02239,0,3.49222,12.5,0.606559,0.0694444,0.124846,0.502392
38,0.317611,3.42554,0.971473,0,3.49222,12.5,0.606559,0.0694444,0.124846,0.502392
38,0.317611,3.42554,0.971473,0,3.49222,12.5,0.606559,0.0694444,0.124846,0.502392
664,0.396462,3.42567,0.882792,0,3.49222,12.5,0.606559,0.0694444,0.124846,0.502392
664,0.396462,3.42567,0.882792,0,3.49222,12.5,0.606559,0.0694444,0.124846,0.502392
235,0.458958,3.42587,0.77119,0,3.49222,12.5,0.606559,0.0694444,0.124846,0.502392
235,0.458958,3.42587,0.77119,0,3.49222,12.5,0.606559,0.0694444,0.124846,0.502392
1093,0.498826,3.42605,0.639589,0,3.49222,12.5,0.606559,0.0694444,0.124846,0.502392
1093,0.498826,3.42605,0.639589,0,3.49222,12.5,0.606559,0.0694444,0.124846,0.502392
60,0.518128,3.4262,0.497989,0,3.49222,12.5,0.606559,0.0694444,0.124846,0.502392
1045,-0.249979,3.43472,0.640334,1,3.49222,12.5,0.606559,0.0694444,0.124846,0.502392
59,-0.269818,3.43497,0.498833,1,3.49222,12.5,0.606559,0.0694444,0.124846,0.502392
187,-0.209363,3.43449,0.771595,1,3.49222,12.5,0.606559,0.0694444,0.124846,0.502392
1045,-0.249979,3.43472,0.640334,1,3.49222,12.5,0.606559,0.0694444,0.124846,0.502392
616,-0.146335,3.43423,0.882651,1,3.49222,12.5,0.606559,0.0694444,0.124846,0.502392
187,-0.209363,3.43449,0.771595,1,3.49222,12.5,0.606559,0.0694444,0.124846,0.502392
16,-0.0672987,3.43406,0.970737,1,3.49222,12.5,0.606559,0.0694444,0.124846,0.502392
616,-0.146335,3.43423,0.882651,1,3.49222,12.5,0.606559,0.0694444,0.124846,0.502392
16,-0.0672987,3.43406,0.970737,1,3.49222,12.5,0.606559,0.0694444,0.124846,0.502392
615,0.0260539,3.43394,1.02136,1,3.49222,12.5,0.606559,0.0694444,0.124846,0.502392
615,0.0260539,3.43394,1.02136,1,3.49222,12.5,0.606559,0.0694444,0.124846,0.502392
186,0.125009,3.43389,1.03772,1,3.49222,12.5,0.606559,0.0694444,0.124846,0.502392
186,0.125009,3.43389,1.03772,1,3.49222,12.5,0.606559,0.0694444,0.124846,0.502392
1044,0.22396,3.43394,1.02136,1,3.49222,12.5,0.606559,0.0694444,0.124846,0.502392
1044,0.22396,3.43394,1.02136,1,3.49222,12.5,0.606559,0.0694444,0.124846,0.502392
38,0.317318,3.43405,0.970749,1,3.49222,12.5,0.606559,0.0694444,0.124846,0.502392
38,0.317318,3.43405,0.970749,1,3.49222,12.5,0.606559,0.0694444,0.124846,0.502392
664,0.396351,3.43423,0.88266,1,3.49222,12.5,0.606559,0.0694444,0.124846,0.502392
664,0.396351,3.43423,0.88266,1,3.49222,12.5,0.606559,0.0694444,0.124846,0.502392
235,0.459382,3.43448,0.771613,1,3.49222,12.5,0.606559,0.0694444,0.124846,0.502392
235,0.459382,3.43448,0.771613,1,3.49222,12.5,0.606559,0.0694444,0.124846,0.502392
1093,0.5,3.43473,0.640358,1,3.49222,12.5,0.606559,0.0694444,0.124846,0.502392
1093,0.5,3.43473,0.640358,1,3.49222,12.5,0.606559,0.0694444,0.124846,0.502392
60,0.519831,3.43497,0.49889,1,3.49222,12.5,0.606559,0.0694444,0.124846,0.502392
1045,-0.254337,3.4432,0.647486,0,3.99222,12.5,0.619917,0.0694444,0.12485,0.51575
59,-0.274867,3.4438,0.50218,0,3.99222,12.5,0.619917,0.0694444,0.12485,0.51575
187,-0.213412,3.44301,0.780894,0,3.99222,12.5,0.619917,0.0694444,0.12485,0.51575
1045,-0.254337,3.4432,0.647486,0,3.99222,12.5,0.619917,0.0694444,0.12485,0.51575
616,-0.149273,3.44294,0.893268,0,3.99222,12.5,0.619917,0.0694444,0.12485,0.51575
187,-0.213412,3.44301,0.780894,0,3.99222,12.5,0.619917,0.0694444,0.12485,0.51575
16,-0.0683863,3.44315,0.981523,0,3.99222,12.5,0.619917,0.0694444,0.12485,0.51575
616,-0.149273,3.44294,0.893268,0,3.99222,12.5,0.619917,0.0694444,0.12485,0.51575
16,-0.0683863,3.44315,0.981523,0,3.99222,12.5,0.619917,0.0694444,0.12485,0.51575
615,0.025956,3.4434,1.03177,0,3.99222,12.5,0.619917,0.0694444,0.12485,0.51575
615,0.025956,3.4434,1.03177,0,3.99222,12.5,0.619917,0.0694444,0.12485,0.51575
186,0.124997,3.44367,1.04797,0,3.99222,12.5,0.619917,0.0694444,0.12485,0.51575
186,0.124997,3.44367,1.04797,0,3.99222,12.5,0.619917,0.0694444,0.12485,0.51575
1044,0.2241,3.44341,1.03175,0,3.99222,12.5,0.619917,0.0694444,0.12485,0.51575
1044,0.2241,3.44341,1.03175,0,3.99222,12.5,0.619917,0.0694444,0.12485,0.51575
38,0.31842,3.44314,0.981545,0,3.99222,12.5,0.619917,0.0694444,0.12485,0.51575
38,0.31842,3.44314,0.981545,0,3.99222,12.5,0.619917,0.0694444,0.12485,0.51575
664,0.399328,3.44291,0.893292,0,3.99222,12.5,0.619917,0.0694444,0.12485,0.51575
664,0.399328,3.44291,0.893292,0,3.99222,12.5,0.619917,0.0694444,0.12485,0.51575
235,0.463471,3.44299,0.780882,0,3.99222,12.5,0.619917,0.0694444,0.12485,0.51575
235,0.463471,3.44299,0.780882,0,3.99222,12.5,0.619917,0.0694444,0.12485,0.51575
1093,0.504383,3.4432,0.647543,0,3.99222,12.5,0.619917,0.0694444,0.12485,0.51575
1093,0.504383,3.4432,0.647543,0,3.99222,12.5,0.619917,0.0694444,0.12485,0.51575
60,0.524941,3.4438,0.502144,0,3.99222,12.5,0.619917,0.0694444,0.12485,0.51575
1045,-0.256727,3.4617,0.651285,1,3.99222,12.5,0.619917,0.0694444,0.12485,0.51575
59,-0.278294,3.46206,0.505828,1,3.99222,12.5,0.619917,0.0694444,0.12485,0.51575
187,-0.213925,3.46138,0.783877,1,3.99222,12.5,0.619917,0.0694444,0.12485,0.51575
1045,-0.256727,3.4617,0.651285,1,3.99222,12.5,0.619917,0.0694444,0.12485,0.51575
616,-0.148829,3.46109,0.89522,1,3.99222,12.5,0.619917,0.0694444,0.12485,0.51575
187,-0.213925,3.46138,0.783877,1,3.99222,12.5,0.619917,0.0694444,0.12485,0.51575
16,-0.0679147,3.46081,0.982812,1,3.99222,12.5,0.619917,0.0694444,0.12485,0.51575
616,-0.148829,3.46109,0.89522,1,3.99222,12.5,0.619917,0.0694444,0.12485,0.51575
16,-0.0679147,3.46081,0.982812,1,3.99222,12.5,0.619917,0.0694444,0.12485,0.51575
615,0.0262155,3.46062,1.03293,1,3.99222,12.5,0.619917,0.0694444,0.12485,0.51575
615,0.0262155,3.46062,1.03293,1,3.99222,12.5,0.619917,0.0694444,0.12485,0.51575
186,0.125011,3.46058,1.04912,1,3.99222,12.5,0.619917,0.0694444,0.12485,0.51575
186,0.125011,3.46058,1.04912,1,3.99222,12.5,0.619917,0.0694444,0.12485,0.51575
1044,0.223809,3.46062,1.03293,1,3.99222,12.5,0.619917,0.0694444,0.12485,0.51575
1044,0.223809,3.46062,1.03293,1,3.99222,12.5,0.619917,0.0694444,0.12485,0.51575
38,0.317946,3.46081,0.982807,1,3.99222,12.5,0.619917,0.0694444,0.12485,0.51575
38,0.317946,3.46081,0.982807,1,3.99222,12.5,0.619917,0.0694444,0.12485,0.51575
664,0.398853,3.46109,0.89521,1,3.99222,12.5,0.619917,0.0694444,0.12485,0.51575
664,0.398853,3.46109,0.89521,1,3.99222,12.5,0.619917,0.0694444,0.12485,0.51575
235,0.463936,3.46139,0.783868,1,3.99222,12.5,0.619917,0.0694444,0.12485,0.51575
235,0.463936,3.46139,0.783868,1,3.99222,12.5,0.619917,0.0694444,0.12485,0.51575
1093,0.506738,3.46169,0.651281,1,3.99222,12.5,0.619917,0.0694444,0.12485,0.51575
1093,0.506738,3.46169,0.651281,1,3.99222,12.5,0.619917,0.0694444,0.12485,0.51575
60,0.528309,3.46206,0.505868,1,3.99222,12.5,0.619917,0.0694444,0.12485,0.51575
1045,-0.260865,3.4738,0.658129,0,4.49222,12.5,0.637309,0.0694444,0.124841,0.533142
59,-0.282455,3.47439,0.508525,0,4.49222,12.5,0.637309,0.0694444,0.124841,0.533142
187,-0.218808,3.47363,0.793811,0,4.49222,12.5,0.637309,0.0694444,0.124841,0.533142
1045,-0.260865,3.4738,0.658129,0,4.49222,12.5,0.637309,0.0694444,0.124841,0.533142
616,-0.152674,3.47359,0.907368,0,4.49222,12.5,0.637309,0.0694444,0.124841,0.533142
187,-0.218808,3.47363,0.793811,0,4.49222,12.5,0.637309,0.0694444,0.124841,0.533142
16,-0.0697558,3.47393,0.99583,0,4.49222,12.5,0.637309,0.0694444,0.124841,0.533142
616,-0.152674,3.47359,0.907368,0,4.49222,12.5,0.637309,0.0694444,0.124841,0.533142
16,-0.0697558,3.47393,0.99583,0,4.49222,12.5,0.637309,0.0694444,0.124841,0.533142
615,0.0257821,3.47417,1.04589,0,4.49222,12.5,0.637309,0.0694444,0.124841,0.533142
615,0.0257821,3.47417,1.04589,0,4.49222,12.5,0.637309,0.0694444,0.124841,0.533142
186,0.125036,3.47444,1.06198,0,4.49222,12.5,0.637309,0.0694444,0.124841,0.533142
186,0.125036,3.47444,1.06198,0,4.49222,12.5,0.637309,0.0694444,0.124841,0.533142
1044,0.224324,3.47418,1.04584,0,4.49222,12.5,0.637309,0.0694444,0.124841,0.533142
1044,0.224324,3.47418,1.04584,0,4.49222,12.5,0.637309,0.0694444,0.124841,0.533142
38,0.31989,3.47392,0.995731,0,4.49222,12.5,0.637309,0.0694444,0.124841,0.533142
38,0.31989,3.47392,0.995731,0,4.49222,12.5,0.637309,0.0694444,0.124841,0.533142
664,0.402704,3.47364,0.907343,0,4.49222,12.5,0.637309,0.0694444,0.124841,0.533142
664,0.402704,3.47364,0.907343,0,4.49222,12.5,0.637309,0.0694444,0.124841,0.533142
235,0.468794,3.47365,0.793716,0,4.49222,12.5,0.637309,0.0694444,0.124841,0.533142
235,0.468794,3.47365,0.793716,0,4.49222,12.5,0.637309,0.0694444,0.124841,0.533142
1093,0.510873,3.47385,0.658025,0,4.49222,12.5,0.637309,0.0694444,0.124841,0.533142
1093,0.510873,3.47385,0.658025,0,4.49222,12.5,0.637309,0.0694444,0.124841,0.533142
60,0.532384,3.47437,0.508533,0,4.49222,12.5,0.637309,0.0694444,0.124841,0.533142
1045,-0.263528,3.49428,0.661516,1,4.49222,12.5,0.637309,0.0694444,0.124841,0.533142
59,-0.286933,3.49466,0.512193,1,4.49222,12.5,0.637309,0.0694444,0.124841,0.533142
187,-0.218871,3.49392,0.795774,1,4.49222,12.5,0.637309,0.0694444,0.124841,0.533142
1045,-0.263528,3.49428,0.661516,1,4.49222,12.5,0.637309,0.0694444,0.124841,0.533142
616,-0.151886,3.49359,0.90794,1,4.49222,12.5,0.637309,0.0694444,0.124841,0.533142
187,-0.218871,3.49392,0.795774,1,4.49222,12.5,0.637309,0.0694444,0.124841,0.533142
16,-0.0691427,3.49328,0.995533,1,4.49222,12.5,0.637309,0.0694444,0.124841,0.533142
616,-0.151886,3.49359,0.90794,1,4.49222,12.5,0.637309,0.0694444,0.124841,0.533142
16,-0.0691427,3.49328,0.995533,1,4.49222,12.5,0.637309,0.0694444,0.124841,0.533142
615,0.026099,3.49312,1.04548,1,4.49222,12.5,0.637309,0.0694444,0.124841,0.533142
615,0.026099,3.49312,1.04548,1,4.49222,12.5,0.637309,0.0694444,0.124841,0.533142
186,0.125013,3.49306,1.06166,1,4.49222,12.5,0.637309,0.0694444,0.124841,0.533142
186,0.125013,3.49306,1.06166,1,4.49222,12.5,0.637309,0.0694444,0.124841,0.533142
1044,0.223925,3.49312,1.04548,1,4.49222,12.5,0.637309,0.0694444,0.124841,0.533142
1044,0.223925,3.49312,1.04548,1,4.49222,12.5,0.637309,0.0694444,0.124841,0.533142
38,0.319163,3.49329,0.995527,1,4.49222,12.5,0.637309,0.0694444,0.124841,0.533142
38,0.319163,3.49329,0.995527,1,4.49222,12.5,0.637309,0.0694444,0.124841,0.533142
664,0.401902,3.49359,0.907944,1,4.49222,12.5,0.637309,0.0694444,0.124841,0.533142
664,0.401902,3.49359,0.907944,1,4.49222,12.5,0.637309,0.0694444,0.124841,0.533142
235,0.46889,3.49392,0.795793,1,4.49222,12.5,0.637309,0.0694444,0.124841,0.533142
235,0.46889,3.49392,0.795793,1,4.49222,12.5,0.637309,0.0694444,0.124841,0.533142
1093,0.513547,3.49427,0.661534,1,4.49222,12.5,0.637309,0.0694444,0.124841,0.533142
1093,0.513547,3.49427,0.661534,1,4.49222,12.5,0.637309,0.0694444,0.124841,0.533142
60,0.536938,3.49468,0.512246,1,4.49222,12.5,0.637309,0.0694444,0.124841,0.533142
1045,-0.26593,3.50573,0.66707,0,4.99222,12.5,0.65171,0.0694444,0.12484,0.547544
59,-0.289471,3.50643,0.514264,0,4.99222,12.5,0.65171,0.0694444,0.12484,0.547544
187,-0.22308,3.50554,0.804601,0,4.99222,12.5,0.65171,0.0694444,0.12484,0.547544
1045,-0.26593,3.50573,0.66707,0,4.99222,12.5,0.65171,0.0694444,0.12484,0.547544
616,-0.155914,3.50555,0.919583,0,4.99222,12.5,0.65171,0.0694444,0.12484,0.547544
187,-0.22308,3.50554,0.804601,0,4.99222,12.5,0.65171,0.0694444,0.12484,0.547544
16,-0.0714549,3.50586,1.00834,0,4.99222,12.5,0.65171,0.0694444,0.12484,0.547544
616,-0.155914,3.50555,0.919583,0,4.99222,12.5,0.65171,0.0694444,0.12484,0.547544
16,-0.0714549,3.50586,1.00834,0,4.99222,12.5,0.65171,0.0694444,0.12484,0.547544
615,0.025395,3.50616,1.05853,0,4.99222,12.5,0.65171,0.0694444,0.12484,0.547544
615,0.025395,3.50616,1.05853,0,4.99222,12.5,0.65171,0.0694444,0.12484,0.547544
186,0.124976,3.50643,1.07488,0,4.99222,12.5,0.65171,0.0694444,0.12484,0.547544
186,0.124976,3.50643,1.07488,0,4.99222,12.5,0.65171,0.0694444,0.12484,0.547544
1044,0.224564,3.50616,1.05862,0,4.99222,12.5,0.65171,0.0694444,0.12484,0.547544
1044,0.224564,3.50616,1.05862,0,4.99222,12.5,0.65171,0.0694444,0.12484,0.547544
38,0.321377,3.50583,1.00841,0,4.99222,12.5,0.65171,0.0694444,0.12484,0.547544
38,0.321377,3.50583,1.00841,0,4.99222,12.5,0.65171,0.0694444,0.12484,0.547544
664,0.405847,3.50559,0.919626,0,4.99222,12.5,0.65171,0.0694444,0.12484,0.547544
664,0.405847,3.50559,0.919626,0,4.99222,12.5,0.65171,0.0694444,0.12484,0.547544
235,0.473072,3.5056,0.804564,0,4.99222,12.5,0.65171,0.0694444,0.12484,0.547544
235,0.473072,3.5056,0.804564,0,4.99222,12.5,0.65171,0.0694444,0.12484,0.547544
1093,0.515922,3.5058,0.667066,0,4.99222,12.5,0.65171,0.0694444,0.12484,0.547544
1093,0.515922,3.5058,0.667066,0,4.99222,12.5,0.65171,0.0694444,0.12484,0.547544
60,0.539478,3.50649,0.514322,0,4.99222,12.5,0.65171,0.0694444,0.12484,0.547544
1045,-0.270242,3.52631,0.670949,1,4.99222,12.5,0.65171,0.0694444,0.12484,0.547544
59,-0.295793,3.52669,0.518055,1,4.99222,12.5,0.65171,0.0694444,0.12484,0.547544
187,-0.223818,3.52599,0.806933,1,4.99222,12.5,0.65171,0.0694444,0.12484,0.547544
1045,-0.270242,3.52631,0.670949,1,4.99222,12.5,0.65171,0.0694444,0.12484,0.547544
616,-0.154991,3.52567,0.920012,1,4.99222,12.5,0.65171,0.0694444,0.12484,0.547544
187,-0.223818,3.52599,0.806933,1,4.99222,12.5,0.65171,0.0694444,0.12484,0.547544
16,-0.0704506,3.52534,1.00774,1,4.99222,12.5,0.65171,0.0694444,0.12484,0.547544
616,-0.154991,3.52567,0.920012,1,4.99222,12.5,0.65171,0.0694444,0.12484,0.547544
16,-0.0704506,3.52534,1.00774,1,4.99222,12.5,0.65171,0.0694444,0.12484,0.547544
615,0.0259174,3.52515,1.0577,1,4.99222,12.5,0.65171,0.0694444,0.12484,0.547544
615,0.0259174,3.52515,1.0577,1,4.99222,12.5,0.65171,0.0694444,0.12484,0.547544
186,0.125013,3.52507,1.0741,1,4.99222,12.5,0.65171,0.0694444,0.12484,0.547544
186,0.125013,3.52507,1.0741,1,4.99222,12.5,0.65171,0.0694444,0.12484,0.547544
1044,0.224112,3.52515,1.0577,1,4.99222,12.5,0.65171,0.0694444,0.12484,0.547544
1044,0.224112,3.52515,1.0577,1,4.99222,12.5,0.65171,0.0694444,0.12484,0.547544
38,0.320476,3.52535,1.00774,1,4.99222,12.5,0.65171,0.0694444,0.12484,0.547544
38,0.320476,3.52535,1.00774,1,4.99222,12.5,0.65171,0.0694444,0.12484,0.547544
664,0.405021,3.52567,0.920013,1,4.99222,12.5,0.65171,0.0694444,0.12484,0.547544
664,0.405021,3.52567,0.920013,1,4.99222,12.5,0.65171,0.0694444,0.12484,0.547544
235,0.473855,3.52601,0.806933,1,4.99222,12.5,0.65171,0.0694444,0.12484,0.547544
235,0.473855,3.52601,0.806933,1,4.99222,12.5,0.65171,0.0694444,0.12484,0.547544
1093,0.52026,3.52634,0.670958,1,4.99222,12.5,0.65171,0.0694444,0.12484,0.547544
1093,0.52026,3.52634,0.670958,1,4.99222,12.5,0.65171,0.0694444,0.12484,0.547544
60,0.545824,3.5267,0.518115,1,4.99222,12.5,0.65171,0.0694444,0.12484,0.547544
1045,-0.271662,3.54267,0.676915,0,5.49222,12.5,0.667566,0.0694444,0.124838,0.563399
59,-0.296793,3.54327,0.520817,0,5.49222,12.5,0.667566,0.0694444,0.124838,0.563399
187,-0.227696,3.54253,0.816417,0,5.49222,12.5,0.667566,0.0694444,0.124838,0.563399
1045,-0.271662,3.54267,0.676915,0,5.49222,12.5,0.667566,0.0694444,0.124838,0.563399
616,-0.158933,3.54261,0.932619,0,5.49222,12.5,0.667566,0.0694444,0.124838,0.563399
187,-0.227696,3.54253,0.816417,0,5.49222,12.5,0.667566,0.0694444,0.124838,0.563399
16,-0.0729979,3.5429,1.02197,0,5.49222,12.5,0.667566,0.0694444,0.124838,0.563399
616,-0.158933,3.54261,0.932619,0,5.49222,12.5,0.667566,0.0694444,0.124838,0.563399
16,-0.0729979,3.5429,1.02197,0,5.49222,12.5,0.667566,0.0694444,0.124838,0.563399
615,0.0251217,3.54317,1.07248,0,5.49222,12.5,0.667566,0.0694444,0.124838,0.563399
615,0.0251217,3.54317,1.07248,0,5.49222,12.5,0.667566,0.0694444,0.124838,0.563399
186,0.125044,3.54331,1.08924,0,5.49222,12.5,0.667566,0.0694444,0.124838,0.563399
186,0.125044,3.54331,1.08924,0,5.49222,12.5,0.667566,0.0694444,0.124838,0.563399
1044,0.224998,3.54312,1.07253,0,5.49222,12.5,0.667566,0.0694444,0.124838,0.563399
1044,0.224998,3.54312,1.07253,0,5.49222,12.5,0.667566,0.0694444,0.124838,0.563399
38,0.323086,3.54289,1.02192,0,5.49222,12.5,0.667566,0.0694444,0.124838,0.563399
38,0.323086,3.54289,1.02192,0,5.49222,12.5,0.667566,0.0694444,0.124838,0.563399
664,0.40904,3.54261,0.93252,0,5.49222,12.5,0.667566,0.0694444,0.124838,0.563399
664,0.40904,3.54261,0.93252,0,5.49222,12.5,0.667566,0.0694444,0.124838,0.563399
235,0.47778,3.54258,0.816358,0,5.49222,12.5,0.667566,0.0694444,0.124838,0.563399
235,0.47778,3.54258,0.816358,0,5.49222,12.5,0.667566,0.0694444,0.124838,0.563399
1093,0.521689,3.54279,0.676907,0,5.49222,12.5,0.667566,0.0694444,0.124838,0.563399
1093,0.521689,3.54279,0.676907,0,5.49222,12.5,0.667566,0.0694444,0.124838,0.563399
60,0.546853,3.54324,0.520845,0,5.49222,12.5,0.667566,0.0694444,0.124838,0.563399
1045,-0.276896,3.55828,0.67976,1,5.49222,12.5,0.667566,0.0694444,0.124838,0.563399
59,-0.30468,3.55858,0.523632,1,5.49222,12.5,0.667566,0.0694444,0.124838,0.563399
187,-0.22887,3.55803,0.817488,1,5.49222,12.5,0.667566,0.0694444,0.124838,0.563399
1045,-0.276896,3.55828,0.67976,1,5.49222,12.5,0.667566,0.0694444,0.124838,0.563399
616,-0.15825,3.55777,0.931572,1,5.49222,12.5,0.667566,0.0694444,0.124838,0.563399
187,-0.22887,3.55803,0.817488,1,5.49222,12.5,0.667566,0.0694444,0.124838,0.563399
16,-0.07195,3.55751,1.01955,1,5.49222,12.5,0.667566,0.0694444,0.124838,0.563399
616,-0.15825,3.55777,0.931572,1,5.49222,12.5,0.667566,0.0694444,0.124838,0.563399
16,-0.07195,3.55751,1.01955,1,5.49222,12.5,0.667566,0.0694444,0.124838,0.563399
615,0.0255989,3.55734,1.06963,1,5.49222,12.5,0.667566,0.0694444,0.124838,0.563399
615,0.0255989,3.55734,1.06963,1,5.49222,12.5,0.667566,0.0694444,0.124838,0.563399
186,0.125012,3.55724,1.08628,1,5.49222,12.5,0.667566,0.0694444,0.124838,0.563399
186,0.125012,3.55724,1.08628,1,5.49222,12.5,0.667566,0.0694444,0.124838,0.563399
1044,0.224427,3.55734,1.06963,1,5.49222,12.5,0.667566,0.0694444,0.124838,0.563399
1044,0.224427,3.55734,1.06963,1,5.49222,12.5,0.667566,0.0694444,0.124838,0.563399
38,0.321988,3.55753,1.01955,1,5.49222,12.5,0.667566,0.0694444,0.124838,0.563399
38,0.321988,3.55753,1.01955,1,5.49222,12.5,0.667566,0.0694444,0.124838,0.563399
664,0.408302,3.55778,0.931576,1,5.49222,12.5,0.667566,0.0694444,0.124838,0.563399
664,0.408302,3.55778,0.931576,1,5.49222,12.5,0.667566,0.0694444,0.124838,0.563399
235,0.478905,3.55803,0.817497,1,5.49222,12.5,0.667566,0.0694444,0.124838,0.563399
235,0.478905,3.55803,0.817497,1,5.49222,12.5,0.667566,0.0694444,0.124838,0.563399
1093,0.526917,3.55827,0.679779,1,5.49222,12.5,0.667566,0.0694444,0.124838,0.563399
1093,0.526917,3.55827,0.679779,1,5.49222,12.5,0.667566,0.0694444,0.124838,0.563399
60,0.554702,3.55857,0.523694,1,5.49222,12.5,0.667566,0.0694444,0.124838,0.563399
1045,-0.277779,3.57591,0.685185,0,5.99222,12.5,0.681236,0.0694444,0.124835,0.57707
59,-0.305326,3.57657,0.52617,0,5.99222,12.5,0.681236,0.0694444,0.124835,0.57707
187,-0.23263,3.5759,0.82642,0,5.99222,12.5,0.681236,0.0694444,0.124835,0.57707
1045,-0.277779,3.57591,0.685185,0,5.99222,12.5,0.681236,0.0694444,0.124835,0.57707
616,-0.162237,3.57607,0.943803,0,5.99222,12.5,0.681236,0.0694444,0.124835,0.57707
187,-0.23263,3.5759,0.82642,0,5.99222,12.5,0.681236,0.0694444,0.124835,0.57707
16,-0.0743948,3.57648,1.03363,0,5.99222,12.5,0.681236,0.0694444,0.124835,0.57707
616,-0.162237,3.57607,0.943803,0,5.99222,12.5,0.681236,0.0694444,0.124835,0.57707
16,-0.0743948,3.57648,1.03363,0,5.99222,12.5,0.681236,0.0694444,0.124835,0.57707
615,0.024811,3.57673,1.08425,0,5.99222,12.5,0.681236,0.0694444,0.124835,0.57707
615,0.024811,3.57673,1.08425,0,5.99222,12.5,0.681236,0.0694444,0.124835,0.57707
186,0.125062,3.57691,1.10114,0,5.99222,12.5,0.681236,0.0694444,0.124835,0.57707
186,0.125062,3.57691,1.10114,0,5.99222,12.5,0.681236,0.0694444,0.124835,0.57707
1044,0.225266,3.57673,1.08425,0,5.99222,12.5,0.681236,0.0694444,0.124835,0.57707
1044,0.225266,3.57673,1.08425,0,5.99222,12.5,0.681236,0.0694444,0.124835,0.57707
38,0.324372,3.57648,1.03353,0,5.99222,12.5,0.681236,0.0694444,0.124835,0.57707
38,0.324372,3.57648,1.03353,0,5.99222,12.5,0.681236,0.0694444,0.124835,0.57707
664,0.41224,3.57609,0.943719,0,5.99222,12.5,0.681236,0.0694444,0.124835,0.57707
664,0.41224,3.57609,0.943719,0,5.99222,12.5,0.681236,0.0694444,0.124835,0.57707
235,0.482688,3.5759,0.826418,0,5.99222,12.5,0.681236,0.0694444,0.124835,0.57707
235,0.482688,3.5759,0.826418,0,5.99222,12.5,0.681236,0.0694444,0.124835,0.57707
1093,0.527779,3.57592,0.685209,0,5.99222,12.5,0.681236,0.0694444,0.124835,0.57707
1093,0.527779,3.57592,0.685209,0,5.99222,12.5,0.681236,0.0694444,0.124835,0.57707
60,0.555339,3.57655,0.526244,0,5.99222,12.5,0.681236,0.0694444,0.124835,0.57707
1045,-0.28345,3.58861,0.687653,1,5.99222,12.5,0.681236,0.0694444,0.124835,0.57707
59,-0.313552,3.58881,0.528551,1,5.99222,12.5,0.681236,0.0694444,0.124835,0.57707
187,-0.233842,3.5885,0.827072,1,5.99222,12.5,0.681236,0.0694444,0.124835,0.57707
1045,-0.28345,3.58861,0.687653,1,5.99222,12.5,0.681236,0.0694444,0.124835,0.57707
616,-0.161526,3.58837,0.942205,1,5.99222,12.5,0.681236,0.0694444,0.124835,0.57707
187,-0.233842,3.5885,0.827072,1,5.99222,12.5,0.681236,0.0694444,0.124835,0.57707
16,-0.0735157,3.58821,1.03054,1,5.99222,12.5,0.681236,0.0694444,0.124835,0.57707
616,-0.161526,3.58837,0.942205,1,5.99222,12.5,0.681236,0.0694444,0.124835,0.57707
16,-0.0735157,3.58821,1.03054,1,5.99222,12.5,0.681236,0.0694444,0.124835,0.57707
615,0.0252513,3.58809,1.08079,1,5.99222,12.5,0.681236,0.0694444,0.124835,0.57707
615,0.0252513,3.58809,1.08079,1,5.99222,12.5,0.681236,0.0694444,0.124835,0.57707
186,0.125015,3.58804,1.09774,1,5.99222,12.5,0.681236,0.0694444,0.124835,0.57707
186,0.125015,3.58804,1.09774,1,5.99222,12.5,0.681236,0.0694444,0.124835,0.57707
1044,0.224783,3.58812,1.08079,1,5.99222,12.5,0.681236,0.0694444,0.124835,0.57707
1044,0.224783,3.58812,1.08079,1,5.99222,12.5,0.681236,0.0694444,0.124835,0.57707
38,0.323558,3.58823,1.03055,1,5.99222,12.5,0.681236,0.0694444,0.124835,0.57707
38,0.323558,3.58823,1.03055,1,5.99222,12.5,0.681236,0.0694444,0.124835,0.57707
664,0.411565,3.58836,0.942209,1,5.99222,12.5,0.681236,0.0694444,0.124835,0.57707
664,0.411565,3.58836,0.942209,1,5.99222,12.5,0.681236,0.0694444,0.124835,0.57707
235,0.483889,3.58848,0.827084,1,5.99222,12.5,0.681236,0.0694444,0.124835,0.57707
235,0.483889,3.58848,0.827084,1,5.99222,12.5,0.681236,0.0694444,0.124835,0.57707
1093,0.533474,3.58861,0.687669,1,5.99222,12.5,0.681236,0.0694444,0.124835,0.57707
1093,0.533474,3.58861,0.687669,1,5.99222,12.5,0.681236,0.0694444,0.124835,0.57707
60,0.563566,3.58882,0.528608,1,5.99222,12.5,0.681236,0.0694444,0.124835,0.57707
1045,-0.283981,3.6036,0.691509,0,6.49222,12.5,0.691769,0.0694444,0.124832,0.587602
59,-0.314677,3.60426,0.530365,0,6.49222,12.5,0.691769,0.0694444,0.124832,0.587602
187,-0.237018,3.60355,0.834093,0,6.49222,12.5,0.691769,0.0694444,0.124832,0.587602
1045,-0.283981,3.6036,0.691509,0,6.49222,12.5,0.691769,0.0694444,0.124832,0.587602
616,-0.165073,3.60369,0.952544,0,6.49222,12.5,0.691769,0.0694444,0.124832,0.587602
187,-0.237018,3.60355,0.834093,0,6.49222,12.5,0.691769,0.0694444,0.124832,0.587602
16,-0.0758347,3.60397,1.04283,0,6.49222,12.5,0.691769,0.0694444,0.124832,0.587602
616,-0.165073,3.60369,0.952544,0,6.49222,12.5,0.691769,0.0694444,0.124832,0.587602
16,-0.0758347,3.60397,1.04283,0,6.49222,12.5,0.691769,0.0694444,0.124832,0.587602
615,0.0243786,3.60427,1.09418,0,6.49222,12.5,0.691769,0.0694444,0.124832,0.587602
615,0.0243786,3.60427,1.09418,0,6.49222,12.5,0.691769,0.0694444,0.124832,0.587602
186,0.125017,3.60447,1.11164,0,6.49222,12.5,0.691769,0.0694444,0.124832,0.587602
186,0.125017,3.60447,1.11164,0,6.49222,12.5,0.691769,0.0694444,0.124832,0.587602
1044,0.225656,3.60427,1.09415,0,6.49222,12.5,0.691769,0.0694444,0.124832,0.587602
1044,0.225656,3.60427,1.09415,0,6.49222,12.5,0.691769,0.0694444,0.124832,0.587602
38,0.325905,3.60397,1.04286,0,6.49222,12.5,0.691769,0.0694444,0.124832,0.587602
38,0.325905,3.60397,1.04286,0,6.49222,12.5,0.691769,0.0694444,0.124832,0.587602
664,0.415128,3.60369,0.952527,0,6.49222,12.5,0.691769,0.0694444,0.124832,0.587602
664,0.415128,3.60369,0.952527,0,6.49222,12.5,0.691769,0.0694444,0.124832,0.587602
235,0.487042,3.60356,0.834098,0,6.49222,12.5,0.691769,0.0694444,0.124832,0.587602
235,0.487042,3.60356,0.834098,0,6.49222,12.5,0.691769,0.0694444,0.124832,0.587602
1093,0.533956,3.6036,0.691532,0,6.49222,12.5,0.691769,0.0694444,0.124832,0.587602
1093,0.533956,3.6036,0.691532,0,6.49222,12.5,0.691769,0.0694444,0.124832,0.587602
60,0.564686,3.60425,0.530382,0,6.49222,12.5,0.691769,0.0694444,0.124832,0.587602
1045,-0.28984,3.6171,0.694661,1,6.49222,12.5,0.691769,0.0694444,0.124832,0.587602
59,-0.322224,3.61727,0.532771,1,6.49222,12.5,0.691769,0.0694444,0.124832,0.587602
187,-0.238754,3.61706,0.835718,1,6.49222,12.5,0.691769,0.0694444,0.124832,0.587602
1045,-0.28984,3.6171,0.694661,1,6.49222,12.5,0.691769,0.0694444,0.124832,0.587602
616,-0.164808,3.617,0.951894,1,6.49222,12.5,0.691769,0.0694444,0.124832,0.587602
187,-0.238754,3.61706,0.835718,1,6.49222,12.5,0.691769,0.0694444,0.124832,0.587602
16,-0.0751588,3.61689,1.04064,1,6.49222,12.5,0.691769,0.0694444,0.124832,0.587602
616,-0.164808,3.617,0.951894,1,6.49222,12.5,0.691769,0.0694444,0.124832,0.587602
16,-0.0751588,3.61689,1.04064,1,6.49222,12.5,0.691769,0.0694444,0.124832,0.587602
615,0.0248204,3.61677,1.09112,1,6.49222,12.5,0.691769,0.0694444,0.124832,0.587602
615,0.0248204,3.61677,1.09112,1,6.49222,12.5,0.691769,0.0694444,0.124832,0.587602
186,0.125015,3.6167,1.10839,1,6.49222,12.5,0.691769,0.0694444,0.124832,0.587602
186,0.125015,3.6167,1.10839,1,6.49222,12.5,0.691769,0.0694444,0.124832,0.587602
1044,0.225212,3.61676,1.09112,1,6.49222,12.5,0.691769,0.0694444,0.124832,0.587602
1044,0.225212,3.61676,1.09112,1,6.49222,12.5,0.691769,0.0694444,0.124832,0.587602
38,0.325204,3.61687,1.04064,1,6.49222,12.5,0.691769,0.0694444,0.124832,0.587602
38,0.325204,3.61687,1.04064,1,6.49222,12.5,0.691769,0.0694444,0.124832,0.587602
664,0.41486,3.61699,0.951902,1,6.49222,12.5,0.691769,0.0694444,0.124832,0.587602
664,0.41486,3.61699,0.951902,1,6.49222,12.5,0.691769,0.0694444,0.124832,0.587602
235,0.488805,3.61706,0.835728,1,6.49222,12.5,0.691769,0.0694444,0.124832,0.587602
235,0.488805,3.61706,0.835728,1,6.49222,12.5,0.691769,0.0694444,0.124832,0.587602
1093,0.539869,3.61712,0.694677,1,6.49222,12.5,0.691769,0.0694444,0.124832,0.587602
1093,0.539869,3.61712,0.694677,1,6.49222,12.5,0.691769,0.0694444,0.124832,0.587602
60,0.572244,3.61729,0.532829,1,6.49222,12.5,0.691769,0.0694444,0.124832,0.587602
1045,-0.289576,3.63313,0.698187,0,6.99222,12.5,0.703396,0.0694444,0.12483,0.599229
59,-0.322471,3.63366,0.534531,0,6.99222,12.5,0.703396,0.0694444,0.12483,0.599229
187,-0.241425,3.63316,0.842365,0,6.99222,12.5,0.703396,0.0694444,0.12483,0.599229
1045,-0.289576,3.63313,0.698187,0,6.99222,12.5,0.703396,0.0694444,0.12483,0.599229
616,-0.1682,3.63333,0.961988,0,6.99222,12.5,0.703396,0.0694444,0.12483,0.599229
187,-0.241425,3.63316,0.842365,0,6.99222,12.5,0.703396,0.0694444,0.12483,0.599229
16,-0.0776813,3.63364,1.05299,0,6.99222,12.5,0.703396,0.0694444,0.12483,0.599229
616,-0.1682,3.63333,0.961988,0,6.99222,12.5,0.703396,0.0694444,0.12483,0.599229
16,-0.0776813,3.63364,1.05299,0,6.99222,12.5,0.703396,0.0694444,0.12483,0.599229
615,0.0237657,3.63394,1.10461,0,6.99222,12.5,0.703396,0.0694444,0.12483,0.599229
615,0.0237657,3.63394,1.10461,0,6.99222,12.5,0.703396,0.0694444,0.12483,0.599229
186,0.124998,3.63412,1.12246,0,6.99222,12.5,0.703396,0.0694444,0.12483,0.599229
186,0.124998,3.63412,1.12246,0,6.99222,12.5,0.703396,0.0694444,0.12483,0.599229
1044,0.226226,3.63395,1.10458,0,6.99222,12.5,0.703396,0.0694444,0.12483,0.599229
1044,0.226226,3.63395,1.10458,0,6.99222,12.5,0.703396,0.0694444,0.12483,0.599229
38,0.327698,3.63365,1.05291,0,6.99222,12.5,0.703396,0.0694444,0.12483,0.599229
38,0.327698,3.63365,1.05291,0,6.99222,12.5,0.703396,0.0694444,0.12483,0.599229
664,0.418219,3.63334,0.961917,0,6.99222,12.5,0.703396,0.0694444,0.12483,0.599229
664,0.418219,3.63334,0.961917,0,6.99222,12.5,0.703396,0.0694444,0.12483,0.599229
235,0.491443,3.63316,0.842339,0,6.99222,12.5,0.703396,0.0694444,0.12483,0.599229
235,0.491443,3.63316,0.842339,0,6.99222,12.5,0.703396,0.0694444,0.12483,0.599229
1093,0.53958,3.63314,0.698199,0,6.99222,12.5,0.703396,0.0694444,0.12483,0.599229
1093,0.53958,3.63314,0.698199,0,6.99222,12.5,0.703396,0.0694444,0.12483,0.599229
60,0.572474,3.63366,0.534578,0,6.99222,12.5,0.703396,0.0694444,0.12483,0.599229
1045,-0.295989,3.64484,0.701303,1,6.99222,12.5,0.703396,0.0694444,0.12483,0.599229
59,-0.330649,3.64489,0.536816,1,6.99222,12.5,0.703396,0.0694444,0.12483,0.599229
187,-0.243529,3.64489,0.843995,1,6.99222,12.5,0.703396,0.0694444,0.12483,0.599229
1045,-0.295989,3.64484,0.701303,1,6.99222,12.5,0.703396,0.0694444,0.12483,0.599229
616,-0.16806,3.64487,0.961283,1,6.99222,12.5,0.703396,0.0694444,0.12483,0.599229
187,-0.243529,3.64489,0.843995,1,6.99222,12.5,0.703396,0.0694444,0.12483,0.599229
16,-0.0768525,3.64478,1.05055,1,6.99222,12.5,0.703396,0.0694444,0.12483,0.599229
616,-0.16806,3.64487,0.961283,1,6.99222,12.5,0.703396,0.0694444,0.12483,0.599229
16,-0.0768525,3.64478,1.05055,1,6.99222,12.5,0.703396,0.0694444,0.12483,0.599229
615,0.0243376,3.64473,1.10132,1,6.99222,12.5,0.703396,0.0694444,0.12483,0.599229
615,0.0243376,3.64473,1.10132,1,6.99222,12.5,0.703396,0.0694444,0.12483,0.599229
186,0.125003,3.64467,1.11896,1,6.99222,12.5,0.703396,0.0694444,0.12483,0.599229
186,0.125003,3.64467,1.11896,1,6.99222,12.5,0.703396,0.0694444,0.12483,0.599229
1044,0.225675,3.64472,1.10133,1,6.99222,12.5,0.703396,0.0694444,0.12483,0.599229
1044,0.225675,3.64472,1.10133,1,6.99222,12.5,0.703396,0.0694444,0.12483,0.599229
38,0.326876,3.64476,1.05057,1,6.99222,12.5,0.703396,0.0694444,0.12483,0.599229
38,0.326876,3.64476,1.05057,1,6.99222,12.5,0.703396,0.0694444,0.12483,0.599229
664,0.418086,3.64486,0.961303,1,6.99222,12.5,0.703396,0.0694444,0.12483,0.599229
664,0.418086,3.64486,0.961303,1,6.99222,12.5,0.703396,0.0694444,0.12483,0.599229
235,0.493557,3.64489,0.844009,1,6.99222,12.5,0.703396,0.0694444,0.12483,0.599229
235,0.493557,3.64489,0.844009,1,6.99222,12.5,0.703396,0.0694444,0.12483,0.599229
1093,0.545993,3.64485,0.701324,1,6.99222,12.5,0.703396,0.0694444,0.12483,0.599229
1093,0.545993,3.64485,0.701324,1,6.99222,12.5,0.703396,0.0694444,0.12483,0.599229
60,0.580636,3.6449,0.536874,1,6.99222,12.5,0.703396,0.0694444,0.12483,0.599229
1045,-0.294961,3.65887,0.703935,0,7.49222,12.5,0.713386,0.0694444,0.124831,0.60922
59,-0.330249,3.65932,0.538029,0,7.49222,12.5,0.713386,0.0694444,0.124831,0.60922
187,-0.245756,3.65903,0.849635,0,7.49222,12.5,0.713386,0.0694444,0.124831,0.60922
1045,-0.294961,3.65887,0.703935,0,7.49222,12.5,0.713386,0.0694444,0.124831,0.60922
616,-0.171236,3.65924,0.970281,0,7.49222,12.5,0.713386,0.0694444,0.124831,0.60922
187,-0.245756,3.65903,0.849635,0,7.49222,12.5,0.713386,0.0694444,0.124831,0.60922
16,-0.0792602,3.6595,1.06183,0,7.49222,12.5,0.713386,0.0694444,0.124831,0.60922
616,-0.171236,3.65924,0.970281,0,7.49222,12.5,0.713386,0.0694444,0.124831,0.60922
16,-0.0792602,3.6595,1.06183,0,7.49222,12.5,0.713386,0.0694444,0.124831,0.60922
615,0.0232894,3.65977,1.11396,0,7.49222,12.5,0.713386,0.0694444,0.124831,0.60922
615,0.0232894,3.65977,1.11396,0,7.49222,12.5,0.713386,0.0694444,0.124831,0.60922
186,0.125004,3.65995,1.13212,0,7.49222,12.5,0.713386,0.0694444,0.124831,0.60922
186,0.125004,3.65995,1.13212,0,7.49222,12.5,0.713386,0.0694444,0.124831,0.60922
1044,0.226729,3.65978,1.11397,0,7.49222,12.5,0.713386,0.0694444,0.124831,0.60922
1044,0.226729,3.65978,1.11397,0,7.49222,12.5,0.713386,0.0694444,0.124831,0.60922
38,0.329273,3.65951,1.06184,0,7.49222,12.5,0.713386,0.0694444,0.124831,0.60922
38,0.329273,3.65951,1.06184,0,7.49222,12.5,0.713386,0.0694444,0.124831,0.60922
664,0.421259,3.65926,0.970289,0,7.49222,12.5,0.713386,0.0694444,0.124831,0.60922
664,0.421259,3.65926,0.970289,0,7.49222,12.5,0.713386,0.0694444,0.124831,0.60922
235,0.495763,3.65904,0.849647,0,7.49222,12.5,0.713386,0.0694444,0.124831,0.60922
235,0.495763,3.65904,0.849647,0,7.49222,12.5,0.713386,0.0694444,0.124831,0.60922
1093,0.544975,3.65888,0.703968,0,7.49222,12.5,0.713386,0.0694444,0.124831,0.60922
1093,0.544975,3.65888,0.703968,0,7.49222,12.5,0.713386,0.0694444,0.124831,0.60922
60,0.580292,3.65933,0.538082,0,7.49222,12.5,0.713386,0.0694444,0.124831,0.60922
1045,-0.301994,3.67089,0.707586,1,7.49222,12.5,0.713386,0.0694444,0.124831,0.60922
59,-0.338871,3.67095,0.54066,1,7.49222,12.5,0.713386,0.0694444,0.124831,0.60922
187,-0.248182,3.67098,0.851819,1,7.49222,12.5,0.713386,0.0694444,0.124831,0.60922
1045,-0.301994,3.67089,0.707586,1,7.49222,12.5,0.713386,0.0694444,0.124831,0.60922
616,-0.171241,3.67102,0.970171,1,7.49222,12.5,0.713386,0.0694444,0.124831,0.60922
187,-0.248182,3.67098,0.851819,1,7.49222,12.5,0.713386,0.0694444,0.124831,0.60922
16,-0.0785253,3.671,1.05992,1,7.49222,12.5,0.713386,0.0694444,0.124831,0.60922
616,-0.171241,3.67102,0.970171,1,7.49222,12.5,0.713386,0.0694444,0.124831,0.60922
16,-0.0785253,3.671,1.05992,1,7.49222,12.5,0.713386,0.0694444,0.124831,0.60922
615,0.0238322,3.67095,1.11102,1,7.49222,12.5,0.713386,0.0694444,0.124831,0.60922
615,0.0238322,3.67095,1.11102,1,7.49222,12.5,0.713386,0.0694444,0.124831,0.60922
186,0.124998,3.67092,1.12899,1,7.49222,12.5,0.713386,0.0694444,0.124831,0.60922
186,0.124998,3.67092,1.12899,1,7.49222,12.5,0.713386,0.0694444,0.124831,0.60922
1044,0.226171,3.67098,1.11103,1,7.49222,12.5,0.713386,0.0694444,0.124831,0.60922
1044,0.226171,3.67098,1.11103,1,7.49222,12.5,0.713386,0.0694444,0.124831,0.60922
38,0.328546,3.67105,1.05995,1,7.49222,12.5,0.713386,0.0694444,0.124831,0.60922
38,0.328546,3.67105,1.05995,1,7.49222,12.5,0.713386,0.0694444,0.124831,0.60922
664,0.421274,3.67106,0.970207,1,7.49222,12.5,0.713386,0.0694444,0.124831,0.60922
664,0.421274,3.67106,0.970207,1,7.49222,12.5,0.713386,0.0694444,0.124831,0.60922
235,0.498221,3.671,0.851862,1,7.49222,12.5,0.713386,0.0694444,0.124831,0.60922
235,0.498221,3.671,0.851862,1,7.49222,12.5,0.713386,0.0694444,0.124831,0.60922
1093,0.552019,3.67091,0.707628,1,7.49222,12.5,0.713386,0.0694444,0.124831,0.60922
1093,0.552019,3.67091,0.707628,1,7.49222,12.5,0.713386,0.0694444,0.124831,0.60922
60,0.58888,3.67094,0.540737,1,7.49222,12.5,0.713386,0.0694444,0.124831,0.60922
