id,x,y,z,ablated,v,bulkheadyoungs,nickdepth,nickw,nickc,bbmin
1045,-0.247451,3.42488,0.639488,0,3.49222,21.5,0.606116,0.0694444,0.124845,0.501949
59,-0.265911,3.42501,0.498535,0,3.49222,21.5,0.606116,0.0694444,0.124845,0.501949
187,-0.208169,3.42482,0.771002,0,3.49222,21.5,0.606116,0.0694444,0.124845,0.501949
1045,-0.247451,3.42488,0.639488,0,3.49222,21.5,0.606116,0.0694444,0.124845,0.501949
616,-0.145957,3.42471,0.882608,0,3.49222,21.5,0.606116,0.0694444,0.124845,0.501949
187,-0.208169,3.42482,0.771002,0,3.49222,21.5,0.606116,0.0694444,0.124845,0.501949
16,-0.0674687,3.42464,0.97127,0,3.49222,21.5,0.606116,0.0694444,0.124845,0.501949
616,-0.145957,3.42471,0.882608,0,3.49222,21.5,0.606116,0.0694444,0.124845,0.501949
16,-0.0674687,3.42464,0.97127,0,3.49222,21.5,0.606116,0.0694444,0.124845,0.501949
615,0.0258373,3.42458,1.02223,0,3.49222,21.5,0.606116,0.0694444,0.124845,0.501949
615,0.0258373,3.42458,1.02223,0,3.49222,21.5,0.606116,0.0694444,0.124845,0.501949
186,0.125006,3.42459,1.0387,0,3.49222,21.5,0.606116,0.0694444,0.124845,0.501949
186,0.125006,3.42459,1.0387,0,3.49222,21.5,0.606116,0.0694444,0.124845,0.501949
1044,0.224185,3.42459,1.02225,0,3.49222,21.5,0.606116,0.0694444,0.124845,0.501949
1044,0.224185,3.42459,1.02225,0,3.49222,21.5,0.606116,0.0694444,0.124845,0.501949
38,0.317509,3.42462,0.971246,0,3.49222,21.5,0.606116,0.0694444,0.124845,0.501949
38,0.317509,3.42462,0.971246,0,3.49222,21.5,0.606116,0.0694444,0.124845,0.501949
664,0.395983,3.42471,0.882616,0,3.49222,21.5,0.606116,0.0694444,0.124845,0.501949
664,0.395983,3.42471,0.882616,0,3.49222,21.5,0.606116,0.0694444,0.124845,0.501949
235,0.45817,3.42487,0.771016,0,3.49222,21.5,0.606116,0.0694444,0.124845,0.501949
235,0.45817,3.42487,0.771016,0,3.49222,21.5,0.606116,0.0694444,0.124845,0.501949
1093,0.49744,3.42494,0.639484,0,3.49222,21.5,0.606116,0.0694444,0.124845,0.501949
1093,0.49744,3.42494,0.639484,0,3.49222,21.5,0.606116,0.0694444,0.124845,0.501949
60,0.51596,3.42504,0.498637,0,3.49222,21.5,0.606116,0.0694444,0.124845,0.501949
1045,-0.248,3.43407,0.639987,1,3.49222,21.5,0.606116,0.0694444,0.124845,0.501949
59,-0.26703,3.43438,0.499177,1,3.49222,21.5,0.606116,0.0694444,0.124845,0.501949
187,-0.208155,3.4338,0.771209,1,3.49222,21.5,0.606116,0.0694444,0.124845,0.501949
1045,-0.248,3.43407,0.639987,1,3.49222,21.5,0.606116,0.0694444,0.124845,0.501949
616,-0.145685,3.43354,0.882422,1,3.49222,21.5,0.606116,0.0694444,0.124845,0.501949
187,-0.208155,3.4338,0.771209,1,3.49222,21.5,0.606116,0.0694444,0.124845,0.501949
16,-0.067132,3.43337,0.970748,1,3.49222,21.5,0.606116,0.0694444,0.124845,0.501949
616,-0.145685,3.43354,0.882422,1,3.49222,21.5,0.606116,0.0694444,0.124845,0.501949
16,-0.067132,3.43337,0.970748,1,3.49222,21.5,0.606116,0.0694444,0.124845,0.501949
615,0.0260624,3.43329,1.02151,1,3.49222,21.5,0.606116,0.0694444,0.124845,0.501949
615,0.0260624,3.43329,1.02151,1,3.49222,21.5,0.606116,0.0694444,0.124845,0.501949
186,0.12502,3.43328,1.03792,1,3.49222,21.5,0.606116,0.0694444,0.124845,0.501949
186,0.12502,3.43328,1.03792,1,3.49222,21.5,0.606116,0.0694444,0.124845,0.501949
1044,0.223969,3.43328,1.0215,1,3.49222,21.5,0.606116,0.0694444,0.124845,0.501949
1044,0.223969,3.43328,1.0215,1,3.49222,21.5,0.606116,0.0694444,0.124845,0.501949
38,0.317167,3.43336,0.970745,1,3.49222,21.5,0.606116,0.0694444,0.124845,0.501949
38,0.317167,3.43336,0.970745,1,3.49222,21.5,0.606116,0.0694444,0.124845,0.501949
664,0.395713,3.43353,0.882422,1,3.49222,21.5,0.606116,0.0694444,0.124845,0.501949
664,0.395713,3.43353,0.882422,1,3.49222,21.5,0.606116,0.0694444,0.124845,0.501949
235,0.458163,3.43378,0.771204,1,3.49222,21.5,0.606116,0.0694444,0.124845,0.501949
235,0.458163,3.43378,0.771204,1,3.49222,21.5,0.606116,0.0694444,0.124845,0.501949
1093,0.498003,3.43406,0.639996,1,3.49222,21.5,0.606116,0.0694444,0.124845,0.501949
1093,0.498003,3.43406,0.639996,1,3.49222,21.5,0.606116,0.0694444,0.124845,0.501949
60,0.517076,3.43436,0.499232,1,3.49222,21.5,0.606116,0.0694444,0.124845,0.501949
1045,-0.250205,3.43937,0.646428,0,3.99222,21.5,0.61455,0.0694444,0.124845,0.510383
59,-0.270166,3.43998,0.503075,0,3.99222,21.5,0.61455,0.0694444,0.124845,0.510383
187,-0.209909,3.43906,0.778885,0,3.99222,21.5,0.61455,0.0694444,0.124845,0.510383
1045,-0.250205,3.43937,0.646428,0,3.99222,21.5,0.61455,0.0694444,0.124845,0.510383
616,-0.146856,3.43892,0.890968,0,3.99222,21.5,0.61455,0.0694444,0.124845,0.510383
187,-0.209909,3.43906,0.778885,0,3.99222,21.5,0.61455,0.0694444,0.124845,0.510383
16,-0.0673809,3.43887,0.979487,0,3.99222,21.5,0.61455,0.0694444,0.124845,0.510383
616,-0.146856,3.43892,0.890968,0,3.99222,21.5,0.61455,0.0694444,0.124845,0.510383
16,-0.0673809,3.43887,0.979487,0,3.99222,21.5,0.61455,0.0694444,0.124845,0.510383
615,0.0261109,3.43902,1.03022,0,3.99222,21.5,0.61455,0.0694444,0.124845,0.510383
615,0.0261109,3.43902,1.03022,0,3.99222,21.5,0.61455,0.0694444,0.124845,0.510383
186,0.12499,3.43938,1.04662,0,3.99222,21.5,0.61455,0.0694444,0.124845,0.510383
186,0.12499,3.43938,1.04662,0,3.99222,21.5,0.61455,0.0694444,0.124845,0.510383
1044,0.223879,3.43915,1.03025,0,3.99222,21.5,0.61455,0.0694444,0.124845,0.510383
1044,0.223879,3.43915,1.03025,0,3.99222,21.5,0.61455,0.0694444,0.124845,0.510383
38,0.317392,3.43897,0.979433,0,3.99222,21.5,0.61455,0.0694444,0.124845,0.510383
38,0.317392,3.43897,0.979433,0,3.99222,21.5,0.61455,0.0694444,0.124845,0.510383
664,0.396877,3.43894,0.890975,0,3.99222,21.5,0.61455,0.0694444,0.124845,0.510383
664,0.396877,3.43894,0.890975,0,3.99222,21.5,0.61455,0.0694444,0.124845,0.510383
235,0.459961,3.43916,0.778844,0,3.99222,21.5,0.61455,0.0694444,0.124845,0.510383
235,0.459961,3.43916,0.778844,0,3.99222,21.5,0.61455,0.0694444,0.124845,0.510383
1093,0.500164,3.43953,0.646461,0,3.99222,21.5,0.61455,0.0694444,0.124845,0.510383
1093,0.500164,3.43953,0.646461,0,3.99222,21.5,0.61455,0.0694444,0.124845,0.510383
60,0.520175,3.44008,0.503171,0,3.99222,21.5,0.61455,0.0694444,0.124845,0.510383
1045,-0.252271,3.46105,0.650986,1,3.99222,21.5,0.61455,0.0694444,0.124845,0.510383
59,-0.272252,3.46149,0.507253,1,3.99222,21.5,0.61455,0.0694444,0.124845,0.510383
187,-0.211007,3.46065,0.783103,1,3.99222,21.5,0.61455,0.0694444,0.124845,0.510383
1045,-0.252271,3.46105,0.650986,1,3.99222,21.5,0.61455,0.0694444,0.124845,0.510383
616,-0.147271,3.46037,0.894527,1,3.99222,21.5,0.61455,0.0694444,0.124845,0.510383
187,-0.211007,3.46065,0.783103,1,3.99222,21.5,0.61455,0.0694444,0.124845,0.510383
16,-0.0675712,3.46031,0.982623,1,3.99222,21.5,0.61455,0.0694444,0.124845,0.510383
616,-0.147271,3.46037,0.894527,1,3.99222,21.5,0.61455,0.0694444,0.124845,0.510383
16,-0.0675712,3.46031,0.982623,1,3.99222,21.5,0.61455,0.0694444,0.124845,0.510383
615,0.0261517,3.46031,1.03312,1,3.99222,21.5,0.61455,0.0694444,0.124845,0.510383
615,0.0261517,3.46031,1.03312,1,3.99222,21.5,0.61455,0.0694444,0.124845,0.510383
186,0.125019,3.46035,1.04938,1,3.99222,21.5,0.61455,0.0694444,0.124845,0.510383
186,0.125019,3.46035,1.04938,1,3.99222,21.5,0.61455,0.0694444,0.124845,0.510383
1044,0.223892,3.46029,1.03307,1,3.99222,21.5,0.61455,0.0694444,0.124845,0.510383
1044,0.223892,3.46029,1.03307,1,3.99222,21.5,0.61455,0.0694444,0.124845,0.510383
38,0.317603,3.4603,0.982537,1,3.99222,21.5,0.61455,0.0694444,0.124845,0.510383
38,0.317603,3.4603,0.982537,1,3.99222,21.5,0.61455,0.0694444,0.124845,0.510383
664,0.397242,3.46036,0.894437,1,3.99222,21.5,0.61455,0.0694444,0.124845,0.510383
664,0.397242,3.46036,0.894437,1,3.99222,21.5,0.61455,0.0694444,0.124845,0.510383
235,0.460968,3.46061,0.782997,1,3.99222,21.5,0.61455,0.0694444,0.124845,0.510383
235,0.460968,3.46061,0.782997,1,3.99222,21.5,0.61455,0.0694444,0.124845,0.510383
1093,0.502199,3.46093,0.650926,1,3.99222,21.5,0.61455,0.0694444,0.124845,0.510383
1093,0.502199,3.46093,0.650926,1,3.99222,21.5,0.61455,0.0694444,0.124845,0.510383
60,0.522288,3.46154,0.50721,1,3.99222,21.5,0.61455,0.0694444,0.124845,0.510383
1045,-0.254368,3.47098,0.658035,0,4.49222,21.5,0.632122,0.0694444,0.12484,0.527955
59,-0.274677,3.47161,0.511377,0,4.49222,21.5,0.632122,0.0694444,0.12484,0.527955
187,-0.21387,3.47033,0.792127,0,4.49222,21.5,0.632122,0.0694444,0.12484,0.527955
1045,-0.254368,3.47098,0.658035,0,4.49222,21.5,0.632122,0.0694444,0.12484,0.527955
616,-0.149738,3.46991,0.905265,0,4.49222,21.5,0.632122,0.0694444,0.12484,0.527955
187,-0.21387,3.47033,0.792127,0,4.49222,21.5,0.632122,0.0694444,0.12484,0.527955
16,-0.068627,3.46973,0.993689,0,4.49222,21.5,0.632122,0.0694444,0.12484,0.527955
616,-0.149738,3.46991,0.905265,0,4.49222,21.5,0.632122,0.0694444,0.12484,0.527955
16,-0.068627,3.46973,0.993689,0,4.49222,21.5,0.632122,0.0694444,0.12484,0.527955
615,0.0258343,3.46999,1.04414,0,4.49222,21.5,0.632122,0.0694444,0.12484,0.527955
615,0.0258343,3.46999,1.04414,0,4.49222,21.5,0.632122,0.0694444,0.12484,0.527955
186,0.124985,3.47027,1.06056,0,4.49222,21.5,0.632122,0.0694444,0.12484,0.527955
186,0.124985,3.47027,1.06056,0,4.49222,21.5,0.632122,0.0694444,0.12484,0.527955
1044,0.224181,3.46996,1.04408,0,4.49222,21.5,0.632122,0.0694444,0.12484,0.527955
1044,0.224181,3.46996,1.04408,0,4.49222,21.5,0.632122,0.0694444,0.12484,0.527955
38,0.31861,3.46976,0.993678,0,4.49222,21.5,0.632122,0.0694444,0.12484,0.527955
38,0.31861,3.46976,0.993678,0,4.49222,21.5,0.632122,0.0694444,0.12484,0.527955
664,0.39974,3.4699,0.905305,0,4.49222,21.5,0.632122,0.0694444,0.12484,0.527955
664,0.39974,3.4699,0.905305,0,4.49222,21.5,0.632122,0.0694444,0.12484,0.527955
235,0.463941,3.47025,0.792172,0,4.49222,21.5,0.632122,0.0694444,0.12484,0.527955
235,0.463941,3.47025,0.792172,0,4.49222,21.5,0.632122,0.0694444,0.12484,0.527955
1093,0.504403,3.47062,0.65802,0,4.49222,21.5,0.632122,0.0694444,0.12484,0.527955
1093,0.504403,3.47062,0.65802,0,4.49222,21.5,0.632122,0.0694444,0.12484,0.527955
60,0.524671,3.47134,0.511455,0,4.49222,21.5,0.632122,0.0694444,0.12484,0.527955
1045,-0.257389,3.49422,0.66135,1,4.49222,21.5,0.632122,0.0694444,0.12484,0.527955
59,-0.278992,3.49454,0.514682,1,4.49222,21.5,0.632122,0.0694444,0.12484,0.527955
187,-0.214441,3.49383,0.794546,1,4.49222,21.5,0.632122,0.0694444,0.12484,0.527955
1045,-0.257389,3.49422,0.66135,1,4.49222,21.5,0.632122,0.0694444,0.12484,0.527955
616,-0.149096,3.49346,0.906237,1,4.49222,21.5,0.632122,0.0694444,0.12484,0.527955
187,-0.214441,3.49383,0.794546,1,4.49222,21.5,0.632122,0.0694444,0.12484,0.527955
16,-0.0680854,3.49322,0.994015,1,4.49222,21.5,0.632122,0.0694444,0.12484,0.527955
616,-0.149096,3.49346,0.906237,1,4.49222,21.5,0.632122,0.0694444,0.12484,0.527955
16,-0.0680854,3.49322,0.994015,1,4.49222,21.5,0.632122,0.0694444,0.12484,0.527955
615,0.0262112,3.49306,1.0443,1,4.49222,21.5,0.632122,0.0694444,0.12484,0.527955
615,0.0262112,3.49306,1.0443,1,4.49222,21.5,0.632122,0.0694444,0.12484,0.527955
186,0.125028,3.49302,1.06065,1,4.49222,21.5,0.632122,0.0694444,0.12484,0.527955
186,0.125028,3.49302,1.06065,1,4.49222,21.5,0.632122,0.0694444,0.12484,0.527955
1044,0.223829,3.49304,1.04426,1,4.49222,21.5,0.632122,0.0694444,0.12484,0.527955
1044,0.223829,3.49304,1.04426,1,4.49222,21.5,0.632122,0.0694444,0.12484,0.527955
38,0.318096,3.4932,0.993944,1,4.49222,21.5,0.632122,0.0694444,0.12484,0.527955
38,0.318096,3.4932,0.993944,1,4.49222,21.5,0.632122,0.0694444,0.12484,0.527955
664,0.399035,3.49348,0.906126,1,4.49222,21.5,0.632122,0.0694444,0.12484,0.527955
664,0.399035,3.49348,0.906126,1,4.49222,21.5,0.632122,0.0694444,0.12484,0.527955
235,0.464312,3.4938,0.794444,1,4.49222,21.5,0.632122,0.0694444,0.12484,0.527955
235,0.464312,3.4938,0.794444,1,4.49222,21.5,0.632122,0.0694444,0.12484,0.527955
1093,0.507291,3.49426,0.661342,1,4.49222,21.5,0.632122,0.0694444,0.12484,0.527955
1093,0.507291,3.49426,0.661342,1,4.49222,21.5,0.632122,0.0694444,0.12484,0.527955
60,0.528883,3.49456,0.514573,1,4.49222,21.5,0.632122,0.0694444,0.12484,0.527955
1045,-0.259563,3.50297,0.667902,0,4.99222,21.5,0.646203,0.0694444,0.124844,0.542036
59,-0.281172,3.50364,0.518475,0,4.99222,21.5,0.646203,0.0694444,0.124844,0.542036
187,-0.217965,3.50273,0.803363,0,4.99222,21.5,0.646203,0.0694444,0.124844,0.542036
1045,-0.259563,3.50297,0.667902,0,4.99222,21.5,0.646203,0.0694444,0.124844,0.542036
616,-0.152285,3.50258,0.917188,0,4.99222,21.5,0.646203,0.0694444,0.124844,0.542036
187,-0.217965,3.50273,0.803363,0,4.99222,21.5,0.646203,0.0694444,0.124844,0.542036
16,-0.0697635,3.50261,1.0057,0,4.99222,21.5,0.646203,0.0694444,0.124844,0.542036
616,-0.152285,3.50258,0.917188,0,4.99222,21.5,0.646203,0.0694444,0.124844,0.542036
16,-0.0697635,3.50261,1.0057,0,4.99222,21.5,0.646203,0.0694444,0.124844,0.542036
615,0.0257667,3.50292,1.05588,0,4.99222,21.5,0.646203,0.0694444,0.124844,0.542036
615,0.0257667,3.50292,1.05588,0,4.99222,21.5,0.646203,0.0694444,0.124844,0.542036
186,0.124976,3.50316,1.07227,0,4.99222,21.5,0.646203,0.0694444,0.124844,0.542036
186,0.124976,3.50316,1.07227,0,4.99222,21.5,0.646203,0.0694444,0.124844,0.542036
1044,0.224191,3.50299,1.05588,0,4.99222,21.5,0.646203,0.0694444,0.124844,0.542036
1044,0.224191,3.50299,1.05588,0,4.99222,21.5,0.646203,0.0694444,0.124844,0.542036
38,0.319576,3.50251,1.00568,0,4.99222,21.5,0.646203,0.0694444,0.124844,0.542036
38,0.319576,3.50251,1.00568,0,4.99222,21.5,0.646203,0.0694444,0.124844,0.542036
664,0.402282,3.50249,0.917128,0,4.99222,21.5,0.646203,0.0694444,0.124844,0.542036
664,0.402282,3.50249,0.917128,0,4.99222,21.5,0.646203,0.0694444,0.124844,0.542036
235,0.467972,3.50266,0.803345,0,4.99222,21.5,0.646203,0.0694444,0.124844,0.542036
235,0.467972,3.50266,0.803345,0,4.99222,21.5,0.646203,0.0694444,0.124844,0.542036
1093,0.509555,3.50297,0.667924,0,4.99222,21.5,0.646203,0.0694444,0.124844,0.542036
1093,0.509555,3.50297,0.667924,0,4.99222,21.5,0.646203,0.0694444,0.124844,0.542036
60,0.531254,3.50356,0.518554,0,4.99222,21.5,0.646203,0.0694444,0.124844,0.542036
1045,-0.262154,3.52799,0.670895,1,4.99222,21.5,0.646203,0.0694444,0.124844,0.542036
59,-0.285382,3.52841,0.521398,1,4.99222,21.5,0.646203,0.0694444,0.124844,0.542036
187,-0.217858,3.52749,0.805276,1,4.99222,21.5,0.646203,0.0694444,0.124844,0.542036
1045,-0.262154,3.52799,0.670895,1,4.99222,21.5,0.646203,0.0694444,0.124844,0.542036
616,-0.151184,3.52707,0.917567,1,4.99222,21.5,0.646203,0.0694444,0.124844,0.542036
187,-0.217858,3.52749,0.805276,1,4.99222,21.5,0.646203,0.0694444,0.124844,0.542036
16,-0.0689157,3.52678,1.00541,1,4.99222,21.5,0.646203,0.0694444,0.124844,0.542036
616,-0.151184,3.52707,0.917567,1,4.99222,21.5,0.646203,0.0694444,0.124844,0.542036
16,-0.0689157,3.52678,1.00541,1,4.99222,21.5,0.646203,0.0694444,0.124844,0.542036
615,0.0261582,3.52663,1.05556,1,4.99222,21.5,0.646203,0.0694444,0.124844,0.542036
615,0.0261582,3.52663,1.05556,1,4.99222,21.5,0.646203,0.0694444,0.124844,0.542036
186,0.125017,3.5266,1.07189,1,4.99222,21.5,0.646203,0.0694444,0.124844,0.542036
186,0.125017,3.5266,1.07189,1,4.99222,21.5,0.646203,0.0694444,0.124844,0.542036
1044,0.223854,3.52664,1.05549,1,4.99222,21.5,0.646203,0.0694444,0.124844,0.542036
1044,0.223854,3.52664,1.05549,1,4.99222,21.5,0.646203,0.0694444,0.124844,0.542036
38,0.318881,3.52681,1.0053,1,4.99222,21.5,0.646203,0.0694444,0.124844,0.542036
38,0.318881,3.52681,1.0053,1,4.99222,21.5,0.646203,0.0694444,0.124844,0.542036
664,0.401139,3.52711,0.91746,1,4.99222,21.5,0.646203,0.0694444,0.124844,0.542036
664,0.401139,3.52711,0.91746,1,4.99222,21.5,0.646203,0.0694444,0.124844,0.542036
235,0.467758,3.52747,0.805182,1,4.99222,21.5,0.646203,0.0694444,0.124844,0.542036
235,0.467758,3.52747,0.805182,1,4.99222,21.5,0.646203,0.0694444,0.124844,0.542036
1093,0.512122,3.52794,0.670929,1,4.99222,21.5,0.646203,0.0694444,0.124844,0.542036
1093,0.512122,3.52794,0.670929,1,4.99222,21.5,0.646203,0.0694444,0.124844,0.542036
60,0.535372,3.52858,0.52132,1,4.99222,21.5,0.646203,0.0694444,0.124844,0.542036
1045,-0.264259,3.53729,0.67675,0,5.49222,21.5,0.659355,0.0694444,0.124842,0.555189
59,-0.287124,3.5381,0.524517,0,5.49222,21.5,0.659355,0.0694444,0.124842,0.555189
187,-0.22172,3.5368,0.81375,0,5.49222,21.5,0.659355,0.0694444,0.124842,0.555189
1045,-0.264259,3.53729,0.67675,0,5.49222,21.5,0.659355,0.0694444,0.124842,0.555189
616,-0.15476,3.53667,0.928261,0,5.49222,21.5,0.659355,0.0694444,0.124842,0.555189
187,-0.22172,3.5368,0.81375,0,5.49222,21.5,0.659355,0.0694444,0.124842,0.555189
16,-0.0706738,3.53681,1.01691,0,5.49222,21.5,0.659355,0.0694444,0.124842,0.555189
616,-0.15476,3.53667,0.928261,0,5.49222,21.5,0.659355,0.0694444,0.124842,0.555189
16,-0.0706738,3.53681,1.01691,0,5.49222,21.5,0.659355,0.0694444,0.124842,0.555189
615,0.0257325,3.53705,1.06674,0,5.49222,21.5,0.659355,0.0694444,0.124842,0.555189
615,0.0257325,3.53705,1.06674,0,5.49222,21.5,0.659355,0.0694444,0.124842,0.555189
186,0.125033,3.53727,1.08317,0,5.49222,21.5,0.659355,0.0694444,0.124842,0.555189
186,0.125033,3.53727,1.08317,0,5.49222,21.5,0.659355,0.0694444,0.124842,0.555189
1044,0.224263,3.53704,1.06675,0,5.49222,21.5,0.659355,0.0694444,0.124842,0.555189
1044,0.224263,3.53704,1.06675,0,5.49222,21.5,0.659355,0.0694444,0.124842,0.555189
38,0.320671,3.53675,1.01698,0,5.49222,21.5,0.659355,0.0694444,0.124842,0.555189
38,0.320671,3.53675,1.01698,0,5.49222,21.5,0.659355,0.0694444,0.124842,0.555189
664,0.404801,3.53659,0.928336,0,5.49222,21.5,0.659355,0.0694444,0.124842,0.555189
664,0.404801,3.53659,0.928336,0,5.49222,21.5,0.659355,0.0694444,0.124842,0.555189
235,0.47175,3.53685,0.81375,0,5.49222,21.5,0.659355,0.0694444,0.124842,0.555189
235,0.47175,3.53685,0.81375,0,5.49222,21.5,0.659355,0.0694444,0.124842,0.555189
1093,0.514266,3.53716,0.676776,0,5.49222,21.5,0.659355,0.0694444,0.124842,0.555189
1093,0.514266,3.53716,0.676776,0,5.49222,21.5,0.659355,0.0694444,0.124842,0.555189
60,0.537079,3.53804,0.524693,0,5.49222,21.5,0.659355,0.0694444,0.124842,0.555189
1045,-0.266849,3.55945,0.6796,1,5.49222,21.5,0.659355,0.0694444,0.124842,0.555189
59,-0.291823,3.55988,0.527422,1,5.49222,21.5,0.659355,0.0694444,0.124842,0.555189
187,-0.221346,3.55893,0.81526,1,5.49222,21.5,0.659355,0.0694444,0.124842,0.555189
1045,-0.266849,3.55945,0.6796,1,5.49222,21.5,0.659355,0.0694444,0.124842,0.555189
616,-0.153399,3.55855,0.928221,1,5.49222,21.5,0.659355,0.0694444,0.124842,0.555189
187,-0.221346,3.55893,0.81526,1,5.49222,21.5,0.659355,0.0694444,0.124842,0.555189
16,-0.0698695,3.55827,1.01616,1,5.49222,21.5,0.659355,0.0694444,0.124842,0.555189
616,-0.153399,3.55855,0.928221,1,5.49222,21.5,0.659355,0.0694444,0.124842,0.555189
16,-0.0698695,3.55827,1.01616,1,5.49222,21.5,0.659355,0.0694444,0.124842,0.555189
615,0.0259969,3.55809,1.06633,1,5.49222,21.5,0.659355,0.0694444,0.124842,0.555189
615,0.0259969,3.55809,1.06633,1,5.49222,21.5,0.659355,0.0694444,0.124842,0.555189
186,0.124999,3.55802,1.08286,1,5.49222,21.5,0.659355,0.0694444,0.124842,0.555189
186,0.124999,3.55802,1.08286,1,5.49222,21.5,0.659355,0.0694444,0.124842,0.555189
1044,0.22399,3.5581,1.06628,1,5.49222,21.5,0.659355,0.0694444,0.124842,0.555189
1044,0.22399,3.5581,1.06628,1,5.49222,21.5,0.659355,0.0694444,0.124842,0.555189
38,0.319817,3.55827,1.01608,1,5.49222,21.5,0.659355,0.0694444,0.124842,0.555189
38,0.319817,3.55827,1.01608,1,5.49222,21.5,0.659355,0.0694444,0.124842,0.555189
664,0.403302,3.5586,0.92813,1,5.49222,21.5,0.659355,0.0694444,0.124842,0.555189
664,0.403302,3.5586,0.92813,1,5.49222,21.5,0.659355,0.0694444,0.124842,0.555189
235,0.471208,3.55901,0.815211,1,5.49222,21.5,0.659355,0.0694444,0.124842,0.555189
235,0.471208,3.55901,0.815211,1,5.49222,21.5,0.659355,0.0694444,0.124842,0.555189
1093,0.516847,3.55942,0.67973,1,5.49222,21.5,0.659355,0.0694444,0.124842,0.555189
1093,0.516847,3.55942,0.67973,1,5.49222,21.5,0.659355,0.0694444,0.124842,0.555189
60,0.541814,3.55994,0.527411,1,5.49222,21.5,0.659355,0.0694444,0.124842,0.555189
1045,-0.267425,3.57131,0.685427,0,5.99222,21.5,0.672203,0.0694444,0.124841,0.568037
59,-0.29207,3.57203,0.530564,0,5.99222,21.5,0.672203,0.0694444,0.124841,0.568037
187,-0.224038,3.57094,0.823774,0,5.99222,21.5,0.672203,0.0694444,0.124841,0.568037
1045,-0.267425,3.57131,0.685427,0,5.99222,21.5,0.672203,0.0694444,0.124841,0.568037
616,-0.156291,3.57058,0.939299,0,5.99222,21.5,0.672203,0.0694444,0.124841,0.568037
187,-0.224038,3.57094,0.823774,0,5.99222,21.5,0.672203,0.0694444,0.124841,0.568037
16,-0.0717781,3.57053,1.0286,0,5.99222,21.5,0.672203,0.0694444,0.124841,0.568037
616,-0.156291,3.57058,0.939299,0,5.99222,21.5,0.672203,0.0694444,0.124841,0.568037
16,-0.0717781,3.57053,1.0286,0,5.99222,21.5,0.672203,0.0694444,0.124841,0.568037
615,0.0252517,3.57086,1.07925,0,5.99222,21.5,0.672203,0.0694444,0.124841,0.568037
615,0.0252517,3.57086,1.07925,0,5.99222,21.5,0.672203,0.0694444,0.124841,0.568037
186,0.124951,3.57115,1.09605,0,5.99222,21.5,0.672203,0.0694444,0.124841,0.568037
186,0.124951,3.57115,1.09605,0,5.99222,21.5,0.672203,0.0694444,0.124841,0.568037
1044,0.224615,3.57085,1.07922,0,5.99222,21.5,0.672203,0.0694444,0.124841,0.568037
1044,0.224615,3.57085,1.07922,0,5.99222,21.5,0.672203,0.0694444,0.124841,0.568037
38,0.321725,3.57045,1.02865,0,5.99222,21.5,0.672203,0.0694444,0.124841,0.568037
38,0.321725,3.57045,1.02865,0,5.99222,21.5,0.672203,0.0694444,0.124841,0.568037
664,0.406274,3.57032,0.939316,0,5.99222,21.5,0.672203,0.0694444,0.124841,0.568037
664,0.406274,3.57032,0.939316,0,5.99222,21.5,0.672203,0.0694444,0.124841,0.568037
235,0.474061,3.57076,0.823836,0,5.99222,21.5,0.672203,0.0694444,0.124841,0.568037
235,0.474061,3.57076,0.823836,0,5.99222,21.5,0.672203,0.0694444,0.124841,0.568037
1093,0.517445,3.57125,0.685486,0,5.99222,21.5,0.672203,0.0694444,0.124841,0.568037
1093,0.517445,3.57125,0.685486,0,5.99222,21.5,0.672203,0.0694444,0.124841,0.568037
60,0.542145,3.57201,0.530619,0,5.99222,21.5,0.672203,0.0694444,0.124841,0.568037
1045,-0.271456,3.59159,0.687971,1,5.99222,21.5,0.672203,0.0694444,0.124841,0.568037
59,-0.29834,3.59185,0.533394,1,5.99222,21.5,0.672203,0.0694444,0.124841,0.568037
187,-0.224814,3.59126,0.824864,1,5.99222,21.5,0.672203,0.0694444,0.124841,0.568037
1045,-0.271456,3.59159,0.687971,1,5.99222,21.5,0.672203,0.0694444,0.124841,0.568037
616,-0.155599,3.59095,0.938567,1,5.99222,21.5,0.672203,0.0694444,0.124841,0.568037
187,-0.224814,3.59126,0.824864,1,5.99222,21.5,0.672203,0.0694444,0.124841,0.568037
16,-0.0708533,3.59066,1.02669,1,5.99222,21.5,0.672203,0.0694444,0.124841,0.568037
616,-0.155599,3.59095,0.938567,1,5.99222,21.5,0.672203,0.0694444,0.124841,0.568037
16,-0.0708533,3.59066,1.02669,1,5.99222,21.5,0.672203,0.0694444,0.124841,0.568037
615,0.0258047,3.59046,1.07694,1,5.99222,21.5,0.672203,0.0694444,0.124841,0.568037
615,0.0258047,3.59046,1.07694,1,5.99222,21.5,0.672203,0.0694444,0.124841,0.568037
186,0.124988,3.59038,1.09372,1,5.99222,21.5,0.672203,0.0694444,0.124841,0.568037
186,0.124988,3.59038,1.09372,1,5.99222,21.5,0.672203,0.0694444,0.124841,0.568037
1044,0.22417,3.59048,1.07691,1,5.99222,21.5,0.672203,0.0694444,0.124841,0.568037
1044,0.22417,3.59048,1.07691,1,5.99222,21.5,0.672203,0.0694444,0.124841,0.568037
38,0.320796,3.59071,1.02665,1,5.99222,21.5,0.672203,0.0694444,0.124841,0.568037
38,0.320796,3.59071,1.02665,1,5.99222,21.5,0.672203,0.0694444,0.124841,0.568037
664,0.405507,3.59096,0.938502,1,5.99222,21.5,0.672203,0.0694444,0.124841,0.568037
664,0.405507,3.59096,0.938502,1,5.99222,21.5,0.672203,0.0694444,0.124841,0.568037
235,0.474697,3.59123,0.824864,1,5.99222,21.5,0.672203,0.0694444,0.124841,0.568037
235,0.474697,3.59123,0.824864,1,5.99222,21.5,0.672203,0.0694444,0.124841,0.568037
1093,0.521533,3.59148,0.688207,1,5.99222,21.5,0.672203,0.0694444,0.124841,0.568037
1093,0.521533,3.59148,0.688207,1,5.99222,21.5,0.672203,0.0694444,0.124841,0.568037
60,0.54839,3.59184,0.533422,1,5.99222,21.5,0.672203,0.0694444,0.124841,0.568037
1045,-0.27138,3.60311,0.692973,0,6.49222,21.5,0.683555,0.0694444,0.124843,0.579388
59,-0.297837,3.60366,0.535922,0,6.49222,21.5,0.683555,0.0694444,0.124843,0.579388
187,-0.227298,3.60289,0.832538,0,6.49222,21.5,0.683555,0.0694444,0.124843,0.579388
1045,-0.27138,3.60311,0.692973,0,6.49222,21.5,0.683555,0.0694444,0.124843,0.579388
616,-0.158544,3.60288,0.948969,0,6.49222,21.5,0.683555,0.0694444,0.124843,0.579388
187,-0.227298,3.60289,0.832538,0,6.49222,21.5,0.683555,0.0694444,0.124843,0.579388
16,-0.0729397,3.60315,1.03878,0,6.49222,21.5,0.683555,0.0694444,0.124843,0.579388
616,-0.158544,3.60288,0.948969,0,6.49222,21.5,0.683555,0.0694444,0.124843,0.579388
16,-0.0729397,3.60315,1.03878,0,6.49222,21.5,0.683555,0.0694444,0.124843,0.579388
615,0.0249353,3.60322,1.08984,0,6.49222,21.5,0.683555,0.0694444,0.124843,0.579388
615,0.0249353,3.60322,1.08984,0,6.49222,21.5,0.683555,0.0694444,0.124843,0.579388
186,0.124971,3.60338,1.10696,0,6.49222,21.5,0.683555,0.0694444,0.124843,0.579388
186,0.124971,3.60338,1.10696,0,6.49222,21.5,0.683555,0.0694444,0.124843,0.579388
1044,0.22502,3.60314,1.08982,0,6.49222,21.5,0.683555,0.0694444,0.124843,0.579388
1044,0.22502,3.60314,1.08982,0,6.49222,21.5,0.683555,0.0694444,0.124843,0.579388
38,0.322916,3.6029,1.03885,0,6.49222,21.5,0.683555,0.0694444,0.124843,0.579388
38,0.322916,3.6029,1.03885,0,6.49222,21.5,0.683555,0.0694444,0.124843,0.579388
664,0.408554,3.60272,0.949024,0,6.49222,21.5,0.683555,0.0694444,0.124843,0.579388
664,0.408554,3.60272,0.949024,0,6.49222,21.5,0.683555,0.0694444,0.124843,0.579388
235,0.47728,3.6029,0.832596,0,6.49222,21.5,0.683555,0.0694444,0.124843,0.579388
235,0.47728,3.6029,0.832596,0,6.49222,21.5,0.683555,0.0694444,0.124843,0.579388
1093,0.521422,3.60303,0.693024,0,6.49222,21.5,0.683555,0.0694444,0.124843,0.579388
1093,0.521422,3.60303,0.693024,0,6.49222,21.5,0.683555,0.0694444,0.124843,0.579388
60,0.54791,3.60357,0.535977,0,6.49222,21.5,0.683555,0.0694444,0.124843,0.579388
1045,-0.276111,3.62127,0.695731,1,6.49222,21.5,0.683555,0.0694444,0.124843,0.579388
59,-0.304976,3.62139,0.538777,1,6.49222,21.5,0.683555,0.0694444,0.124843,0.579388
187,-0.228216,3.6211,0.833786,1,6.49222,21.5,0.683555,0.0694444,0.124843,0.579388
1045,-0.276111,3.62127,0.695731,1,6.49222,21.5,0.683555,0.0694444,0.124843,0.579388
616,-0.157741,3.62088,0.94821,1,6.49222,21.5,0.683555,0.0694444,0.124843,0.579388
187,-0.228216,3.6211,0.833786,1,6.49222,21.5,0.683555,0.0694444,0.124843,0.579388
16,-0.0717543,3.62059,1.03653,1,6.49222,21.5,0.683555,0.0694444,0.124843,0.579388
616,-0.157741,3.62088,0.94821,1,6.49222,21.5,0.683555,0.0694444,0.124843,0.579388
16,-0.0717543,3.62059,1.03653,1,6.49222,21.5,0.683555,0.0694444,0.124843,0.579388
615,0.0256264,3.62041,1.08692,1,6.49222,21.5,0.683555,0.0694444,0.124843,0.579388
615,0.0256264,3.62041,1.08692,1,6.49222,21.5,0.683555,0.0694444,0.124843,0.579388
186,0.124983,3.62035,1.10398,1,6.49222,21.5,0.683555,0.0694444,0.124843,0.579388
186,0.124983,3.62035,1.10398,1,6.49222,21.5,0.683555,0.0694444,0.124843,0.579388
1044,0.224339,3.62047,1.08689,1,6.49222,21.5,0.683555,0.0694444,0.124843,0.579388
1044,0.224339,3.62047,1.08689,1,6.49222,21.5,0.683555,0.0694444,0.124843,0.579388
38,0.321734,3.62062,1.0365,1,6.49222,21.5,0.683555,0.0694444,0.124843,0.579388
38,0.321734,3.62062,1.0365,1,6.49222,21.5,0.683555,0.0694444,0.124843,0.579388
664,0.407707,3.62079,0.948176,1,6.49222,21.5,0.683555,0.0694444,0.124843,0.579388
664,0.407707,3.62079,0.948176,1,6.49222,21.5,0.683555,0.0694444,0.124843,0.579388
235,0.478176,3.62095,0.83379,1,6.49222,21.5,0.683555,0.0694444,0.124843,0.579388
235,0.478176,3.62095,0.83379,1,6.49222,21.5,0.683555,0.0694444,0.124843,0.579388
1093,0.526206,3.62115,0.695915,1,6.49222,21.5,0.683555,0.0694444,0.124843,0.579388
1093,0.526206,3.62115,0.695915,1,6.49222,21.5,0.683555,0.0694444,0.124843,0.579388
60,0.555018,3.62144,0.538803,1,6.49222,21.5,0.683555,0.0694444,0.124843,0.579388
1045,-0.274891,3.63266,0.699592,0,6.99222,21.5,0.69329,0.0694444,0.12484,0.589124
59,-0.303451,3.63322,0.540568,0,6.99222,21.5,0.69329,0.0694444,0.12484,0.589124
187,-0.2299,3.63243,0.840317,0,6.99222,21.5,0.69329,0.0694444,0.12484,0.589124
1045,-0.274891,3.63266,0.699592,0,6.99222,21.5,0.69329,0.0694444,0.12484,0.589124
616,-0.160557,3.63246,0.957874,0,6.99222,21.5,0.69329,0.0694444,0.12484,0.589124
187,-0.2299,3.63243,0.840317,0,6.99222,21.5,0.69329,0.0694444,0.12484,0.589124
16,-0.0740408,3.63274,1.04834,0,6.99222,21.5,0.69329,0.0694444,0.12484,0.589124
616,-0.160557,3.63246,0.957874,0,6.99222,21.5,0.69329,0.0694444,0.12484,0.589124
16,-0.0740408,3.63274,1.04834,0,6.99222,21.5,0.69329,0.0694444,0.12484,0.589124
615,0.0246134,3.63314,1.09992,0,6.99222,21.5,0.69329,0.0694444,0.12484,0.589124
615,0.0246134,3.63314,1.09992,0,6.99222,21.5,0.69329,0.0694444,0.12484,0.589124
186,0.125005,3.63336,1.11761,0,6.99222,21.5,0.69329,0.0694444,0.12484,0.589124
186,0.125005,3.63336,1.11761,0,6.99222,21.5,0.69329,0.0694444,0.12484,0.589124
1044,0.225449,3.63309,1.09987,0,6.99222,21.5,0.69329,0.0694444,0.12484,0.589124
1044,0.225449,3.63309,1.09987,0,6.99222,21.5,0.69329,0.0694444,0.12484,0.589124
38,0.323923,3.63276,1.04832,0,6.99222,21.5,0.69329,0.0694444,0.12484,0.589124
38,0.323923,3.63276,1.04832,0,6.99222,21.5,0.69329,0.0694444,0.12484,0.589124
664,0.410579,3.63241,0.957886,0,6.99222,21.5,0.69329,0.0694444,0.12484,0.589124
664,0.410579,3.63241,0.957886,0,6.99222,21.5,0.69329,0.0694444,0.12484,0.589124
235,0.479967,3.63239,0.840294,0,6.99222,21.5,0.69329,0.0694444,0.12484,0.589124
235,0.479967,3.63239,0.840294,0,6.99222,21.5,0.69329,0.0694444,0.12484,0.589124
1093,0.52494,3.63256,0.699588,0,6.99222,21.5,0.69329,0.0694444,0.12484,0.589124
1093,0.52494,3.63256,0.699588,0,6.99222,21.5,0.69329,0.0694444,0.12484,0.589124
60,0.553513,3.63336,0.540637,0,6.99222,21.5,0.69329,0.0694444,0.12484,0.589124
1045,-0.280835,3.64934,0.702672,1,6.99222,21.5,0.69329,0.0694444,0.12484,0.589124
59,-0.311642,3.64941,0.543493,1,6.99222,21.5,0.69329,0.0694444,0.12484,0.589124
187,-0.231716,3.6492,0.841853,1,6.99222,21.5,0.69329,0.0694444,0.12484,0.589124
1045,-0.280835,3.64934,0.702672,1,6.99222,21.5,0.69329,0.0694444,0.12484,0.589124
616,-0.160003,3.64907,0.956988,1,6.99222,21.5,0.69329,0.0694444,0.12484,0.589124
187,-0.231716,3.6492,0.841853,1,6.99222,21.5,0.69329,0.0694444,0.12484,0.589124
16,-0.0728184,3.64886,1.04557,1,6.99222,21.5,0.69329,0.0694444,0.12484,0.589124
616,-0.160003,3.64907,0.956988,1,6.99222,21.5,0.69329,0.0694444,0.12484,0.589124
16,-0.0728184,3.64886,1.04557,1,6.99222,21.5,0.69329,0.0694444,0.12484,0.589124
615,0.0253895,3.64865,1.09611,1,6.99222,21.5,0.69329,0.0694444,0.12484,0.589124
615,0.0253895,3.64865,1.09611,1,6.99222,21.5,0.69329,0.0694444,0.12484,0.589124
186,0.124998,3.64853,1.11347,1,6.99222,21.5,0.69329,0.0694444,0.12484,0.589124
186,0.124998,3.64853,1.11347,1,6.99222,21.5,0.69329,0.0694444,0.12484,0.589124
1044,0.224613,3.6486,1.09609,1,6.99222,21.5,0.69329,0.0694444,0.12484,0.589124
1044,0.224613,3.6486,1.09609,1,6.99222,21.5,0.69329,0.0694444,0.12484,0.589124
38,0.322837,3.64874,1.04556,1,6.99222,21.5,0.69329,0.0694444,0.12484,0.589124
38,0.322837,3.64874,1.04556,1,6.99222,21.5,0.69329,0.0694444,0.12484,0.589124
664,0.410028,3.64894,0.956997,1,6.99222,21.5,0.69329,0.0694444,0.12484,0.589124
664,0.410028,3.64894,0.956997,1,6.99222,21.5,0.69329,0.0694444,0.12484,0.589124
235,0.481736,3.64912,0.841883,1,6.99222,21.5,0.69329,0.0694444,0.12484,0.589124
235,0.481736,3.64912,0.841883,1,6.99222,21.5,0.69329,0.0694444,0.12484,0.589124
1093,0.530926,3.6493,0.702803,1,6.99222,21.5,0.69329,0.0694444,0.12484,0.589124
1093,0.530926,3.6493,0.702803,1,6.99222,21.5,0.69329,0.0694444,0.12484,0.589124
60,0.561681,3.64957,0.543515,1,6.99222,21.5,0.69329,0.0694444,0.12484,0.589124
1045,-0.278647,3.66277,0.706728,0,7.49222,21.5,0.703694,0.0694444,0.12484,0.599527
59,-0.309034,3.66309,0.545786,0,7.49222,21.5,0.703694,0.0694444,0.12484,0.599527
187,-0.232844,3.66276,0.84862,0,7.49222,21.5,0.703694,0.0694444,0.12484,0.599527
1045,-0.278647,3.66277,0.706728,0,7.49222,21.5,0.703694,0.0694444,0.12484,0.599527
616,-0.162567,3.66296,0.967059,0,7.49222,21.5,0.703694,0.0694444,0.12484,0.599527
187,-0.232844,3.66276,0.84862,0,7.49222,21.5,0.703694,0.0694444,0.12484,0.599527
16,-0.0750739,3.66329,1.05792,0,7.49222,21.5,0.703694,0.0694444,0.12484,0.599527
616,-0.162567,3.66296,0.967059,0,7.49222,21.5,0.703694,0.0694444,0.12484,0.599527
16,-0.0750739,3.66329,1.05792,0,7.49222,21.5,0.703694,0.0694444,0.12484,0.599527
615,0.0243071,3.66392,1.10973,0,7.49222,21.5,0.703694,0.0694444,0.12484,0.599527
615,0.0243071,3.66392,1.10973,0,7.49222,21.5,0.703694,0.0694444,0.12484,0.599527
186,0.125021,3.6643,1.1276,0,7.49222,21.5,0.703694,0.0694444,0.12484,0.599527
186,0.125021,3.6643,1.1276,0,7.49222,21.5,0.703694,0.0694444,0.12484,0.599527
1044,0.225792,3.664,1.10974,0,7.49222,21.5,0.703694,0.0694444,0.12484,0.599527
1044,0.225792,3.664,1.10974,0,7.49222,21.5,0.703694,0.0694444,0.12484,0.599527
38,0.325079,3.6635,1.05794,0,7.49222,21.5,0.703694,0.0694444,0.12484,0.599527
38,0.325079,3.6635,1.05794,0,7.49222,21.5,0.703694,0.0694444,0.12484,0.599527
664,0.41264,3.66296,0.967034,0,7.49222,21.5,0.703694,0.0694444,0.12484,0.599527
664,0.41264,3.66296,0.967034,0,7.49222,21.5,0.703694,0.0694444,0.12484,0.599527
235,0.482873,3.66272,0.84866,0,7.49222,21.5,0.703694,0.0694444,0.12484,0.599527
235,0.482873,3.66272,0.84866,0,7.49222,21.5,0.703694,0.0694444,0.12484,0.599527
1093,0.528653,3.66269,0.706807,0,7.49222,21.5,0.703694,0.0694444,0.12484,0.599527
1093,0.528653,3.66269,0.706807,0,7.49222,21.5,0.703694,0.0694444,0.12484,0.599527
60,0.559042,3.66335,0.545908,0,7.49222,21.5,0.703694,0.0694444,0.12484,0.599527
1045,-0.285371,3.67644,0.709382,1,7.49222,21.5,0.703694,0.0694444,0.12484,0.599527
59,-0.318106,3.67643,0.548108,1,7.49222,21.5,0.703694,0.0694444,0.12484,0.599527
187,-0.235152,3.67637,0.849727,1,7.49222,21.5,0.703694,0.0694444,0.12484,0.599527
1045,-0.285371,3.67644,0.709382,1,7.49222,21.5,0.703694,0.0694444,0.12484,0.599527
616,-0.162285,3.67634,0.965641,1,7.49222,21.5,0.703694,0.0694444,0.12484,0.599527
187,-0.235152,3.67637,0.849727,1,7.49222,21.5,0.703694,0.0694444,0.12484,0.599527
16,-0.0739809,3.67628,1.05456,1,7.49222,21.5,0.703694,0.0694444,0.12484,0.599527
616,-0.162285,3.67634,0.965641,1,7.49222,21.5,0.703694,0.0694444,0.12484,0.599527
16,-0.0739809,3.67628,1.05456,1,7.49222,21.5,0.703694,0.0694444,0.12484,0.599527
615,0.0250667,3.67613,1.10532,1,7.49222,21.5,0.703694,0.0694444,0.12484,0.599527
615,0.0250667,3.67613,1.10532,1,7.49222,21.5,0.703694,0.0694444,0.12484,0.599527
186,0.125003,3.67596,1.12298,1,7.49222,21.5,0.703694,0.0694444,0.12484,0.599527
186,0.125003,3.67596,1.12298,1,7.49222,21.5,0.703694,0.0694444,0.12484,0.599527
1044,0.224944,3.67595,1.1053,1,7.49222,21.5,0.703694,0.0694444,0.12484,0.599527
1044,0.224944,3.67595,1.1053,1,7.49222,21.5,0.703694,0.0694444,0.12484,0.599527
38,0.323998,3.67608,1.05456,1,7.49222,21.5,0.703694,0.0694444,0.12484,0.599527
38,0.323998,3.67608,1.05456,1,7.49222,21.5,0.703694,0.0694444,0.12484,0.599527
664,0.412318,3.67627,0.965653,1,7.49222,21.5,0.703694,0.0694444,0.12484,0.599527
664,0.412318,3.67627,0.965653,1,7.49222,21.5,0.703694,0.0694444,0.12484,0.599527
235,0.485188,3.67639,0.849767,1,7.49222,21.5,0.703694,0.0694444,0.12484,0.599527
235,0.485188,3.67639,0.849767,1,7.49222,21.5,0.703694,0.0694444,0.12484,0.599527
1093,0.53547,3.67647,0.709489,1,7.49222,21.5,0.703694,0.0694444,0.12484,0.599527
1093,0.53547,3.67647,0.709489,1,7.49222,21.5,0.703694,0.0694444,0.12484,0.599527
60,0.568159,3.67664,0.548148,1,7.49222,21.5,0.703694,0.0694444,0.12484,0.599527
