id,x,y,z,ablated,v,bulkheadyoungs,nickdepth,nickw,nickc,bbmin
1045,-0.344378,3.4313,0.646492,0,3.49222,0.01,0.822351,0.198611,0.124833,0.524434
59,-0.368159,3.43157,0.498774,0,3.49222,0.01,0.822351,0.198611,0.124833,0.524434
187,-0.280884,3.43056,0.777841,0,3.49222,0.01,0.822351,0.198611,0.124833,0.524434
1045,-0.344378,3.4313,0.646492,0,3.49222,0.01,0.822351,0.198611,0.124833,0.524434
616,-0.190171,3.42961,0.879124,0,3.49222,0.01,0.822351,0.198611,0.124833,0.524434
187,-0.280884,3.43056,0.777841,0,3.49222,0.01,0.822351,0.198611,0.124833,0.524434
16,-0.0845865,3.42868,0.947438,0,3.49222,0.01,0.822351,0.198611,0.124833,0.524434
616,-0.190171,3.42961,0.879124,0,3.49222,0.01,0.822351,0.198611,0.124833,0.524434
16,-0.0845865,3.42868,0.947438,0,3.49222,0.01,0.822351,0.198611,0.124833,0.524434
615,0.022355,3.42805,0.983738,0,3.49222,0.01,0.822351,0.198611,0.124833,0.524434
615,0.022355,3.42805,0.983738,0,3.49222,0.01,0.822351,0.198611,0.124833,0.524434
186,0.12505,3.42784,0.994712,0,3.49222,0.01,0.822351,0.198611,0.124833,0.524434
186,0.12505,3.42784,0.994712,0,3.49222,0.01,0.822351,0.198611,0.124833,0.524434
1044,0.227743,3.42805,0.983717,0,3.49222,0.01,0.822351,0.198611,0.124833,0.524434
1044,0.227743,3.42805,0.983717,0,3.49222,0.01,0.822351,0.198611,0.124833,0.524434
38,0.334694,3.42868,0.947447,0,3.49222,0.01,0.822351,0.198611,0.124833,0.524434
38,0.334694,3.42868,0.947447,0,3.49222,0.01,0.822351,0.198611,0.124833,0.524434
664,0.440282,3.4296,0.879144,0,3.49222,0.01,0.822351,0.198611,0.124833,0.524434
664,0.440282,3.4296,0.879144,0,3.49222,0.01,0.822351,0.198611,0.124833,0.524434
235,0.53096,3.43055,0.777838,0,3.49222,0.01,0.822351,0.198611,0.124833,0.524434
235,0.53096,3.43055,0.777838,0,3.49222,0.01,0.822351,0.198611,0.124833,0.524434
1093,0.594434,3.43128,0.646495,0,3.49222,0.01,0.822351,0.198611,0.124833,0.524434
1093,0.594434,3.43128,0.646495,0,3.49222,0.01,0.822351,0.198611,0.124833,0.524434
60,0.618183,3.43155,0.498786,0,3.49222,0.01,0.822351,0.198611,0.124833,0.524434
1045,-0.345665,3.43122,0.648382,1,3.49222,0.01,0.822351,0.198611,0.124833,0.524434
59,-0.369056,3.43156,0.500486,1,3.49222,0.01,0.822351,0.198611,0.124833,0.524434
187,-0.281727,3.4304,0.77965,1,3.49222,0.01,0.822351,0.198611,0.124833,0.524434
1045,-0.345665,3.43122,0.648382,1,3.49222,0.01,0.822351,0.198611,0.124833,0.524434
616,-0.190441,3.42938,0.880529,1,3.49222,0.01,0.822351,0.198611,0.124833,0.524434
187,-0.281727,3.4304,0.77965,1,3.49222,0.01,0.822351,0.198611,0.124833,0.524434
16,-0.0845676,3.42841,0.948434,1,3.49222,0.01,0.822351,0.198611,0.124833,0.524434
616,-0.190441,3.42938,0.880529,1,3.49222,0.01,0.822351,0.198611,0.124833,0.524434
16,-0.0845676,3.42841,0.948434,1,3.49222,0.01,0.822351,0.198611,0.124833,0.524434
615,0.0223478,3.42774,0.984774,1,3.49222,0.01,0.822351,0.198611,0.124833,0.524434
615,0.0223478,3.42774,0.984774,1,3.49222,0.01,0.822351,0.198611,0.124833,0.524434
186,0.125021,3.42754,0.995921,1,3.49222,0.01,0.822351,0.198611,0.124833,0.524434
186,0.125021,3.42754,0.995921,1,3.49222,0.01,0.822351,0.198611,0.124833,0.524434
1044,0.227693,3.42774,0.984766,1,3.49222,0.01,0.822351,0.198611,0.124833,0.524434
1044,0.227693,3.42774,0.984766,1,3.49222,0.01,0.822351,0.198611,0.124833,0.524434
38,0.334603,3.42841,0.948405,1,3.49222,0.01,0.822351,0.198611,0.124833,0.524434
38,0.334603,3.42841,0.948405,1,3.49222,0.01,0.822351,0.198611,0.124833,0.524434
664,0.440474,3.42938,0.880498,1,3.49222,0.01,0.822351,0.198611,0.124833,0.524434
664,0.440474,3.42938,0.880498,1,3.49222,0.01,0.822351,0.198611,0.124833,0.524434
235,0.531766,3.43039,0.779632,1,3.49222,0.01,0.822351,0.198611,0.124833,0.524434
235,0.531766,3.43039,0.779632,1,3.49222,0.01,0.822351,0.198611,0.124833,0.524434
1093,0.595698,3.43121,0.648371,1,3.49222,0.01,0.822351,0.198611,0.124833,0.524434
1093,0.595698,3.43121,0.648371,1,3.49222,0.01,0.822351,0.198611,0.124833,0.524434
60,0.619086,3.43155,0.500484,1,3.49222,0.01,0.822351,0.198611,0.124833,0.524434
1045,-0.37624,3.44608,0.654915,0,3.99222,0.01,0.848667,0.198611,0.124831,0.55075
59,-0.401358,3.44625,0.496824,0,3.99222,0.01,0.848667,0.198611,0.124831,0.55075
187,-0.307567,3.4455,0.795053,0,3.99222,0.01,0.848667,0.198611,0.124831,0.55075
1045,-0.37624,3.44608,0.654915,0,3.99222,0.01,0.848667,0.198611,0.124831,0.55075
616,-0.209613,3.44473,0.902495,0,3.99222,0.01,0.848667,0.198611,0.124831,0.55075
187,-0.307567,3.4455,0.795053,0,3.99222,0.01,0.848667,0.198611,0.124831,0.55075
16,-0.0959465,3.44395,0.97412,0,3.99222,0.01,0.848667,0.198611,0.124831,0.55075
616,-0.209613,3.44473,0.902495,0,3.99222,0.01,0.848667,0.198611,0.124831,0.55075
16,-0.0959465,3.44395,0.97412,0,3.99222,0.01,0.848667,0.198611,0.124831,0.55075
615,0.0187885,3.44339,1.01229,0,3.99222,0.01,0.848667,0.198611,0.124831,0.55075
615,0.0187885,3.44339,1.01229,0,3.99222,0.01,0.848667,0.198611,0.124831,0.55075
186,0.12504,3.44322,1.02335,0,3.99222,0.01,0.848667,0.198611,0.124831,0.55075
186,0.12504,3.44322,1.02335,0,3.99222,0.01,0.848667,0.198611,0.124831,0.55075
1044,0.231289,3.44339,1.01228,0,3.99222,0.01,0.848667,0.198611,0.124831,0.55075
1044,0.231289,3.44339,1.01228,0,3.99222,0.01,0.848667,0.198611,0.124831,0.55075
38,0.346027,3.44395,0.974112,0,3.99222,0.01,0.848667,0.198611,0.124831,0.55075
38,0.346027,3.44395,0.974112,0,3.99222,0.01,0.848667,0.198611,0.124831,0.55075
664,0.459683,3.44473,0.902477,0,3.99222,0.01,0.848667,0.198611,0.124831,0.55075
664,0.459683,3.44473,0.902477,0,3.99222,0.01,0.848667,0.198611,0.124831,0.55075
235,0.557632,3.4455,0.795042,0,3.99222,0.01,0.848667,0.198611,0.124831,0.55075
235,0.557632,3.4455,0.795042,0,3.99222,0.01,0.848667,0.198611,0.124831,0.55075
1093,0.626297,3.44607,0.654912,0,3.99222,0.01,0.848667,0.198611,0.124831,0.55075
1093,0.626297,3.44607,0.654912,0,3.99222,0.01,0.848667,0.198611,0.124831,0.55075
60,0.651401,3.44625,0.496835,0,3.99222,0.01,0.848667,0.198611,0.124831,0.55075
1045,-0.37709,3.44552,0.654377,1,3.99222,0.01,0.848667,0.198611,0.124831,0.55075
59,-0.401854,3.44565,0.496124,1,3.99222,0.01,0.848667,0.198611,0.124831,0.55075
187,-0.308318,3.44497,0.794625,1,3.99222,0.01,0.848667,0.198611,0.124831,0.55075
1045,-0.37709,3.44552,0.654377,1,3.99222,0.01,0.848667,0.198611,0.124831,0.55075
616,-0.210026,3.44422,0.901947,1,3.99222,0.01,0.848667,0.198611,0.124831,0.55075
187,-0.308318,3.44497,0.794625,1,3.99222,0.01,0.848667,0.198611,0.124831,0.55075
16,-0.0961273,3.44344,0.973405,1,3.99222,0.01,0.848667,0.198611,0.124831,0.55075
616,-0.210026,3.44422,0.901947,1,3.99222,0.01,0.848667,0.198611,0.124831,0.55075
16,-0.0961273,3.44344,0.973405,1,3.99222,0.01,0.848667,0.198611,0.124831,0.55075
615,0.0187459,3.44288,1.01142,1,3.99222,0.01,0.848667,0.198611,0.124831,0.55075
615,0.0187459,3.44288,1.01142,1,3.99222,0.01,0.848667,0.198611,0.124831,0.55075
186,0.125039,3.44271,1.0224,1,3.99222,0.01,0.848667,0.198611,0.124831,0.55075
186,0.125039,3.44271,1.0224,1,3.99222,0.01,0.848667,0.198611,0.124831,0.55075
1044,0.231333,3.44288,1.01141,1,3.99222,0.01,0.848667,0.198611,0.124831,0.55075
1044,0.231333,3.44288,1.01141,1,3.99222,0.01,0.848667,0.198611,0.124831,0.55075
38,0.346204,3.44344,0.973389,1,3.99222,0.01,0.848667,0.198611,0.124831,0.55075
38,0.346204,3.44344,0.973389,1,3.99222,0.01,0.848667,0.198611,0.124831,0.55075
664,0.4601,3.44421,0.90193,1,3.99222,0.01,0.848667,0.198611,0.124831,0.55075
664,0.4601,3.44421,0.90193,1,3.99222,0.01,0.848667,0.198611,0.124831,0.55075
235,0.558387,3.44497,0.794613,1,3.99222,0.01,0.848667,0.198611,0.124831,0.55075
235,0.558387,3.44497,0.794613,1,3.99222,0.01,0.848667,0.198611,0.124831,0.55075
1093,0.627149,3.44551,0.654372,1,3.99222,0.01,0.848667,0.198611,0.124831,0.55075
1093,0.627149,3.44551,0.654372,1,3.99222,0.01,0.848667,0.198611,0.124831,0.55075
60,0.651909,3.44565,0.496131,1,3.99222,0.01,0.848667,0.198611,0.124831,0.55075
1045,-0.403069,3.46582,0.659714,0,4.49222,0.01,0.88023,0.198611,0.124824,0.582313
59,-0.429416,3.46583,0.492664,0,4.49222,0.01,0.88023,0.198611,0.124824,0.582313
187,-0.330407,3.46543,0.807716,0,4.49222,0.01,0.88023,0.198611,0.124824,0.582313
1045,-0.403069,3.46582,0.659714,0,4.49222,0.01,0.88023,0.198611,0.124824,0.582313
616,-0.226549,3.46482,0.920895,0,4.49222,0.01,0.88023,0.198611,0.124824,0.582313
187,-0.330407,3.46543,0.807716,0,4.49222,0.01,0.88023,0.198611,0.124824,0.582313
16,-0.106128,3.46415,0.995971,0,4.49222,0.01,0.88023,0.198611,0.124824,0.582313
616,-0.226549,3.46482,0.920895,0,4.49222,0.01,0.88023,0.198611,0.124824,0.582313
16,-0.106128,3.46415,0.995971,0,4.49222,0.01,0.88023,0.198611,0.124824,0.582313
615,0.0154842,3.46365,1.03576,0,4.49222,0.01,0.88023,0.198611,0.124824,0.582313
615,0.0154842,3.46365,1.03576,0,4.49222,0.01,0.88023,0.198611,0.124824,0.582313
186,0.125039,3.46349,1.04685,0,4.49222,0.01,0.88023,0.198611,0.124824,0.582313
186,0.125039,3.46349,1.04685,0,4.49222,0.01,0.88023,0.198611,0.124824,0.582313
1044,0.234597,3.46365,1.03575,0,4.49222,0.01,0.88023,0.198611,0.124824,0.582313
1044,0.234597,3.46365,1.03575,0,4.49222,0.01,0.88023,0.198611,0.124824,0.582313
38,0.356211,3.46415,0.995954,0,4.49222,0.01,0.88023,0.198611,0.124824,0.582313
38,0.356211,3.46415,0.995954,0,4.49222,0.01,0.88023,0.198611,0.124824,0.582313
664,0.476634,3.46481,0.920882,0,4.49222,0.01,0.88023,0.198611,0.124824,0.582313
664,0.476634,3.46481,0.920882,0,4.49222,0.01,0.88023,0.198611,0.124824,0.582313
235,0.580486,3.46542,0.807707,0,4.49222,0.01,0.88023,0.198611,0.124824,0.582313
235,0.580486,3.46542,0.807707,0,4.49222,0.01,0.88023,0.198611,0.124824,0.582313
1093,0.653142,3.46581,0.659714,0,4.49222,0.01,0.88023,0.198611,0.124824,0.582313
1093,0.653142,3.46581,0.659714,0,4.49222,0.01,0.88023,0.198611,0.124824,0.582313
60,0.67949,3.46583,0.492677,0,4.49222,0.01,0.88023,0.198611,0.124824,0.582313
1045,-0.404032,3.46473,0.659504,1,4.49222,0.01,0.88023,0.198611,0.124824,0.582313
59,-0.430124,3.46471,0.492305,1,4.49222,0.01,0.88023,0.198611,0.124824,0.582313
187,-0.331142,3.46436,0.807557,1,4.49222,0.01,0.88023,0.198611,0.124824,0.582313
1045,-0.404032,3.46473,0.659504,1,4.49222,0.01,0.88023,0.198611,0.124824,0.582313
616,-0.226949,3.46375,0.920614,1,4.49222,0.01,0.88023,0.198611,0.124824,0.582313
187,-0.331142,3.46436,0.807557,1,4.49222,0.01,0.88023,0.198611,0.124824,0.582313
16,-0.106297,3.46308,0.995523,1,4.49222,0.01,0.88023,0.198611,0.124824,0.582313
616,-0.226949,3.46375,0.920614,1,4.49222,0.01,0.88023,0.198611,0.124824,0.582313
16,-0.106297,3.46308,0.995523,1,4.49222,0.01,0.88023,0.198611,0.124824,0.582313
615,0.0154474,3.46258,1.03519,1,4.49222,0.01,0.88023,0.198611,0.124824,0.582313
615,0.0154474,3.46258,1.03519,1,4.49222,0.01,0.88023,0.198611,0.124824,0.582313
186,0.125047,3.46243,1.04623,1,4.49222,0.01,0.88023,0.198611,0.124824,0.582313
186,0.125047,3.46243,1.04623,1,4.49222,0.01,0.88023,0.198611,0.124824,0.582313
1044,0.234648,3.46259,1.03518,1,4.49222,0.01,0.88023,0.198611,0.124824,0.582313
1044,0.234648,3.46259,1.03518,1,4.49222,0.01,0.88023,0.198611,0.124824,0.582313
38,0.356393,3.46308,0.995509,1,4.49222,0.01,0.88023,0.198611,0.124824,0.582313
38,0.356393,3.46308,0.995509,1,4.49222,0.01,0.88023,0.198611,0.124824,0.582313
664,0.47704,3.46375,0.920596,1,4.49222,0.01,0.88023,0.198611,0.124824,0.582313
664,0.47704,3.46375,0.920596,1,4.49222,0.01,0.88023,0.198611,0.124824,0.582313
235,0.581224,3.46435,0.80754,1,4.49222,0.01,0.88023,0.198611,0.124824,0.582313
235,0.581224,3.46435,0.80754,1,4.49222,0.01,0.88023,0.198611,0.124824,0.582313
1093,0.654102,3.46473,0.659494,1,4.49222,0.01,0.88023,0.198611,0.124824,0.582313
1093,0.654102,3.46473,0.659494,1,4.49222,0.01,0.88023,0.198611,0.124824,0.582313
60,0.680193,3.4647,0.49231,1,4.49222,0.01,0.88023,0.198611,0.124824,0.582313
1045,-0.427183,3.48738,0.664219,0,4.99222,0.01,0.905609,0.198611,0.124817,0.607693
59,-0.454709,3.48725,0.48919,0,4.99222,0.01,0.905609,0.198611,0.124817,0.607693
187,-0.350882,3.48712,0.819196,0,4.99222,0.01,0.905609,0.198611,0.124817,0.607693
1045,-0.427183,3.48738,0.664219,0,4.99222,0.01,0.905609,0.198611,0.124817,0.607693
616,-0.241726,3.48662,0.937474,0,4.99222,0.01,0.905609,0.198611,0.124817,0.607693
187,-0.350882,3.48712,0.819196,0,4.99222,0.01,0.905609,0.198611,0.124817,0.607693
16,-0.115314,3.48603,1.01571,0,4.99222,0.01,0.905609,0.198611,0.124817,0.607693
616,-0.241726,3.48662,0.937474,0,4.99222,0.01,0.905609,0.198611,0.124817,0.607693
16,-0.115314,3.48603,1.01571,0,4.99222,0.01,0.905609,0.198611,0.124817,0.607693
615,0.0124231,3.48558,1.05699,0,4.99222,0.01,0.905609,0.198611,0.124817,0.607693
615,0.0124231,3.48558,1.05699,0,4.99222,0.01,0.905609,0.198611,0.124817,0.607693
186,0.125044,3.48543,1.06814,0,4.99222,0.01,0.905609,0.198611,0.124817,0.607693
186,0.125044,3.48543,1.06814,0,4.99222,0.01,0.905609,0.198611,0.124817,0.607693
1044,0.237666,3.48558,1.05699,0,4.99222,0.01,0.905609,0.198611,0.124817,0.607693
1044,0.237666,3.48558,1.05699,0,4.99222,0.01,0.905609,0.198611,0.124817,0.607693
38,0.365407,3.48603,1.0157,0,4.99222,0.01,0.905609,0.198611,0.124817,0.607693
38,0.365407,3.48603,1.0157,0,4.99222,0.01,0.905609,0.198611,0.124817,0.607693
664,0.491815,3.48661,0.937461,0,4.99222,0.01,0.905609,0.198611,0.124817,0.607693
664,0.491815,3.48661,0.937461,0,4.99222,0.01,0.905609,0.198611,0.124817,0.607693
235,0.600953,3.48711,0.81918,0,4.99222,0.01,0.905609,0.198611,0.124817,0.607693
235,0.600953,3.48711,0.81918,0,4.99222,0.01,0.905609,0.198611,0.124817,0.607693
1093,0.677246,3.48737,0.664214,0,4.99222,0.01,0.905609,0.198611,0.124817,0.607693
1093,0.677246,3.48737,0.664214,0,4.99222,0.01,0.905609,0.198611,0.124817,0.607693
60,0.70478,3.48724,0.489202,0,4.99222,0.01,0.905609,0.198611,0.124817,0.607693
1045,-0.428038,3.48615,0.664174,1,4.99222,0.01,0.905609,0.198611,0.124817,0.607693
59,-0.45534,3.486,0.489018,1,4.99222,0.01,0.905609,0.198611,0.124817,0.607693
187,-0.351515,3.48591,0.819194,1,4.99222,0.01,0.905609,0.198611,0.124817,0.607693
1045,-0.428038,3.48615,0.664174,1,4.99222,0.01,0.905609,0.198611,0.124817,0.607693
616,-0.242113,3.4854,0.937413,1,4.99222,0.01,0.905609,0.198611,0.124817,0.607693
187,-0.351515,3.48591,0.819194,1,4.99222,0.01,0.905609,0.198611,0.124817,0.607693
16,-0.11548,3.4848,1.01548,1,4.99222,0.01,0.905609,0.198611,0.124817,0.607693
616,-0.242113,3.4854,0.937413,1,4.99222,0.01,0.905609,0.198611,0.124817,0.607693
16,-0.11548,3.4848,1.01548,1,4.99222,0.01,0.905609,0.198611,0.124817,0.607693
615,0.0123802,3.48434,1.05665,1,4.99222,0.01,0.905609,0.198611,0.124817,0.607693
615,0.0123802,3.48434,1.05665,1,4.99222,0.01,0.905609,0.198611,0.124817,0.607693
186,0.125047,3.48419,1.06779,1,4.99222,0.01,0.905609,0.198611,0.124817,0.607693
186,0.125047,3.48419,1.06779,1,4.99222,0.01,0.905609,0.198611,0.124817,0.607693
1044,0.237718,3.48434,1.05664,1,4.99222,0.01,0.905609,0.198611,0.124817,0.607693
1044,0.237718,3.48434,1.05664,1,4.99222,0.01,0.905609,0.198611,0.124817,0.607693
38,0.36558,3.4848,1.01547,1,4.99222,0.01,0.905609,0.198611,0.124817,0.607693
38,0.36558,3.4848,1.01547,1,4.99222,0.01,0.905609,0.198611,0.124817,0.607693
664,0.492207,3.4854,0.937396,1,4.99222,0.01,0.905609,0.198611,0.124817,0.607693
664,0.492207,3.4854,0.937396,1,4.99222,0.01,0.905609,0.198611,0.124817,0.607693
235,0.601601,3.4859,0.81918,1,4.99222,0.01,0.905609,0.198611,0.124817,0.607693
235,0.601601,3.4859,0.81918,1,4.99222,0.01,0.905609,0.198611,0.124817,0.607693
1093,0.678115,3.48615,0.664168,1,4.99222,0.01,0.905609,0.198611,0.124817,0.607693
1093,0.678115,3.48615,0.664168,1,4.99222,0.01,0.905609,0.198611,0.124817,0.607693
60,0.705417,3.486,0.489025,1,4.99222,0.01,0.905609,0.198611,0.124817,0.607693
1045,-0.449081,3.50959,0.668545,0,5.49222,0.01,0.926257,0.198611,0.124812,0.62834
59,-0.477693,3.50936,0.486296,0,5.49222,0.01,0.926257,0.198611,0.124812,0.62834
187,-0.369463,3.50943,0.829851,0,5.49222,0.01,0.926257,0.198611,0.124812,0.62834
1045,-0.449081,3.50959,0.668545,0,5.49222,0.01,0.926257,0.198611,0.124812,0.62834
616,-0.25559,3.50901,0.952831,0,5.49222,0.01,0.926257,0.198611,0.124812,0.62834
187,-0.369463,3.50943,0.829851,0,5.49222,0.01,0.926257,0.198611,0.124812,0.62834
16,-0.123746,3.50847,1.03395,0,5.49222,0.01,0.926257,0.198611,0.124812,0.62834
616,-0.25559,3.50901,0.952831,0,5.49222,0.01,0.926257,0.198611,0.124812,0.62834
16,-0.123746,3.50847,1.03395,0,5.49222,0.01,0.926257,0.198611,0.124812,0.62834
615,0.00954593,3.50803,1.07659,0,5.49222,0.01,0.926257,0.198611,0.124812,0.62834
615,0.00954593,3.50803,1.07659,0,5.49222,0.01,0.926257,0.198611,0.124812,0.62834
186,0.125047,3.50789,1.08789,0,5.49222,0.01,0.926257,0.198611,0.124812,0.62834
186,0.125047,3.50789,1.08789,0,5.49222,0.01,0.926257,0.198611,0.124812,0.62834
1044,0.240552,3.50803,1.07659,0,5.49222,0.01,0.926257,0.198611,0.124812,0.62834
1044,0.240552,3.50803,1.07659,0,5.49222,0.01,0.926257,0.198611,0.124812,0.62834
38,0.373848,3.50847,1.03394,0,5.49222,0.01,0.926257,0.198611,0.124812,0.62834
38,0.373848,3.50847,1.03394,0,5.49222,0.01,0.926257,0.198611,0.124812,0.62834
664,0.505688,3.50901,0.952819,0,5.49222,0.01,0.926257,0.198611,0.124812,0.62834
664,0.505688,3.50901,0.952819,0,5.49222,0.01,0.926257,0.198611,0.124812,0.62834
235,0.619547,3.50942,0.829837,0,5.49222,0.01,0.926257,0.198611,0.124812,0.62834
235,0.619547,3.50942,0.829837,0,5.49222,0.01,0.926257,0.198611,0.124812,0.62834
1093,0.699158,3.50958,0.668544,0,5.49222,0.01,0.926257,0.198611,0.124812,0.62834
1093,0.699158,3.50958,0.668544,0,5.49222,0.01,0.926257,0.198611,0.124812,0.62834
60,0.727775,3.50935,0.48631,0,5.49222,0.01,0.926257,0.198611,0.124812,0.62834
1045,-0.449895,3.50829,0.668497,1,5.49222,0.01,0.926257,0.198611,0.124812,0.62834
59,-0.478317,3.50804,0.48611,1,5.49222,0.01,0.926257,0.198611,0.124812,0.62834
187,-0.370069,3.50814,0.829852,1,5.49222,0.01,0.926257,0.198611,0.124812,0.62834
1045,-0.449895,3.50829,0.668497,1,5.49222,0.01,0.926257,0.198611,0.124812,0.62834
616,-0.255944,3.50771,0.952774,1,5.49222,0.01,0.926257,0.198611,0.124812,0.62834
187,-0.370069,3.50814,0.829852,1,5.49222,0.01,0.926257,0.198611,0.124812,0.62834
16,-0.123893,3.50716,1.03375,1,5.49222,0.01,0.926257,0.198611,0.124812,0.62834
616,-0.255944,3.50771,0.952774,1,5.49222,0.01,0.926257,0.198611,0.124812,0.62834
16,-0.123893,3.50716,1.03375,1,5.49222,0.01,0.926257,0.198611,0.124812,0.62834
615,0.00951068,3.50672,1.07631,1,5.49222,0.01,0.926257,0.198611,0.124812,0.62834
615,0.00951068,3.50672,1.07631,1,5.49222,0.01,0.926257,0.198611,0.124812,0.62834
186,0.125058,3.50657,1.08757,1,5.49222,0.01,0.926257,0.198611,0.124812,0.62834
186,0.125058,3.50657,1.08757,1,5.49222,0.01,0.926257,0.198611,0.124812,0.62834
1044,0.240608,3.50672,1.0763,1,5.49222,0.01,0.926257,0.198611,0.124812,0.62834
1044,0.240608,3.50672,1.0763,1,5.49222,0.01,0.926257,0.198611,0.124812,0.62834
38,0.374015,3.50716,1.03374,1,5.49222,0.01,0.926257,0.198611,0.124812,0.62834
38,0.374015,3.50716,1.03374,1,5.49222,0.01,0.926257,0.198611,0.124812,0.62834
664,0.506059,3.50771,0.952755,1,5.49222,0.01,0.926257,0.198611,0.124812,0.62834
664,0.506059,3.50771,0.952755,1,5.49222,0.01,0.926257,0.198611,0.124812,0.62834
235,0.620172,3.50813,0.829834,1,5.49222,0.01,0.926257,0.198611,0.124812,0.62834
235,0.620172,3.50813,0.829834,1,5.49222,0.01,0.926257,0.198611,0.124812,0.62834
1093,0.69999,3.50828,0.668489,1,5.49222,0.01,0.926257,0.198611,0.124812,0.62834
1093,0.69999,3.50828,0.668489,1,5.49222,0.01,0.926257,0.198611,0.124812,0.62834
60,0.728411,3.50804,0.486118,1,5.49222,0.01,0.926257,0.198611,0.124812,0.62834
1045,-0.469279,3.53182,0.672652,0,5.99222,0.01,0.944105,0.198611,0.124808,0.646188
59,-0.498925,3.53151,0.483735,0,5.99222,0.01,0.944105,0.198611,0.124808,0.646188
187,-0.386617,3.53173,0.839785,0,5.99222,0.01,0.944105,0.198611,0.124808,0.646188
1045,-0.469279,3.53182,0.672652,0,5.99222,0.01,0.944105,0.198611,0.124808,0.646188
616,-0.268389,3.53136,0.967086,0,5.99222,0.01,0.944105,0.198611,0.124808,0.646188
187,-0.386617,3.53173,0.839785,0,5.99222,0.01,0.944105,0.198611,0.124808,0.646188
16,-0.131561,3.53085,1.05088,0,5.99222,0.01,0.944105,0.198611,0.124808,0.646188
616,-0.268389,3.53136,0.967086,0,5.99222,0.01,0.944105,0.198611,0.124808,0.646188
16,-0.131561,3.53085,1.05088,0,5.99222,0.01,0.944105,0.198611,0.124808,0.646188
615,0.00682726,3.53043,1.09479,0,5.99222,0.01,0.944105,0.198611,0.124808,0.646188
615,0.00682726,3.53043,1.09479,0,5.99222,0.01,0.944105,0.198611,0.124808,0.646188
186,0.125046,3.53029,1.10621,0,5.99222,0.01,0.944105,0.198611,0.124808,0.646188
186,0.125046,3.53029,1.10621,0,5.99222,0.01,0.944105,0.198611,0.124808,0.646188
1044,0.24327,3.53044,1.09478,0,5.99222,0.01,0.944105,0.198611,0.124808,0.646188
1044,0.24327,3.53044,1.09478,0,5.99222,0.01,0.944105,0.198611,0.124808,0.646188
38,0.381665,3.53085,1.05087,0,5.99222,0.01,0.944105,0.198611,0.124808,0.646188
38,0.381665,3.53085,1.05087,0,5.99222,0.01,0.944105,0.198611,0.124808,0.646188
664,0.518491,3.53136,0.967075,0,5.99222,0.01,0.944105,0.198611,0.124808,0.646188
664,0.518491,3.53136,0.967075,0,5.99222,0.01,0.944105,0.198611,0.124808,0.646188
235,0.63671,3.53173,0.839774,0,5.99222,0.01,0.944105,0.198611,0.124808,0.646188
235,0.63671,3.53173,0.839774,0,5.99222,0.01,0.944105,0.198611,0.124808,0.646188
1093,0.719363,3.53181,0.672649,0,5.99222,0.01,0.944105,0.198611,0.124808,0.646188
1093,0.719363,3.53181,0.672649,0,5.99222,0.01,0.944105,0.198611,0.124808,0.646188
60,0.749012,3.5315,0.483749,0,5.99222,0.01,0.944105,0.198611,0.124808,0.646188
1045,-0.470074,3.53046,0.672547,1,5.99222,0.01,0.944105,0.198611,0.124808,0.646188
59,-0.499538,3.53013,0.483501,1,5.99222,0.01,0.944105,0.198611,0.124808,0.646188
187,-0.387209,3.53039,0.839741,1,5.99222,0.01,0.944105,0.198611,0.124808,0.646188
1045,-0.470074,3.53046,0.672547,1,5.99222,0.01,0.944105,0.198611,0.124808,0.646188
616,-0.268742,3.53002,0.967004,1,5.99222,0.01,0.944105,0.198611,0.124808,0.646188
187,-0.387209,3.53039,0.839741,1,5.99222,0.01,0.944105,0.198611,0.124808,0.646188
16,-0.131711,3.5295,1.05069,1,5.99222,0.01,0.944105,0.198611,0.124808,0.646188
616,-0.268742,3.53002,0.967004,1,5.99222,0.01,0.944105,0.198611,0.124808,0.646188
16,-0.131711,3.5295,1.05069,1,5.99222,0.01,0.944105,0.198611,0.124808,0.646188
615,0.00679218,3.52908,1.09453,1,5.99222,0.01,0.944105,0.198611,0.124808,0.646188
615,0.00679218,3.52908,1.09453,1,5.99222,0.01,0.944105,0.198611,0.124808,0.646188
186,0.125064,3.52893,1.10592,1,5.99222,0.01,0.944105,0.198611,0.124808,0.646188
186,0.125064,3.52893,1.10592,1,5.99222,0.01,0.944105,0.198611,0.124808,0.646188
1044,0.243341,3.52908,1.09452,1,5.99222,0.01,0.944105,0.198611,0.124808,0.646188
1044,0.243341,3.52908,1.09452,1,5.99222,0.01,0.944105,0.198611,0.124808,0.646188
38,0.381845,3.5295,1.05067,1,5.99222,0.01,0.944105,0.198611,0.124808,0.646188
38,0.381845,3.5295,1.05067,1,5.99222,0.01,0.944105,0.198611,0.124808,0.646188
664,0.518868,3.53001,0.966978,1,5.99222,0.01,0.944105,0.198611,0.124808,0.646188
664,0.518868,3.53001,0.966978,1,5.99222,0.01,0.944105,0.198611,0.124808,0.646188
235,0.637321,3.53038,0.839712,1,5.99222,0.01,0.944105,0.198611,0.124808,0.646188
235,0.637321,3.53038,0.839712,1,5.99222,0.01,0.944105,0.198611,0.124808,0.646188
1093,0.720179,3.53045,0.67253,1,5.99222,0.01,0.944105,0.198611,0.124808,0.646188
1093,0.720179,3.53045,0.67253,1,5.99222,0.01,0.944105,0.198611,0.124808,0.646188
60,0.749644,3.53012,0.483501,1,5.99222,0.01,0.944105,0.198611,0.124808,0.646188
1045,-0.488073,3.55371,0.676517,0,6.49222,0.01,0.959649,0.198611,0.124804,0.661733
59,-0.51868,3.55332,0.481403,0,6.49222,0.01,0.959649,0.198611,0.124804,0.661733
187,-0.4026,3.5537,0.849086,0,6.49222,0.01,0.959649,0.198611,0.124804,0.661733
1045,-0.488073,3.55371,0.676517,0,6.49222,0.01,0.959649,0.198611,0.124804,0.661733
616,-0.280353,3.55337,0.980455,0,6.49222,0.01,0.959649,0.198611,0.124804,0.661733
187,-0.4026,3.5537,0.849086,0,6.49222,0.01,0.959649,0.198611,0.124804,0.661733
16,-0.138885,3.55288,1.06677,0,6.49222,0.01,0.959649,0.198611,0.124804,0.661733
616,-0.280353,3.55337,0.980455,0,6.49222,0.01,0.959649,0.198611,0.124804,0.661733
16,-0.138885,3.55288,1.06677,0,6.49222,0.01,0.959649,0.198611,0.124804,0.661733
615,0.00423356,3.55247,1.11192,0,6.49222,0.01,0.959649,0.198611,0.124804,0.661733
615,0.00423356,3.55247,1.11192,0,6.49222,0.01,0.959649,0.198611,0.124804,0.661733
186,0.125052,3.55233,1.12348,0,6.49222,0.01,0.959649,0.198611,0.124804,0.661733
186,0.125052,3.55233,1.12348,0,6.49222,0.01,0.959649,0.198611,0.124804,0.661733
1044,0.245876,3.55247,1.11192,0,6.49222,0.01,0.959649,0.198611,0.124804,0.661733
1044,0.245876,3.55247,1.11192,0,6.49222,0.01,0.959649,0.198611,0.124804,0.661733
38,0.388999,3.55288,1.06676,0,6.49222,0.01,0.959649,0.198611,0.124804,0.661733
38,0.388999,3.55288,1.06676,0,6.49222,0.01,0.959649,0.198611,0.124804,0.661733
664,0.530462,3.55337,0.980441,0,6.49222,0.01,0.959649,0.198611,0.124804,0.661733
664,0.530462,3.55337,0.980441,0,6.49222,0.01,0.959649,0.198611,0.124804,0.661733
235,0.6527,3.55369,0.849076,0,6.49222,0.01,0.959649,0.198611,0.124804,0.661733
235,0.6527,3.55369,0.849076,0,6.49222,0.01,0.959649,0.198611,0.124804,0.661733
1093,0.738163,3.55371,0.676516,0,6.49222,0.01,0.959649,0.198611,0.124804,0.661733
1093,0.738163,3.55371,0.676516,0,6.49222,0.01,0.959649,0.198611,0.124804,0.661733
60,0.768777,3.55331,0.481418,0,6.49222,0.01,0.959649,0.198611,0.124804,0.661733
1045,-0.488812,3.55242,0.676468,1,6.49222,0.01,0.959649,0.198611,0.124804,0.661733
59,-0.51926,3.55202,0.481228,1,6.49222,0.01,0.959649,0.198611,0.124804,0.661733
187,-0.403135,3.55241,0.849098,1,6.49222,0.01,0.959649,0.198611,0.124804,0.661733
1045,-0.488812,3.55242,0.676468,1,6.49222,0.01,0.959649,0.198611,0.124804,0.661733
616,-0.280644,3.55208,0.980414,1,6.49222,0.01,0.959649,0.198611,0.124804,0.661733
187,-0.403135,3.55241,0.849098,1,6.49222,0.01,0.959649,0.198611,0.124804,0.661733
16,-0.138986,3.55159,1.06662,1,6.49222,0.01,0.959649,0.198611,0.124804,0.661733
616,-0.280644,3.55208,0.980414,1,6.49222,0.01,0.959649,0.198611,0.124804,0.661733
16,-0.138986,3.55159,1.06662,1,6.49222,0.01,0.959649,0.198611,0.124804,0.661733
615,0.0042499,3.55117,1.11168,1,6.49222,0.01,0.959649,0.198611,0.124804,0.661733
615,0.0042499,3.55117,1.11168,1,6.49222,0.01,0.959649,0.198611,0.124804,0.661733
186,0.125116,3.55102,1.12321,1,6.49222,0.01,0.959649,0.198611,0.124804,0.661733
186,0.125116,3.55102,1.12321,1,6.49222,0.01,0.959649,0.198611,0.124804,0.661733
1044,0.245986,3.55117,1.11167,1,6.49222,0.01,0.959649,0.198611,0.124804,0.661733
1044,0.245986,3.55117,1.11167,1,6.49222,0.01,0.959649,0.198611,0.124804,0.661733
38,0.389221,3.55159,1.06659,1,6.49222,0.01,0.959649,0.198611,0.124804,0.661733
38,0.389221,3.55159,1.06659,1,6.49222,0.01,0.959649,0.198611,0.124804,0.661733
664,0.530868,3.55207,0.980374,1,6.49222,0.01,0.959649,0.198611,0.124804,0.661733
664,0.530868,3.55207,0.980374,1,6.49222,0.01,0.959649,0.198611,0.124804,0.661733
235,0.653341,3.55239,0.849052,1,6.49222,0.01,0.959649,0.198611,0.124804,0.661733
235,0.653341,3.55239,0.849052,1,6.49222,0.01,0.959649,0.198611,0.124804,0.661733
1093,0.739003,3.55241,0.676431,1,6.49222,0.01,0.959649,0.198611,0.124804,0.661733
1093,0.739003,3.55241,0.676431,1,6.49222,0.01,0.959649,0.198611,0.124804,0.661733
60,0.769442,3.552,0.481207,1,6.49222,0.01,0.959649,0.198611,0.124804,0.661733
1045,-0.505755,3.57517,0.680233,0,6.99222,0.01,0.973062,0.198611,0.124803,0.675145
59,-0.537285,3.57473,0.479311,0,6.99222,0.01,0.973062,0.198611,0.124803,0.675145
187,-0.417613,3.57521,0.857891,0,6.99222,0.01,0.973062,0.198611,0.124803,0.675145
1045,-0.505755,3.57517,0.680233,0,6.99222,0.01,0.973062,0.198611,0.124803,0.675145
616,-0.291586,3.57492,0.993051,0,6.99222,0.01,0.973062,0.198611,0.124803,0.675145
187,-0.417613,3.57521,0.857891,0,6.99222,0.01,0.973062,0.198611,0.124803,0.675145
16,-0.145793,3.57446,1.08175,0,6.99222,0.01,0.973062,0.198611,0.124803,0.675145
616,-0.291586,3.57492,0.993051,0,6.99222,0.01,0.973062,0.198611,0.124803,0.675145
16,-0.145793,3.57446,1.08175,0,6.99222,0.01,0.973062,0.198611,0.124803,0.675145
615,0.00175984,3.57405,1.12805,0,6.99222,0.01,0.973062,0.198611,0.124803,0.675145
615,0.00175984,3.57405,1.12805,0,6.99222,0.01,0.973062,0.198611,0.124803,0.675145
186,0.125054,3.5739,1.13975,0,6.99222,0.01,0.973062,0.198611,0.124803,0.675145
186,0.125054,3.5739,1.13975,0,6.99222,0.01,0.973062,0.198611,0.124803,0.675145
1044,0.248355,3.57405,1.12804,0,6.99222,0.01,0.973062,0.198611,0.124803,0.675145
1044,0.248355,3.57405,1.12804,0,6.99222,0.01,0.973062,0.198611,0.124803,0.675145
38,0.395912,3.57446,1.08174,0,6.99222,0.01,0.973062,0.198611,0.124803,0.675145
38,0.395912,3.57446,1.08174,0,6.99222,0.01,0.973062,0.198611,0.124803,0.675145
664,0.541702,3.57492,0.993035,0,6.99222,0.01,0.973062,0.198611,0.124803,0.675145
664,0.541702,3.57492,0.993035,0,6.99222,0.01,0.973062,0.198611,0.124803,0.675145
235,0.667717,3.5752,0.857876,0,6.99222,0.01,0.973062,0.198611,0.124803,0.675145
235,0.667717,3.5752,0.857876,0,6.99222,0.01,0.973062,0.198611,0.124803,0.675145
1093,0.755849,3.57517,0.68023,0,6.99222,0.01,0.973062,0.198611,0.124803,0.675145
1093,0.755849,3.57517,0.68023,0,6.99222,0.01,0.973062,0.198611,0.124803,0.675145
60,0.787384,3.57472,0.479322,0,6.99222,0.01,0.973062,0.198611,0.124803,0.675145
1045,-0.506532,3.57387,0.680139,1,6.99222,0.01,0.973062,0.198611,0.124803,0.675145
59,-0.537901,3.57339,0.479083,1,6.99222,0.01,0.973062,0.198611,0.124803,0.675145
187,-0.418211,3.57391,0.857872,1,6.99222,0.01,0.973062,0.198611,0.124803,0.675145
1045,-0.506532,3.57387,0.680139,1,6.99222,0.01,0.973062,0.198611,0.124803,0.675145
616,-0.291943,3.57363,0.992996,1,6.99222,0.01,0.973062,0.198611,0.124803,0.675145
187,-0.418211,3.57391,0.857872,1,6.99222,0.01,0.973062,0.198611,0.124803,0.675145
16,-0.145947,3.57315,1.08159,1,6.99222,0.01,0.973062,0.198611,0.124803,0.675145
616,-0.291943,3.57363,0.992996,1,6.99222,0.01,0.973062,0.198611,0.124803,0.675145
16,-0.145947,3.57315,1.08159,1,6.99222,0.01,0.973062,0.198611,0.124803,0.675145
615,0.00172632,3.57274,1.12779,1,6.99222,0.01,0.973062,0.198611,0.124803,0.675145
615,0.00172632,3.57274,1.12779,1,6.99222,0.01,0.973062,0.198611,0.124803,0.675145
186,0.125075,3.57259,1.13946,1,6.99222,0.01,0.973062,0.198611,0.124803,0.675145
186,0.125075,3.57259,1.13946,1,6.99222,0.01,0.973062,0.198611,0.124803,0.675145
1044,0.248431,3.57274,1.12778,1,6.99222,0.01,0.973062,0.198611,0.124803,0.675145
1044,0.248431,3.57274,1.12778,1,6.99222,0.01,0.973062,0.198611,0.124803,0.675145
38,0.396104,3.57315,1.08156,1,6.99222,0.01,0.973062,0.198611,0.124803,0.675145
38,0.396104,3.57315,1.08156,1,6.99222,0.01,0.973062,0.198611,0.124803,0.675145
664,0.542091,3.57362,0.992965,1,6.99222,0.01,0.973062,0.198611,0.124803,0.675145
664,0.542091,3.57362,0.992965,1,6.99222,0.01,0.973062,0.198611,0.124803,0.675145
235,0.668347,3.5739,0.857841,1,6.99222,0.01,0.973062,0.198611,0.124803,0.675145
235,0.668347,3.5739,0.857841,1,6.99222,0.01,0.973062,0.198611,0.124803,0.675145
1093,0.756658,3.57386,0.680118,1,6.99222,0.01,0.973062,0.198611,0.124803,0.675145
1093,0.756658,3.57386,0.680118,1,6.99222,0.01,0.973062,0.198611,0.124803,0.675145
60,0.788021,3.57338,0.479081,1,6.99222,0.01,0.973062,0.198611,0.124803,0.675145
1045,-0.52246,3.59608,0.683771,0,7.49222,0.01,0.984909,0.198611,0.124797,0.686992
59,-0.554866,3.59559,0.477358,0,7.49222,0.01,0.984909,0.198611,0.124797,0.686992
187,-0.431827,3.59616,0.86625,0,7.49222,0.01,0.984909,0.198611,0.124797,0.686992
1045,-0.52246,3.59608,0.683771,0,7.49222,0.01,0.984909,0.198611,0.124797,0.686992
616,-0.302237,3.5959,1.00501,0,7.49222,0.01,0.984909,0.198611,0.124797,0.686992
187,-0.431827,3.59616,0.86625,0,7.49222,0.01,0.984909,0.198611,0.124797,0.686992
16,-0.152348,3.59545,1.09595,0,7.49222,0.01,0.984909,0.198611,0.124797,0.686992
616,-0.302237,3.5959,1.00501,0,7.49222,0.01,0.984909,0.198611,0.124797,0.686992
16,-0.152348,3.59545,1.09595,0,7.49222,0.01,0.984909,0.198611,0.124797,0.686992
615,-0.000614773,3.59504,1.14331,0,7.49222,0.01,0.984909,0.198611,0.124797,0.686992
615,-0.000614773,3.59504,1.14331,0,7.49222,0.01,0.984909,0.198611,0.124797,0.686992
186,0.125057,3.5949,1.15514,0,7.49222,0.01,0.984909,0.198611,0.124797,0.686992
186,0.125057,3.5949,1.15514,0,7.49222,0.01,0.984909,0.198611,0.124797,0.686992
1044,0.250734,3.59505,1.14329,0,7.49222,0.01,0.984909,0.198611,0.124797,0.686992
1044,0.250734,3.59505,1.14329,0,7.49222,0.01,0.984909,0.198611,0.124797,0.686992
38,0.402473,3.59545,1.09594,0,7.49222,0.01,0.984909,0.198611,0.124797,0.686992
38,0.402473,3.59545,1.09594,0,7.49222,0.01,0.984909,0.198611,0.124797,0.686992
664,0.552358,3.59589,1.00499,0,7.49222,0.01,0.984909,0.198611,0.124797,0.686992
664,0.552358,3.59589,1.00499,0,7.49222,0.01,0.984909,0.198611,0.124797,0.686992
235,0.681938,3.59615,0.866234,0,7.49222,0.01,0.984909,0.198611,0.124797,0.686992
235,0.681938,3.59615,0.866234,0,7.49222,0.01,0.984909,0.198611,0.124797,0.686992
1093,0.772562,3.59607,0.683765,0,7.49222,0.01,0.984909,0.198611,0.124797,0.686992
1093,0.772562,3.59607,0.683765,0,7.49222,0.01,0.984909,0.198611,0.124797,0.686992
60,0.80498,3.59558,0.47737,0,7.49222,0.01,0.984909,0.198611,0.124797,0.686992
1045,-0.523259,3.59482,0.683622,1,7.49222,0.01,0.984909,0.198611,0.124797,0.686992
59,-0.555498,3.59428,0.477074,1,7.49222,0.01,0.984909,0.198611,0.124797,0.686992
187,-0.432436,3.59491,0.866174,1,7.49222,0.01,0.984909,0.198611,0.124797,0.686992
1045,-0.523259,3.59482,0.683622,1,7.49222,0.01,0.984909,0.198611,0.124797,0.686992
616,-0.302604,3.59465,1.0049,1,7.49222,0.01,0.984909,0.198611,0.124797,0.686992
187,-0.432436,3.59491,0.866174,1,7.49222,0.01,0.984909,0.198611,0.124797,0.686992
16,-0.152516,3.59419,1.09574,1,7.49222,0.01,0.984909,0.198611,0.124797,0.686992
616,-0.302604,3.59465,1.0049,1,7.49222,0.01,0.984909,0.198611,0.124797,0.686992
16,-0.152516,3.59419,1.09574,1,7.49222,0.01,0.984909,0.198611,0.124797,0.686992
615,-0.000657565,3.59378,1.14303,1,7.49222,0.01,0.984909,0.198611,0.124797,0.686992
615,-0.000657565,3.59378,1.14303,1,7.49222,0.01,0.984909,0.198611,0.124797,0.686992
186,0.125077,3.59363,1.15484,1,7.49222,0.01,0.984909,0.198611,0.124797,0.686992
186,0.125077,3.59363,1.15484,1,7.49222,0.01,0.984909,0.198611,0.124797,0.686992
1044,0.250818,3.59378,1.14302,1,7.49222,0.01,0.984909,0.198611,0.124797,0.686992
1044,0.250818,3.59378,1.14302,1,7.49222,0.01,0.984909,0.198611,0.124797,0.686992
38,0.402679,3.5942,1.09572,1,7.49222,0.01,0.984909,0.198611,0.124797,0.686992
38,0.402679,3.5942,1.09572,1,7.49222,0.01,0.984909,0.198611,0.124797,0.686992
664,0.55276,3.59465,1.00487,1,7.49222,0.01,0.984909,0.198611,0.124797,0.686992
664,0.55276,3.59465,1.00487,1,7.49222,0.01,0.984909,0.198611,0.124797,0.686992
235,0.682578,3.5949,0.866147,1,7.49222,0.01,0.984909,0.198611,0.124797,0.686992
235,0.682578,3.5949,0.866147,1,7.49222,0.01,0.984909,0.198611,0.124797,0.686992
1093,0.773389,3.59481,0.683606,1,7.49222,0.01,0.984909,0.198611,0.124797,0.686992
1093,0.773389,3.59481,0.683606,1,7.49222,0.01,0.984909,0.198611,0.124797,0.686992
60,0.805623,3.59427,0.477074,1,7.49222,0.01,0.984909,0.198611,0.124797,0.686992
