id,x,y,z,ablated,v,bulkheadyoungs,nickdepth,nickw,nickc,bbmin
1045,-0.319263,3.43222,0.643967,0,3.49222,0.1,0.826834,0.198611,0.12484,0.528917
59,-0.346302,3.43251,0.498487,0,3.49222,0.1,0.826834,0.198611,0.12484,0.528917
187,-0.262725,3.4316,0.77615,0,3.49222,0.1,0.826834,0.198611,0.12484,0.528917
1045,-0.319263,3.43222,0.643967,0,3.49222,0.1,0.826834,0.198611,0.12484,0.528917
616,-0.180347,3.43083,0.881983,0,3.49222,0.1,0.826834,0.198611,0.12484,0.528917
187,-0.262725,3.4316,0.77615,0,3.49222,0.1,0.826834,0.198611,0.12484,0.528917
16,-0.0811133,3.43008,0.956929,0,3.49222,0.1,0.826834,0.198611,0.12484,0.528917
616,-0.180347,3.43083,0.881983,0,3.49222,0.1,0.826834,0.198611,0.12484,0.528917
16,-0.0811133,3.43008,0.956929,0,3.49222,0.1,0.826834,0.198611,0.12484,0.528917
615,0.0229535,3.42955,0.997947,0,3.49222,0.1,0.826834,0.198611,0.12484,0.528917
615,0.0229535,3.42955,0.997947,0,3.49222,0.1,0.826834,0.198611,0.12484,0.528917
186,0.125029,3.42939,1.01031,0,3.49222,0.1,0.826834,0.198611,0.12484,0.528917
186,0.125029,3.42939,1.01031,0,3.49222,0.1,0.826834,0.198611,0.12484,0.528917
1044,0.227102,3.42955,0.997924,0,3.49222,0.1,0.826834,0.198611,0.12484,0.528917
1044,0.227102,3.42955,0.997924,0,3.49222,0.1,0.826834,0.198611,0.12484,0.528917
38,0.331171,3.43008,0.956915,0,3.49222,0.1,0.826834,0.198611,0.12484,0.528917
38,0.331171,3.43008,0.956915,0,3.49222,0.1,0.826834,0.198611,0.12484,0.528917
664,0.430408,3.43082,0.88198,0,3.49222,0.1,0.826834,0.198611,0.12484,0.528917
664,0.430408,3.43082,0.88198,0,3.49222,0.1,0.826834,0.198611,0.12484,0.528917
235,0.512777,3.4316,0.776146,0,3.49222,0.1,0.826834,0.198611,0.12484,0.528917
235,0.512777,3.4316,0.776146,0,3.49222,0.1,0.826834,0.198611,0.12484,0.528917
1093,0.569291,3.43222,0.643966,0,3.49222,0.1,0.826834,0.198611,0.12484,0.528917
1093,0.569291,3.43222,0.643966,0,3.49222,0.1,0.826834,0.198611,0.12484,0.528917
60,0.596328,3.4325,0.498502,0,3.49222,0.1,0.826834,0.198611,0.12484,0.528917
1045,-0.335415,3.4319,0.648893,1,3.49222,0.1,0.826834,0.198611,0.12484,0.528917
59,-0.360066,3.43221,0.501369,1,3.49222,0.1,0.826834,0.198611,0.12484,0.528917
187,-0.27345,3.43123,0.780556,1,3.49222,0.1,0.826834,0.198611,0.12484,0.528917
1045,-0.335415,3.4319,0.648893,1,3.49222,0.1,0.826834,0.198611,0.12484,0.528917
616,-0.185205,3.4304,0.883195,1,3.49222,0.1,0.826834,0.198611,0.12484,0.528917
187,-0.27345,3.43123,0.780556,1,3.49222,0.1,0.826834,0.198611,0.12484,0.528917
16,-0.0823263,3.4296,0.954193,1,3.49222,0.1,0.826834,0.198611,0.12484,0.528917
616,-0.185205,3.4304,0.883195,1,3.49222,0.1,0.826834,0.198611,0.12484,0.528917
16,-0.0823263,3.4296,0.954193,1,3.49222,0.1,0.826834,0.198611,0.12484,0.528917
615,0.0228947,3.42904,0.992585,1,3.49222,0.1,0.826834,0.198611,0.12484,0.528917
615,0.0228947,3.42904,0.992585,1,3.49222,0.1,0.826834,0.198611,0.12484,0.528917
186,0.12503,3.42887,1.00426,1,3.49222,0.1,0.826834,0.198611,0.12484,0.528917
186,0.12503,3.42887,1.00426,1,3.49222,0.1,0.826834,0.198611,0.12484,0.528917
1044,0.227168,3.42904,0.99261,1,3.49222,0.1,0.826834,0.198611,0.12484,0.528917
1044,0.227168,3.42904,0.99261,1,3.49222,0.1,0.826834,0.198611,0.12484,0.528917
38,0.332396,3.4296,0.954222,1,3.49222,0.1,0.826834,0.198611,0.12484,0.528917
38,0.332396,3.4296,0.954222,1,3.49222,0.1,0.826834,0.198611,0.12484,0.528917
664,0.43526,3.4304,0.883205,1,3.49222,0.1,0.826834,0.198611,0.12484,0.528917
664,0.43526,3.4304,0.883205,1,3.49222,0.1,0.826834,0.198611,0.12484,0.528917
235,0.523475,3.43123,0.780552,1,3.49222,0.1,0.826834,0.198611,0.12484,0.528917
235,0.523475,3.43123,0.780552,1,3.49222,0.1,0.826834,0.198611,0.12484,0.528917
1093,0.585419,3.4319,0.648894,1,3.49222,0.1,0.826834,0.198611,0.12484,0.528917
1093,0.585419,3.4319,0.648894,1,3.49222,0.1,0.826834,0.198611,0.12484,0.528917
60,0.610068,3.43221,0.501384,1,3.49222,0.1,0.826834,0.198611,0.12484,0.528917
1045,-0.355336,3.44808,0.651719,0,3.99222,0.1,0.859283,0.198611,0.124832,0.561367
59,-0.382965,3.44818,0.49584,0,3.99222,0.1,0.859283,0.198611,0.124832,0.561367
187,-0.292283,3.44767,0.791785,0,3.99222,0.1,0.859283,0.198611,0.124832,0.561367
1045,-0.355336,3.44808,0.651719,0,3.99222,0.1,0.859283,0.198611,0.124832,0.561367
616,-0.200815,3.44706,0.901843,0,3.99222,0.1,0.859283,0.198611,0.124832,0.561367
187,-0.292283,3.44767,0.791785,0,3.99222,0.1,0.859283,0.198611,0.124832,0.561367
16,-0.0921638,3.44643,0.977515,0,3.99222,0.1,0.859283,0.198611,0.124832,0.561367
616,-0.200815,3.44706,0.901843,0,3.99222,0.1,0.859283,0.198611,0.124832,0.561367
16,-0.0921638,3.44643,0.977515,0,3.99222,0.1,0.859283,0.198611,0.124832,0.561367
615,0.0197591,3.44596,1.01846,0,3.99222,0.1,0.859283,0.198611,0.124832,0.561367
615,0.0197591,3.44596,1.01846,0,3.99222,0.1,0.859283,0.198611,0.124832,0.561367
186,0.125034,3.44581,1.03035,0,3.99222,0.1,0.859283,0.198611,0.124832,0.561367
186,0.125034,3.44581,1.03035,0,3.99222,0.1,0.859283,0.198611,0.124832,0.561367
1044,0.230309,3.44596,1.01846,0,3.99222,0.1,0.859283,0.198611,0.124832,0.561367
1044,0.230309,3.44596,1.01846,0,3.99222,0.1,0.859283,0.198611,0.124832,0.561367
38,0.342237,3.44643,0.977506,0,3.99222,0.1,0.859283,0.198611,0.124832,0.561367
38,0.342237,3.44643,0.977506,0,3.99222,0.1,0.859283,0.198611,0.124832,0.561367
664,0.450883,3.44706,0.901835,0,3.99222,0.1,0.859283,0.198611,0.124832,0.561367
664,0.450883,3.44706,0.901835,0,3.99222,0.1,0.859283,0.198611,0.124832,0.561367
235,0.542337,3.44766,0.791775,0,3.99222,0.1,0.859283,0.198611,0.124832,0.561367
235,0.542337,3.44766,0.791775,0,3.99222,0.1,0.859283,0.198611,0.124832,0.561367
1093,0.605382,3.44807,0.651715,0,3.99222,0.1,0.859283,0.198611,0.124832,0.561367
1093,0.605382,3.44807,0.651715,0,3.99222,0.1,0.859283,0.198611,0.124832,0.561367
60,0.633015,3.44818,0.495854,0,3.99222,0.1,0.859283,0.198611,0.124832,0.561367
1045,-0.36901,3.44773,0.655427,1,3.99222,0.1,0.859283,0.198611,0.124832,0.561367
59,-0.394372,3.44788,0.497531,1,3.99222,0.1,0.859283,0.198611,0.124832,0.561367
187,-0.301823,3.44725,0.795707,1,3.99222,0.1,0.859283,0.198611,0.124832,0.561367
1045,-0.36901,3.44773,0.655427,1,3.99222,0.1,0.859283,0.198611,0.124832,0.561367
616,-0.205693,3.44659,0.903821,1,3.99222,0.1,0.859283,0.198611,0.124832,0.561367
187,-0.301823,3.44725,0.795707,1,3.99222,0.1,0.859283,0.198611,0.124832,0.561367
16,-0.0939237,3.4459,0.976772,1,3.99222,0.1,0.859283,0.198611,0.124832,0.561367
616,-0.205693,3.44659,0.903821,1,3.99222,0.1,0.859283,0.198611,0.124832,0.561367
16,-0.0939237,3.4459,0.976772,1,3.99222,0.1,0.859283,0.198611,0.124832,0.561367
615,0.0194069,3.4454,1.01571,1,3.99222,0.1,0.859283,0.198611,0.124832,0.561367
615,0.0194069,3.4454,1.01571,1,3.99222,0.1,0.859283,0.198611,0.124832,0.561367
186,0.125026,3.44525,1.02697,1,3.99222,0.1,0.859283,0.198611,0.124832,0.561367
186,0.125026,3.44525,1.02697,1,3.99222,0.1,0.859283,0.198611,0.124832,0.561367
1044,0.23065,3.44541,1.01573,1,3.99222,0.1,0.859283,0.198611,0.124832,0.561367
1044,0.23065,3.44541,1.01573,1,3.99222,0.1,0.859283,0.198611,0.124832,0.561367
38,0.343986,3.4459,0.976794,1,3.99222,0.1,0.859283,0.198611,0.124832,0.561367
38,0.343986,3.4459,0.976794,1,3.99222,0.1,0.859283,0.198611,0.124832,0.561367
664,0.455747,3.44659,0.903832,1,3.99222,0.1,0.859283,0.198611,0.124832,0.561367
664,0.455747,3.44659,0.903832,1,3.99222,0.1,0.859283,0.198611,0.124832,0.561367
235,0.551857,3.44725,0.79571,1,3.99222,0.1,0.859283,0.198611,0.124832,0.561367
235,0.551857,3.44725,0.79571,1,3.99222,0.1,0.859283,0.198611,0.124832,0.561367
1093,0.619024,3.44773,0.655435,1,3.99222,0.1,0.859283,0.198611,0.124832,0.561367
1093,0.619024,3.44773,0.655435,1,3.99222,0.1,0.859283,0.198611,0.124832,0.561367
60,0.644381,3.44788,0.497554,1,3.99222,0.1,0.859283,0.198611,0.124832,0.561367
1045,-0.383471,3.4684,0.657644,0,4.49222,0.1,0.886414,0.198611,0.124825,0.588497
59,-0.412301,3.46837,0.492886,0,4.49222,0.1,0.886414,0.198611,0.124825,0.588497
187,-0.315685,3.46812,0.804959,0,4.49222,0.1,0.886414,0.198611,0.124825,0.588497
1045,-0.383471,3.4684,0.657644,0,4.49222,0.1,0.886414,0.198611,0.124825,0.588497
616,-0.217674,3.46763,0.919845,0,4.49222,0.1,0.886414,0.198611,0.124825,0.588497
187,-0.315685,3.46812,0.804959,0,4.49222,0.1,0.886414,0.198611,0.124825,0.588497
16,-0.101951,3.46707,0.997938,0,4.49222,0.1,0.886414,0.198611,0.124825,0.588497
616,-0.217674,3.46763,0.919845,0,4.49222,0.1,0.886414,0.198611,0.124825,0.588497
16,-0.101951,3.46707,0.997938,0,4.49222,0.1,0.886414,0.198611,0.124825,0.588497
615,0.0166875,3.46665,1.03992,0,4.49222,0.1,0.886414,0.198611,0.124825,0.588497
615,0.0166875,3.46665,1.03992,0,4.49222,0.1,0.886414,0.198611,0.124825,0.588497
186,0.125036,3.46651,1.05175,0,4.49222,0.1,0.886414,0.198611,0.124825,0.588497
186,0.125036,3.46651,1.05175,0,4.49222,0.1,0.886414,0.198611,0.124825,0.588497
1044,0.233385,3.46665,1.03992,0,4.49222,0.1,0.886414,0.198611,0.124825,0.588497
1044,0.233385,3.46665,1.03992,0,4.49222,0.1,0.886414,0.198611,0.124825,0.588497
38,0.352027,3.46706,0.997928,0,4.49222,0.1,0.886414,0.198611,0.124825,0.588497
38,0.352027,3.46706,0.997928,0,4.49222,0.1,0.886414,0.198611,0.124825,0.588497
664,0.467748,3.46763,0.91984,0,4.49222,0.1,0.886414,0.198611,0.124825,0.588497
664,0.467748,3.46763,0.91984,0,4.49222,0.1,0.886414,0.198611,0.124825,0.588497
235,0.565749,3.46812,0.804954,0,4.49222,0.1,0.886414,0.198611,0.124825,0.588497
235,0.565749,3.46812,0.804954,0,4.49222,0.1,0.886414,0.198611,0.124825,0.588497
1093,0.633535,3.4684,0.657649,0,4.49222,0.1,0.886414,0.198611,0.124825,0.588497
1093,0.633535,3.4684,0.657649,0,4.49222,0.1,0.886414,0.198611,0.124825,0.588497
60,0.662363,3.46837,0.492906,0,4.49222,0.1,0.886414,0.198611,0.124825,0.588497
1045,-0.396299,3.46808,0.660714,1,4.49222,0.1,0.886414,0.198611,0.124825,0.588497
59,-0.422895,3.46808,0.493957,1,4.49222,0.1,0.886414,0.198611,0.124825,0.588497
187,-0.324861,3.46775,0.80854,1,4.49222,0.1,0.886414,0.198611,0.124825,0.588497
1045,-0.396299,3.46808,0.660714,1,4.49222,0.1,0.886414,0.198611,0.124825,0.588497
616,-0.222612,3.46722,0.921962,1,4.49222,0.1,0.886414,0.198611,0.124825,0.588497
187,-0.324861,3.46775,0.80854,1,4.49222,0.1,0.886414,0.198611,0.124825,0.588497
16,-0.103951,3.46663,0.997824,1,4.49222,0.1,0.886414,0.198611,0.124825,0.588497
616,-0.222612,3.46722,0.921962,1,4.49222,0.1,0.886414,0.198611,0.124825,0.588497
16,-0.103951,3.46663,0.997824,1,4.49222,0.1,0.886414,0.198611,0.124825,0.588497
615,0.0161697,3.46618,1.03812,1,4.49222,0.1,0.886414,0.198611,0.124825,0.588497
615,0.0161697,3.46618,1.03812,1,4.49222,0.1,0.886414,0.198611,0.124825,0.588497
186,0.124993,3.46604,1.04943,1,4.49222,0.1,0.886414,0.198611,0.124825,0.588497
186,0.124993,3.46604,1.04943,1,4.49222,0.1,0.886414,0.198611,0.124825,0.588497
1044,0.233821,3.46619,1.03813,1,4.49222,0.1,0.886414,0.198611,0.124825,0.588497
1044,0.233821,3.46619,1.03813,1,4.49222,0.1,0.886414,0.198611,0.124825,0.588497
38,0.353949,3.46663,0.997848,1,4.49222,0.1,0.886414,0.198611,0.124825,0.588497
38,0.353949,3.46663,0.997848,1,4.49222,0.1,0.886414,0.198611,0.124825,0.588497
664,0.472606,3.46723,0.921981,1,4.49222,0.1,0.886414,0.198611,0.124825,0.588497
664,0.472606,3.46723,0.921981,1,4.49222,0.1,0.886414,0.198611,0.124825,0.588497
235,0.574837,3.46776,0.808555,1,4.49222,0.1,0.886414,0.198611,0.124825,0.588497
235,0.574837,3.46776,0.808555,1,4.49222,0.1,0.886414,0.198611,0.124825,0.588497
1093,0.64626,3.46809,0.660739,1,4.49222,0.1,0.886414,0.198611,0.124825,0.588497
1093,0.64626,3.46809,0.660739,1,4.49222,0.1,0.886414,0.198611,0.124825,0.588497
60,0.672859,3.46809,0.493999,1,4.49222,0.1,0.886414,0.198611,0.124825,0.588497
1045,-0.407703,3.49062,0.662918,0,4.99222,0.1,0.908602,0.198611,0.124819,0.610685
59,-0.437799,3.49047,0.490317,0,4.99222,0.1,0.908602,0.198611,0.124819,0.610685
187,-0.335986,3.49045,0.8168,0,4.99222,0.1,0.908602,0.198611,0.124819,0.610685
1045,-0.407703,3.49062,0.662918,0,4.99222,0.1,0.908602,0.198611,0.124819,0.610685
616,-0.232523,3.49005,0.936301,0,4.99222,0.1,0.908602,0.198611,0.124819,0.610685
187,-0.335986,3.49045,0.8168,0,4.99222,0.1,0.908602,0.198611,0.124819,0.610685
16,-0.110769,3.48955,1.01699,0,4.99222,0.1,0.908602,0.198611,0.124819,0.610685
616,-0.232523,3.49005,0.936301,0,4.99222,0.1,0.908602,0.198611,0.124819,0.610685
16,-0.110769,3.48955,1.01699,0,4.99222,0.1,0.908602,0.198611,0.124819,0.610685
615,0.0138042,3.48916,1.06016,0,4.99222,0.1,0.908602,0.198611,0.124819,0.610685
615,0.0138042,3.48916,1.06016,0,4.99222,0.1,0.908602,0.198611,0.124819,0.610685
186,0.125037,3.48903,1.07204,0,4.99222,0.1,0.908602,0.198611,0.124819,0.610685
186,0.125037,3.48903,1.07204,0,4.99222,0.1,0.908602,0.198611,0.124819,0.610685
1044,0.236274,3.48916,1.06015,0,4.99222,0.1,0.908602,0.198611,0.124819,0.610685
1044,0.236274,3.48916,1.06015,0,4.99222,0.1,0.908602,0.198611,0.124819,0.610685
38,0.360849,3.48955,1.01698,0,4.99222,0.1,0.908602,0.198611,0.124819,0.610685
38,0.360849,3.48955,1.01698,0,4.99222,0.1,0.908602,0.198611,0.124819,0.610685
664,0.482601,3.49004,0.936295,0,4.99222,0.1,0.908602,0.198611,0.124819,0.610685
664,0.482601,3.49004,0.936295,0,4.99222,0.1,0.908602,0.198611,0.124819,0.610685
235,0.586054,3.49045,0.816796,0,4.99222,0.1,0.908602,0.198611,0.124819,0.610685
235,0.586054,3.49045,0.816796,0,4.99222,0.1,0.908602,0.198611,0.124819,0.610685
1093,0.657766,3.49061,0.662924,0,4.99222,0.1,0.908602,0.198611,0.124819,0.610685
1093,0.657766,3.49061,0.662924,0,4.99222,0.1,0.908602,0.198611,0.124819,0.610685
60,0.687866,3.49047,0.490342,0,4.99222,0.1,0.908602,0.198611,0.124819,0.610685
1045,-0.420438,3.49029,0.66554,1,4.99222,0.1,0.908602,0.198611,0.124819,0.610685
59,-0.448214,3.49018,0.490894,1,4.99222,0.1,0.908602,0.198611,0.124819,0.610685
187,-0.345364,3.49008,0.820199,1,4.99222,0.1,0.908602,0.198611,0.124819,0.610685
1045,-0.420438,3.49029,0.66554,1,4.99222,0.1,0.908602,0.198611,0.124819,0.610685
616,-0.237825,3.48964,0.938587,1,4.99222,0.1,0.908602,0.198611,0.124819,0.610685
187,-0.345364,3.49008,0.820199,1,4.99222,0.1,0.908602,0.198611,0.124819,0.610685
16,-0.113062,3.48911,1.0173,1,4.99222,0.1,0.908602,0.198611,0.124819,0.610685
616,-0.237825,3.48964,0.938587,1,4.99222,0.1,0.908602,0.198611,0.124819,0.610685
16,-0.113062,3.48911,1.0173,1,4.99222,0.1,0.908602,0.198611,0.124819,0.610685
615,0.0132024,3.48869,1.05883,1,4.99222,0.1,0.908602,0.198611,0.124819,0.610685
615,0.0132024,3.48869,1.05883,1,4.99222,0.1,0.908602,0.198611,0.124819,0.610685
186,0.125063,3.48855,1.07019,1,4.99222,0.1,0.908602,0.198611,0.124819,0.610685
186,0.125063,3.48855,1.07019,1,4.99222,0.1,0.908602,0.198611,0.124819,0.610685
1044,0.236927,3.48869,1.05883,1,4.99222,0.1,0.908602,0.198611,0.124819,0.610685
1044,0.236927,3.48869,1.05883,1,4.99222,0.1,0.908602,0.198611,0.124819,0.610685
38,0.363189,3.4891,1.01728,1,4.99222,0.1,0.908602,0.198611,0.124819,0.610685
38,0.363189,3.4891,1.01728,1,4.99222,0.1,0.908602,0.198611,0.124819,0.610685
664,0.487942,3.48963,0.938558,1,4.99222,0.1,0.908602,0.198611,0.124819,0.610685
664,0.487942,3.48963,0.938558,1,4.99222,0.1,0.908602,0.198611,0.124819,0.610685
235,0.595472,3.49007,0.820174,1,4.99222,0.1,0.908602,0.198611,0.124819,0.610685
235,0.595472,3.49007,0.820174,1,4.99222,0.1,0.908602,0.198611,0.124819,0.610685
1093,0.670545,3.49028,0.665526,1,4.99222,0.1,0.908602,0.198611,0.124819,0.610685
1093,0.670545,3.49028,0.665526,1,4.99222,0.1,0.908602,0.198611,0.124819,0.610685
60,0.698316,3.49017,0.490893,1,4.99222,0.1,0.908602,0.198611,0.124819,0.610685
1045,-0.429435,3.5134,0.667748,0,5.49222,0.1,0.927924,0.198611,0.124814,0.630008
59,-0.460735,3.51316,0.488039,0,5.49222,0.1,0.927924,0.198611,0.124814,0.630008
187,-0.354267,3.51332,0.827654,0,5.49222,0.1,0.927924,0.198611,0.124814,0.630008
1045,-0.429435,3.5134,0.667748,0,5.49222,0.1,0.927924,0.198611,0.124814,0.630008
616,-0.245997,3.51299,0.951481,0,5.49222,0.1,0.927924,0.198611,0.124814,0.630008
187,-0.354267,3.51332,0.827654,0,5.49222,0.1,0.927924,0.198611,0.124814,0.630008
16,-0.118863,3.51254,1.03472,0,5.49222,0.1,0.927924,0.198611,0.124814,0.630008
616,-0.245997,3.51299,0.951481,0,5.49222,0.1,0.927924,0.198611,0.124814,0.630008
16,-0.118863,3.51254,1.03472,0,5.49222,0.1,0.927924,0.198611,0.124814,0.630008
615,0.0110811,3.51216,1.07907,0,5.49222,0.1,0.927924,0.198611,0.124814,0.630008
615,0.0110811,3.51216,1.07907,0,5.49222,0.1,0.927924,0.198611,0.124814,0.630008
186,0.12504,3.51204,1.09106,0,5.49222,0.1,0.927924,0.198611,0.124814,0.630008
186,0.12504,3.51204,1.09106,0,5.49222,0.1,0.927924,0.198611,0.124814,0.630008
1044,0.239004,3.51217,1.07907,0,5.49222,0.1,0.927924,0.198611,0.124814,0.630008
1044,0.239004,3.51217,1.07907,0,5.49222,0.1,0.927924,0.198611,0.124814,0.630008
38,0.36895,3.51254,1.03471,0,5.49222,0.1,0.927924,0.198611,0.124814,0.630008
38,0.36895,3.51254,1.03471,0,5.49222,0.1,0.927924,0.198611,0.124814,0.630008
664,0.496083,3.51299,0.951474,0,5.49222,0.1,0.927924,0.198611,0.124814,0.630008
664,0.496083,3.51299,0.951474,0,5.49222,0.1,0.927924,0.198611,0.124814,0.630008
235,0.604344,3.51332,0.82765,0,5.49222,0.1,0.927924,0.198611,0.124814,0.630008
235,0.604344,3.51332,0.82765,0,5.49222,0.1,0.927924,0.198611,0.124814,0.630008
1093,0.679506,3.5134,0.667751,0,5.49222,0.1,0.927924,0.198611,0.124814,0.630008
1093,0.679506,3.5134,0.667751,0,5.49222,0.1,0.927924,0.198611,0.124814,0.630008
60,0.71081,3.51315,0.488062,0,5.49222,0.1,0.927924,0.198611,0.124814,0.630008
1045,-0.442114,3.51307,0.669886,1,5.49222,0.1,0.927924,0.198611,0.124814,0.630008
59,-0.471084,3.51285,0.48811,1,5.49222,0.1,0.927924,0.198611,0.124814,0.630008
187,-0.363721,3.51296,0.830718,1,5.49222,0.1,0.927924,0.198611,0.124814,0.630008
1045,-0.442114,3.51307,0.669886,1,5.49222,0.1,0.927924,0.198611,0.124814,0.630008
616,-0.25146,3.51259,0.95363,1,5.49222,0.1,0.927924,0.198611,0.124814,0.630008
187,-0.363721,3.51296,0.830718,1,5.49222,0.1,0.927924,0.198611,0.124814,0.630008
16,-0.12132,3.51211,1.03507,1,5.49222,0.1,0.927924,0.198611,0.124814,0.630008
616,-0.25146,3.51259,0.95363,1,5.49222,0.1,0.927924,0.198611,0.124814,0.630008
16,-0.12132,3.51211,1.03507,1,5.49222,0.1,0.927924,0.198611,0.124814,0.630008
615,0.01039,3.51172,1.07793,1,5.49222,0.1,0.927924,0.198611,0.124814,0.630008
615,0.01039,3.51172,1.07793,1,5.49222,0.1,0.927924,0.198611,0.124814,0.630008
186,0.125068,3.51158,1.08943,1,5.49222,0.1,0.927924,0.198611,0.124814,0.630008
186,0.125068,3.51158,1.08943,1,5.49222,0.1,0.927924,0.198611,0.124814,0.630008
1044,0.239751,3.51172,1.07793,1,5.49222,0.1,0.927924,0.198611,0.124814,0.630008
1044,0.239751,3.51172,1.07793,1,5.49222,0.1,0.927924,0.198611,0.124814,0.630008
38,0.371459,3.51211,1.03505,1,5.49222,0.1,0.927924,0.198611,0.124814,0.630008
38,0.371459,3.51211,1.03505,1,5.49222,0.1,0.927924,0.198611,0.124814,0.630008
664,0.501588,3.51258,0.953598,1,5.49222,0.1,0.927924,0.198611,0.124814,0.630008
664,0.501588,3.51258,0.953598,1,5.49222,0.1,0.927924,0.198611,0.124814,0.630008
235,0.613841,3.51294,0.83069,1,5.49222,0.1,0.927924,0.198611,0.124814,0.630008
235,0.613841,3.51294,0.83069,1,5.49222,0.1,0.927924,0.198611,0.124814,0.630008
1093,0.692232,3.51306,0.669869,1,5.49222,0.1,0.927924,0.198611,0.124814,0.630008
1093,0.692232,3.51306,0.669869,1,5.49222,0.1,0.927924,0.198611,0.124814,0.630008
60,0.721197,3.51284,0.488106,1,5.49222,0.1,0.927924,0.198611,0.124814,0.630008
1045,-0.449365,3.53613,0.672194,0,5.99222,0.1,0.945208,0.198611,0.124809,0.647292
59,-0.48182,3.5358,0.48594,0,5.99222,0.1,0.945208,0.198611,0.124809,0.647292
187,-0.371075,3.53612,0.83769,0,5.99222,0.1,0.945208,0.198611,0.124809,0.647292
1045,-0.449365,3.53613,0.672194,0,5.99222,0.1,0.945208,0.198611,0.124809,0.647292
616,-0.258454,3.53584,0.965596,0,5.99222,0.1,0.945208,0.198611,0.124809,0.647292
187,-0.371075,3.53612,0.83769,0,5.99222,0.1,0.945208,0.198611,0.124809,0.647292
16,-0.126403,3.53542,1.05128,0,5.99222,0.1,0.945208,0.198611,0.124809,0.647292
616,-0.258454,3.53584,0.965596,0,5.99222,0.1,0.945208,0.198611,0.124809,0.647292
16,-0.126403,3.53542,1.05128,0,5.99222,0.1,0.945208,0.198611,0.124809,0.647292
615,0.00848382,3.53505,1.0968,0,5.99222,0.1,0.945208,0.198611,0.124809,0.647292
615,0.00848382,3.53505,1.0968,0,5.99222,0.1,0.945208,0.198611,0.124809,0.647292
186,0.125045,3.53492,1.10891,0,5.99222,0.1,0.945208,0.198611,0.124809,0.647292
186,0.125045,3.53492,1.10891,0,5.99222,0.1,0.945208,0.198611,0.124809,0.647292
1044,0.241609,3.53505,1.09679,0,5.99222,0.1,0.945208,0.198611,0.124809,0.647292
1044,0.241609,3.53505,1.09679,0,5.99222,0.1,0.945208,0.198611,0.124809,0.647292
38,0.3765,3.53542,1.05127,0,5.99222,0.1,0.945208,0.198611,0.124809,0.647292
38,0.3765,3.53542,1.05127,0,5.99222,0.1,0.945208,0.198611,0.124809,0.647292
664,0.508545,3.53584,0.965583,0,5.99222,0.1,0.945208,0.198611,0.124809,0.647292
664,0.508545,3.53584,0.965583,0,5.99222,0.1,0.945208,0.198611,0.124809,0.647292
235,0.621161,3.53611,0.837683,0,5.99222,0.1,0.945208,0.198611,0.124809,0.647292
235,0.621161,3.53611,0.837683,0,5.99222,0.1,0.945208,0.198611,0.124809,0.647292
1093,0.699443,3.53612,0.672197,0,5.99222,0.1,0.945208,0.198611,0.124809,0.647292
1093,0.699443,3.53612,0.672197,0,5.99222,0.1,0.945208,0.198611,0.124809,0.647292
60,0.7319,3.5358,0.485961,0,5.99222,0.1,0.945208,0.198611,0.124809,0.647292
1045,-0.462201,3.53579,0.673951,1,5.99222,0.1,0.945208,0.198611,0.124809,0.647292
59,-0.492277,3.53548,0.485584,1,5.99222,0.1,0.945208,0.198611,0.124809,0.647292
187,-0.380735,3.53576,0.840493,1,5.99222,0.1,0.945208,0.198611,0.124809,0.647292
1045,-0.462201,3.53579,0.673951,1,5.99222,0.1,0.945208,0.198611,0.124809,0.647292
616,-0.264121,3.53546,0.967605,1,5.99222,0.1,0.945208,0.198611,0.124809,0.647292
187,-0.380735,3.53576,0.840493,1,5.99222,0.1,0.945208,0.198611,0.124809,0.647292
16,-0.129031,3.53502,1.05162,1,5.99222,0.1,0.945208,0.198611,0.124809,0.647292
616,-0.264121,3.53546,0.967605,1,5.99222,0.1,0.945208,0.198611,0.124809,0.647292
16,-0.129031,3.53502,1.05162,1,5.99222,0.1,0.945208,0.198611,0.124809,0.647292
615,0.00769964,3.53464,1.09572,1,5.99222,0.1,0.945208,0.198611,0.124809,0.647292
615,0.00769964,3.53464,1.09572,1,5.99222,0.1,0.945208,0.198611,0.124809,0.647292
186,0.125057,3.53451,1.10737,1,5.99222,0.1,0.945208,0.198611,0.124809,0.647292
186,0.125057,3.53451,1.10737,1,5.99222,0.1,0.945208,0.198611,0.124809,0.647292
1044,0.242421,3.53464,1.09572,1,5.99222,0.1,0.945208,0.198611,0.124809,0.647292
1044,0.242421,3.53464,1.09572,1,5.99222,0.1,0.945208,0.198611,0.124809,0.647292
38,0.379153,3.53502,1.05161,1,5.99222,0.1,0.945208,0.198611,0.124809,0.647292
38,0.379153,3.53502,1.05161,1,5.99222,0.1,0.945208,0.198611,0.124809,0.647292
664,0.514235,3.53546,0.967592,1,5.99222,0.1,0.945208,0.198611,0.124809,0.647292
664,0.514235,3.53546,0.967592,1,5.99222,0.1,0.945208,0.198611,0.124809,0.647292
235,0.630832,3.53575,0.84048,1,5.99222,0.1,0.945208,0.198611,0.124809,0.647292
235,0.630832,3.53575,0.84048,1,5.99222,0.1,0.945208,0.198611,0.124809,0.647292
1093,0.712281,3.53578,0.673949,1,5.99222,0.1,0.945208,0.198611,0.124809,0.647292
1093,0.712281,3.53578,0.673949,1,5.99222,0.1,0.945208,0.198611,0.124809,0.647292
60,0.742357,3.53547,0.4856,1,5.99222,0.1,0.945208,0.198611,0.124809,0.647292
1045,-0.467885,3.55847,0.676345,0,6.49222,0.1,0.960468,0.198611,0.124806,0.662551
59,-0.501418,3.55808,0.483995,0,6.49222,0.1,0.960468,0.198611,0.124806,0.662551
187,-0.386729,3.55852,0.847077,0,6.49222,0.1,0.960468,0.198611,0.124806,0.662551
1045,-0.467885,3.55847,0.676345,0,6.49222,0.1,0.960468,0.198611,0.124806,0.662551
616,-0.270091,3.55829,0.978822,0,6.49222,0.1,0.960468,0.198611,0.124806,0.662551
187,-0.386729,3.55852,0.847077,0,6.49222,0.1,0.960468,0.198611,0.124806,0.662551
16,-0.13349,3.55789,1.06685,0,6.49222,0.1,0.960468,0.198611,0.124806,0.662551
616,-0.270091,3.55829,0.978822,0,6.49222,0.1,0.960468,0.198611,0.124806,0.662551
16,-0.13349,3.55789,1.06685,0,6.49222,0.1,0.960468,0.198611,0.124806,0.662551
615,0.00599683,3.55753,1.11349,0,6.49222,0.1,0.960468,0.198611,0.124806,0.662551
615,0.00599683,3.55753,1.11349,0,6.49222,0.1,0.960468,0.198611,0.124806,0.662551
186,0.125048,3.5574,1.12574,0,6.49222,0.1,0.960468,0.198611,0.124806,0.662551
186,0.125048,3.5574,1.12574,0,6.49222,0.1,0.960468,0.198611,0.124806,0.662551
1044,0.244105,3.55753,1.11349,0,6.49222,0.1,0.960468,0.198611,0.124806,0.662551
1044,0.244105,3.55753,1.11349,0,6.49222,0.1,0.960468,0.198611,0.124806,0.662551
38,0.383596,3.55789,1.06684,0,6.49222,0.1,0.960468,0.198611,0.124806,0.662551
38,0.383596,3.55789,1.06684,0,6.49222,0.1,0.960468,0.198611,0.124806,0.662551
664,0.520192,3.55829,0.978809,0,6.49222,0.1,0.960468,0.198611,0.124806,0.662551
664,0.520192,3.55829,0.978809,0,6.49222,0.1,0.960468,0.198611,0.124806,0.662551
235,0.636823,3.55852,0.847066,0,6.49222,0.1,0.960468,0.198611,0.124806,0.662551
235,0.636823,3.55852,0.847066,0,6.49222,0.1,0.960468,0.198611,0.124806,0.662551
1093,0.71797,3.55847,0.676345,0,6.49222,0.1,0.960468,0.198611,0.124806,0.662551
1093,0.71797,3.55847,0.676345,0,6.49222,0.1,0.960468,0.198611,0.124806,0.662551
60,0.751505,3.55808,0.484015,0,6.49222,0.1,0.960468,0.198611,0.124806,0.662551
1045,-0.480835,3.55813,0.677784,1,6.49222,0.1,0.960468,0.198611,0.124806,0.662551
59,-0.511964,3.55774,0.483288,1,6.49222,0.1,0.960468,0.198611,0.124806,0.662551
187,-0.396531,3.55817,0.849644,1,6.49222,0.1,0.960468,0.198611,0.124806,0.662551
1045,-0.480835,3.55813,0.677784,1,6.49222,0.1,0.960468,0.198611,0.124806,0.662551
616,-0.275905,3.55792,0.980694,1,6.49222,0.1,0.960468,0.198611,0.124806,0.662551
187,-0.396531,3.55817,0.849644,1,6.49222,0.1,0.960468,0.198611,0.124806,0.662551
16,-0.136238,3.55751,1.06714,1,6.49222,0.1,0.960468,0.198611,0.124806,0.662551
616,-0.275905,3.55792,0.980694,1,6.49222,0.1,0.960468,0.198611,0.124806,0.662551
16,-0.136238,3.55751,1.06714,1,6.49222,0.1,0.960468,0.198611,0.124806,0.662551
615,0.0051515,3.55714,1.11243,1,6.49222,0.1,0.960468,0.198611,0.124806,0.662551
615,0.0051515,3.55714,1.11243,1,6.49222,0.1,0.960468,0.198611,0.124806,0.662551
186,0.125064,3.557,1.12424,1,6.49222,0.1,0.960468,0.198611,0.124806,0.662551
186,0.125064,3.557,1.12424,1,6.49222,0.1,0.960468,0.198611,0.124806,0.662551
1044,0.244983,3.55714,1.11243,1,6.49222,0.1,0.960468,0.198611,0.124806,0.662551
1044,0.244983,3.55714,1.11243,1,6.49222,0.1,0.960468,0.198611,0.124806,0.662551
38,0.386375,3.5575,1.06714,1,6.49222,0.1,0.960468,0.198611,0.124806,0.662551
38,0.386375,3.5575,1.06714,1,6.49222,0.1,0.960468,0.198611,0.124806,0.662551
664,0.526032,3.55792,0.980678,1,6.49222,0.1,0.960468,0.198611,0.124806,0.662551
664,0.526032,3.55792,0.980678,1,6.49222,0.1,0.960468,0.198611,0.124806,0.662551
235,0.64664,3.55816,0.849626,1,6.49222,0.1,0.960468,0.198611,0.124806,0.662551
235,0.64664,3.55816,0.849626,1,6.49222,0.1,0.960468,0.198611,0.124806,0.662551
1093,0.730927,3.55812,0.677776,1,6.49222,0.1,0.960468,0.198611,0.124806,0.662551
1093,0.730927,3.55812,0.677776,1,6.49222,0.1,0.960468,0.198611,0.124806,0.662551
60,0.762053,3.55774,0.483298,1,6.49222,0.1,0.960468,0.198611,0.124806,0.662551
1045,-0.485229,3.5803,0.680257,0,6.99222,0.1,0.973638,0.198611,0.124802,0.675721
59,-0.519785,3.57985,0.482191,0,6.99222,0.1,0.973638,0.198611,0.124802,0.675721
187,-0.40141,3.5804,0.855914,0,6.99222,0.1,0.973638,0.198611,0.124802,0.675721
1045,-0.485229,3.5803,0.680257,0,6.99222,0.1,0.973638,0.198611,0.124802,0.675721
616,-0.281031,3.5802,0.991293,0,6.99222,0.1,0.973638,0.198611,0.124802,0.675721
187,-0.40141,3.5804,0.855914,0,6.99222,0.1,0.973638,0.198611,0.124802,0.675721
16,-0.140184,3.57982,1.08157,0,6.99222,0.1,0.973638,0.198611,0.124802,0.675721
616,-0.281031,3.5802,0.991293,0,6.99222,0.1,0.973638,0.198611,0.124802,0.675721
16,-0.140184,3.57982,1.08157,0,6.99222,0.1,0.973638,0.198611,0.124802,0.675721
615,0.00361082,3.57946,1.12929,0,6.99222,0.1,0.973638,0.198611,0.124802,0.675721
615,0.00361082,3.57946,1.12929,0,6.99222,0.1,0.973638,0.198611,0.124802,0.675721
186,0.125051,3.57933,1.14168,0,6.99222,0.1,0.973638,0.198611,0.124802,0.675721
186,0.125051,3.57933,1.14168,0,6.99222,0.1,0.973638,0.198611,0.124802,0.675721
1044,0.246497,3.57946,1.12928,0,6.99222,0.1,0.973638,0.198611,0.124802,0.675721
1044,0.246497,3.57946,1.12928,0,6.99222,0.1,0.973638,0.198611,0.124802,0.675721
38,0.390297,3.57982,1.08156,0,6.99222,0.1,0.973638,0.198611,0.124802,0.675721
38,0.390297,3.57982,1.08156,0,6.99222,0.1,0.973638,0.198611,0.124802,0.675721
664,0.53114,3.5802,0.991278,0,6.99222,0.1,0.973638,0.198611,0.124802,0.675721
664,0.53114,3.5802,0.991278,0,6.99222,0.1,0.973638,0.198611,0.124802,0.675721
235,0.651509,3.58039,0.855901,0,6.99222,0.1,0.973638,0.198611,0.124802,0.675721
235,0.651509,3.58039,0.855901,0,6.99222,0.1,0.973638,0.198611,0.124802,0.675721
1093,0.735321,3.58029,0.680255,0,6.99222,0.1,0.973638,0.198611,0.124802,0.675721
1093,0.735321,3.58029,0.680255,0,6.99222,0.1,0.973638,0.198611,0.124802,0.675721
60,0.769877,3.57985,0.482208,0,6.99222,0.1,0.973638,0.198611,0.124802,0.675721
1045,-0.498105,3.57996,0.681459,1,6.99222,0.1,0.973638,0.198611,0.124802,0.675721
59,-0.53024,3.5795,0.48124,1,6.99222,0.1,0.973638,0.198611,0.124802,0.675721
187,-0.411209,3.58006,0.858324,1,6.99222,0.1,0.973638,0.198611,0.124802,0.675721
1045,-0.498105,3.57996,0.681459,1,6.99222,0.1,0.973638,0.198611,0.124802,0.675721
616,-0.286865,3.57985,0.993098,1,6.99222,0.1,0.973638,0.198611,0.124802,0.675721
187,-0.411209,3.58006,0.858324,1,6.99222,0.1,0.973638,0.198611,0.124802,0.675721
16,-0.142927,3.57945,1.08186,1,6.99222,0.1,0.973638,0.198611,0.124802,0.675721
616,-0.286865,3.57985,0.993098,1,6.99222,0.1,0.973638,0.198611,0.124802,0.675721
16,-0.142927,3.57945,1.08186,1,6.99222,0.1,0.973638,0.198611,0.124802,0.675721
615,0.00281972,3.57908,1.12827,1,6.99222,0.1,0.973638,0.198611,0.124802,0.675721
615,0.00281972,3.57908,1.12827,1,6.99222,0.1,0.973638,0.198611,0.124802,0.675721
186,0.125174,3.57894,1.14023,1,6.99222,0.1,0.973638,0.198611,0.124802,0.675721
186,0.125174,3.57894,1.14023,1,6.99222,0.1,0.973638,0.198611,0.124802,0.675721
1044,0.247535,3.57907,1.12826,1,6.99222,0.1,0.973638,0.198611,0.124802,0.675721
1044,0.247535,3.57907,1.12826,1,6.99222,0.1,0.973638,0.198611,0.124802,0.675721
38,0.393281,3.57943,1.08183,1,6.99222,0.1,0.973638,0.198611,0.124802,0.675721
38,0.393281,3.57943,1.08183,1,6.99222,0.1,0.973638,0.198611,0.124802,0.675721
664,0.537201,3.57982,0.993047,1,6.99222,0.1,0.973638,0.198611,0.124802,0.675721
664,0.537201,3.57982,0.993047,1,6.99222,0.1,0.973638,0.198611,0.124802,0.675721
235,0.661517,3.58002,0.858264,1,6.99222,0.1,0.973638,0.198611,0.124802,0.675721
235,0.661517,3.58002,0.858264,1,6.99222,0.1,0.973638,0.198611,0.124802,0.675721
1093,0.748392,3.57992,0.681406,1,6.99222,0.1,0.973638,0.198611,0.124802,0.675721
1093,0.748392,3.57992,0.681406,1,6.99222,0.1,0.973638,0.198611,0.124802,0.675721
60,0.780517,3.57946,0.481203,1,6.99222,0.1,0.973638,0.198611,0.124802,0.675721
1045,-0.501585,3.60154,0.683976,0,7.49222,0.1,0.985734,0.198611,0.124798,0.687818
59,-0.53711,3.60104,0.480512,0,7.49222,0.1,0.985734,0.198611,0.124798,0.687818
187,-0.415273,3.60168,0.864295,0,7.49222,0.1,0.985734,0.198611,0.124798,0.687818
1045,-0.501585,3.60154,0.683976,0,7.49222,0.1,0.985734,0.198611,0.124798,0.687818
616,-0.291385,3.60151,1.00313,0,7.49222,0.1,0.985734,0.198611,0.124798,0.687818
187,-0.415273,3.60168,0.864295,0,7.49222,0.1,0.985734,0.198611,0.124798,0.687818
16,-0.146544,3.60114,1.09555,0,7.49222,0.1,0.985734,0.198611,0.124798,0.687818
616,-0.291385,3.60151,1.00313,0,7.49222,0.1,0.985734,0.198611,0.124798,0.687818
16,-0.146544,3.60114,1.09555,0,7.49222,0.1,0.985734,0.198611,0.124798,0.687818
615,0.00131283,3.60078,1.14431,0,7.49222,0.1,0.985734,0.198611,0.124798,0.687818
615,0.00131283,3.60078,1.14431,0,7.49222,0.1,0.985734,0.198611,0.124798,0.687818
186,0.125052,3.60065,1.15685,0,7.49222,0.1,0.985734,0.198611,0.124798,0.687818
186,0.125052,3.60065,1.15685,0,7.49222,0.1,0.985734,0.198611,0.124798,0.687818
1044,0.248799,3.60078,1.14431,0,7.49222,0.1,0.985734,0.198611,0.124798,0.687818
1044,0.248799,3.60078,1.14431,0,7.49222,0.1,0.985734,0.198611,0.124798,0.687818
38,0.396659,3.60114,1.09554,0,7.49222,0.1,0.985734,0.198611,0.124798,0.687818
38,0.396659,3.60114,1.09554,0,7.49222,0.1,0.985734,0.198611,0.124798,0.687818
664,0.541498,3.60151,1.00312,0,7.49222,0.1,0.985734,0.198611,0.124798,0.687818
664,0.541498,3.60151,1.00312,0,7.49222,0.1,0.985734,0.198611,0.124798,0.687818
235,0.665377,3.60168,0.864285,0,7.49222,0.1,0.985734,0.198611,0.124798,0.687818
235,0.665377,3.60168,0.864285,0,7.49222,0.1,0.985734,0.198611,0.124798,0.687818
1093,0.751681,3.60154,0.683977,0,7.49222,0.1,0.985734,0.198611,0.124798,0.687818
1093,0.751681,3.60154,0.683977,0,7.49222,0.1,0.985734,0.198611,0.124798,0.687818
60,0.787208,3.60104,0.480533,0,7.49222,0.1,0.985734,0.198611,0.124798,0.687818
1045,-0.514643,3.60118,0.684908,1,7.49222,0.1,0.985734,0.198611,0.124798,0.687818
59,-0.547718,3.60066,0.47927,1,7.49222,0.1,0.985734,0.198611,0.124798,0.687818
187,-0.425288,3.60133,0.8665,1,7.49222,0.1,0.985734,0.198611,0.124798,0.687818
1045,-0.514643,3.60118,0.684908,1,7.49222,0.1,0.985734,0.198611,0.124798,0.687818
616,-0.297442,3.60116,1.0048,1,7.49222,0.1,0.985734,0.198611,0.124798,0.687818
187,-0.425288,3.60133,0.8665,1,7.49222,0.1,0.985734,0.198611,0.124798,0.687818
16,-0.149484,3.60078,1.09578,1,7.49222,0.1,0.985734,0.198611,0.124798,0.687818
616,-0.297442,3.60116,1.0048,1,7.49222,0.1,0.985734,0.198611,0.124798,0.687818
16,-0.149484,3.60078,1.09578,1,7.49222,0.1,0.985734,0.198611,0.124798,0.687818
615,0.000368266,3.60042,1.14327,1,7.49222,0.1,0.985734,0.198611,0.124798,0.687818
615,0.000368266,3.60042,1.14327,1,7.49222,0.1,0.985734,0.198611,0.124798,0.687818
186,0.125069,3.60028,1.15539,1,7.49222,0.1,0.985734,0.198611,0.124798,0.687818
186,0.125069,3.60028,1.15539,1,7.49222,0.1,0.985734,0.198611,0.124798,0.687818
1044,0.249778,3.60042,1.14327,1,7.49222,0.1,0.985734,0.198611,0.124798,0.687818
1044,0.249778,3.60042,1.14327,1,7.49222,0.1,0.985734,0.198611,0.124798,0.687818
38,0.399635,3.60078,1.09577,1,7.49222,0.1,0.985734,0.198611,0.124798,0.687818
38,0.399635,3.60078,1.09577,1,7.49222,0.1,0.985734,0.198611,0.124798,0.687818
664,0.547582,3.60115,1.00479,1,7.49222,0.1,0.985734,0.198611,0.124798,0.687818
664,0.547582,3.60115,1.00479,1,7.49222,0.1,0.985734,0.198611,0.124798,0.687818
235,0.675409,3.60132,0.866483,1,7.49222,0.1,0.985734,0.198611,0.124798,0.687818
235,0.675409,3.60132,0.866483,1,7.49222,0.1,0.985734,0.198611,0.124798,0.687818
1093,0.764748,3.60117,0.684901,1,7.49222,0.1,0.985734,0.198611,0.124798,0.687818
1093,0.764748,3.60117,0.684901,1,7.49222,0.1,0.985734,0.198611,0.124798,0.687818
60,0.797821,3.60065,0.479283,1,7.49222,0.1,0.985734,0.198611,0.124798,0.687818
