id,x,y,z,ablated,v,bulkheadyoungs,nickdepth,nickw,nickc,bbmin
1045,-0.29453,3.43262,0.641006,0,3.49222,0.316,0.816119,0.198611,0.124843,0.518202
59,-0.32248,3.43286,0.496872,0,3.49222,0.316,0.816119,0.198611,0.124843,0.518202
187,-0.24417,3.43216,0.773748,0,3.49222,0.316,0.816119,0.198611,0.124843,0.518202
1045,-0.29453,3.43262,0.641006,0,3.49222,0.316,0.816119,0.198611,0.124843,0.518202
616,-0.169447,3.43159,0.882984,0,3.49222,0.316,0.816119,0.198611,0.124843,0.518202
187,-0.24417,3.43216,0.773748,0,3.49222,0.316,0.816119,0.198611,0.124843,0.518202
16,-0.0770539,3.43104,0.963998,0,3.49222,0.316,0.816119,0.198611,0.124843,0.518202
616,-0.169447,3.43159,0.882984,0,3.49222,0.316,0.816119,0.198611,0.124843,0.518202
16,-0.0770539,3.43104,0.963998,0,3.49222,0.316,0.816119,0.198611,0.124843,0.518202
615,0.0237318,3.43065,1.00928,0,3.49222,0.316,0.816119,0.198611,0.124843,0.518202
615,0.0237318,3.43065,1.00928,0,3.49222,0.316,0.816119,0.198611,0.124843,0.518202
186,0.125026,3.43053,1.02309,0,3.49222,0.316,0.816119,0.198611,0.124843,0.518202
186,0.125026,3.43053,1.02309,0,3.49222,0.316,0.816119,0.198611,0.124843,0.518202
1044,0.226324,3.43065,1.00927,0,3.49222,0.316,0.816119,0.198611,0.124843,0.518202
1044,0.226324,3.43065,1.00927,0,3.49222,0.316,0.816119,0.198611,0.124843,0.518202
38,0.327109,3.43104,0.963983,0,3.49222,0.316,0.816119,0.198611,0.124843,0.518202
38,0.327109,3.43104,0.963983,0,3.49222,0.316,0.816119,0.198611,0.124843,0.518202
664,0.419496,3.43159,0.882975,0,3.49222,0.316,0.816119,0.198611,0.124843,0.518202
664,0.419496,3.43159,0.882975,0,3.49222,0.316,0.816119,0.198611,0.124843,0.518202
235,0.49421,3.43216,0.773746,0,3.49222,0.316,0.816119,0.198611,0.124843,0.518202
235,0.49421,3.43216,0.773746,0,3.49222,0.316,0.816119,0.198611,0.124843,0.518202
1093,0.544556,3.43261,0.641011,0,3.49222,0.316,0.816119,0.198611,0.124843,0.518202
1093,0.544556,3.43261,0.641011,0,3.49222,0.316,0.816119,0.198611,0.124843,0.518202
60,0.572511,3.43286,0.496896,0,3.49222,0.316,0.816119,0.198611,0.124843,0.518202
1045,-0.32281,3.43249,0.648671,1,3.49222,0.316,0.816119,0.198611,0.124843,0.518202
59,-0.349247,3.43268,0.501632,1,3.49222,0.316,0.816119,0.198611,0.124843,0.518202
187,-0.262118,3.43204,0.78007,1,3.49222,0.316,0.816119,0.198611,0.124843,0.518202
1045,-0.32281,3.43249,0.648671,1,3.49222,0.316,0.816119,0.198611,0.124843,0.518202
616,-0.176944,3.43144,0.88363,1,3.49222,0.316,0.816119,0.198611,0.124843,0.518202
187,-0.262118,3.43204,0.78007,1,3.49222,0.316,0.816119,0.198611,0.124843,0.518202
16,-0.0782438,3.43085,0.95778,1,3.49222,0.316,0.816119,0.198611,0.124843,0.518202
616,-0.176944,3.43144,0.88363,1,3.49222,0.316,0.816119,0.198611,0.124843,0.518202
16,-0.0782438,3.43085,0.95778,1,3.49222,0.316,0.816119,0.198611,0.124843,0.518202
615,0.0240485,3.43042,0.998562,1,3.49222,0.316,0.816119,0.198611,0.124843,0.518202
615,0.0240485,3.43042,0.998562,1,3.49222,0.316,0.816119,0.198611,0.124843,0.518202
186,0.1251,3.43029,1.01109,1,3.49222,0.316,0.816119,0.198611,0.124843,0.518202
186,0.1251,3.43029,1.01109,1,3.49222,0.316,0.816119,0.198611,0.124843,0.518202
1044,0.226158,3.43042,0.998602,1,3.49222,0.316,0.816119,0.198611,0.124843,0.518202
1044,0.226158,3.43042,0.998602,1,3.49222,0.316,0.816119,0.198611,0.124843,0.518202
38,0.328469,3.43084,0.95784,1,3.49222,0.316,0.816119,0.198611,0.124843,0.518202
38,0.328469,3.43084,0.95784,1,3.49222,0.316,0.816119,0.198611,0.124843,0.518202
664,0.427153,3.43143,0.88366,1,3.49222,0.316,0.816119,0.198611,0.124843,0.518202
664,0.427153,3.43143,0.88366,1,3.49222,0.316,0.816119,0.198611,0.124843,0.518202
235,0.512279,3.43202,0.78007,1,3.49222,0.316,0.816119,0.198611,0.124843,0.518202
235,0.512279,3.43202,0.78007,1,3.49222,0.316,0.816119,0.198611,0.124843,0.518202
1093,0.572925,3.43247,0.648664,1,3.49222,0.316,0.816119,0.198611,0.124843,0.518202
1093,0.572925,3.43247,0.648664,1,3.49222,0.316,0.816119,0.198611,0.124843,0.518202
60,0.599328,3.43266,0.501636,1,3.49222,0.316,0.816119,0.198611,0.124843,0.518202
1045,-0.328364,3.45128,0.649523,0,3.99222,0.316,0.848883,0.198611,0.124835,0.550966
59,-0.357985,3.45143,0.496034,0,3.99222,0.316,0.848883,0.198611,0.124835,0.550966
187,-0.271669,3.45096,0.789031,0,3.99222,0.316,0.848883,0.198611,0.124835,0.550966
1045,-0.328364,3.45128,0.649523,0,3.99222,0.316,0.848883,0.198611,0.124835,0.550966
616,-0.188202,3.45049,0.901594,0,3.99222,0.316,0.848883,0.198611,0.124835,0.550966
187,-0.271669,3.45096,0.789031,0,3.99222,0.316,0.848883,0.198611,0.124835,0.550966
16,-0.0865611,3.44999,0.982204,0,3.99222,0.316,0.848883,0.198611,0.124835,0.550966
616,-0.188202,3.45049,0.901594,0,3.99222,0.316,0.848883,0.198611,0.124835,0.550966
16,-0.0865611,3.44999,0.982204,0,3.99222,0.316,0.848883,0.198611,0.124835,0.550966
615,0.0211898,3.44963,1.02679,0,3.99222,0.316,0.848883,0.198611,0.124835,0.550966
615,0.0211898,3.44963,1.02679,0,3.99222,0.316,0.848883,0.198611,0.124835,0.550966
186,0.125032,3.44951,1.04002,0,3.99222,0.316,0.848883,0.198611,0.124835,0.550966
186,0.125032,3.44951,1.04002,0,3.99222,0.316,0.848883,0.198611,0.124835,0.550966
1044,0.22888,3.44963,1.0268,0,3.99222,0.316,0.848883,0.198611,0.124835,0.550966
1044,0.22888,3.44963,1.0268,0,3.99222,0.316,0.848883,0.198611,0.124835,0.550966
38,0.336633,3.44999,0.982198,0,3.99222,0.316,0.848883,0.198611,0.124835,0.550966
38,0.336633,3.44999,0.982198,0,3.99222,0.316,0.848883,0.198611,0.124835,0.550966
664,0.438273,3.45048,0.901586,0,3.99222,0.316,0.848883,0.198611,0.124835,0.550966
664,0.438273,3.45048,0.901586,0,3.99222,0.316,0.848883,0.198611,0.124835,0.550966
235,0.521728,3.45095,0.78903,0,3.99222,0.316,0.848883,0.198611,0.124835,0.550966
235,0.521728,3.45095,0.78903,0,3.99222,0.316,0.848883,0.198611,0.124835,0.550966
1093,0.578404,3.45128,0.64953,0,3.99222,0.316,0.848883,0.198611,0.124835,0.550966
1093,0.578404,3.45128,0.64953,0,3.99222,0.316,0.848883,0.198611,0.124835,0.550966
60,0.608026,3.45142,0.496054,0,3.99222,0.316,0.848883,0.198611,0.124835,0.550966
1045,-0.357279,3.45091,0.656391,1,3.99222,0.316,0.848883,0.198611,0.124835,0.550966
59,-0.383573,3.45098,0.498972,1,3.99222,0.316,0.848883,0.198611,0.124835,0.550966
187,-0.291276,3.4506,0.796001,1,3.99222,0.316,0.848883,0.198611,0.124835,0.550966
1045,-0.357279,3.45091,0.656391,1,3.99222,0.316,0.848883,0.198611,0.124835,0.550966
616,-0.197618,3.45012,0.904076,1,3.99222,0.316,0.848883,0.198611,0.124835,0.550966
187,-0.291276,3.4506,0.796001,1,3.99222,0.316,0.848883,0.198611,0.124835,0.550966
16,-0.0893665,3.4496,0.978575,1,3.99222,0.316,0.848883,0.198611,0.124835,0.550966
616,-0.197618,3.45012,0.904076,1,3.99222,0.316,0.848883,0.198611,0.124835,0.550966
16,-0.0893665,3.4496,0.978575,1,3.99222,0.316,0.848883,0.198611,0.124835,0.550966
615,0.0208891,3.44921,1.0188,1,3.99222,0.316,0.848883,0.198611,0.124835,0.550966
615,0.0208891,3.44921,1.0188,1,3.99222,0.316,0.848883,0.198611,0.124835,0.550966
186,0.125095,3.44909,1.03069,1,3.99222,0.316,0.848883,0.198611,0.124835,0.550966
186,0.125095,3.44909,1.03069,1,3.99222,0.316,0.848883,0.198611,0.124835,0.550966
1044,0.229309,3.44921,1.01884,1,3.99222,0.316,0.848883,0.198611,0.124835,0.550966
1044,0.229309,3.44921,1.01884,1,3.99222,0.316,0.848883,0.198611,0.124835,0.550966
38,0.339579,3.4496,0.978623,1,3.99222,0.316,0.848883,0.198611,0.124835,0.550966
38,0.339579,3.4496,0.978623,1,3.99222,0.316,0.848883,0.198611,0.124835,0.550966
664,0.447808,3.45011,0.904088,1,3.99222,0.316,0.848883,0.198611,0.124835,0.550966
664,0.447808,3.45011,0.904088,1,3.99222,0.316,0.848883,0.198611,0.124835,0.550966
235,0.541413,3.45058,0.795983,1,3.99222,0.316,0.848883,0.198611,0.124835,0.550966
235,0.541413,3.45058,0.795983,1,3.99222,0.316,0.848883,0.198611,0.124835,0.550966
1093,0.60738,3.4509,0.656376,1,3.99222,0.316,0.848883,0.198611,0.124835,0.550966
1093,0.60738,3.4509,0.656376,1,3.99222,0.316,0.848883,0.198611,0.124835,0.550966
60,0.633664,3.45096,0.498973,1,3.99222,0.316,0.848883,0.198611,0.124835,0.550966
1045,-0.355143,3.47359,0.656331,0,4.49222,0.316,0.875505,0.198611,0.124829,0.577589
59,-0.386433,3.4736,0.49456,0,4.49222,0.316,0.875505,0.198611,0.124829,0.577589
187,-0.293775,3.47338,0.80227,0,4.49222,0.316,0.875505,0.198611,0.124829,0.577589
1045,-0.355143,3.47359,0.656331,0,4.49222,0.316,0.875505,0.198611,0.124829,0.577589
616,-0.203876,3.473,0.918825,0,4.49222,0.316,0.875505,0.198611,0.124829,0.577589
187,-0.293775,3.47338,0.80227,0,4.49222,0.316,0.875505,0.198611,0.124829,0.577589
16,-0.0952985,3.47255,1.00089,0,4.49222,0.316,0.875505,0.198611,0.124829,0.577589
616,-0.203876,3.473,0.918825,0,4.49222,0.316,0.875505,0.198611,0.124829,0.577589
16,-0.0952985,3.47255,1.00089,0,4.49222,0.316,0.875505,0.198611,0.124829,0.577589
615,0.0185934,3.47221,1.04593,0,4.49222,0.316,0.875505,0.198611,0.124829,0.577589
615,0.0185934,3.47221,1.04593,0,4.49222,0.316,0.875505,0.198611,0.124829,0.577589
186,0.125033,3.4721,1.05899,0,4.49222,0.316,0.875505,0.198611,0.124829,0.577589
186,0.125033,3.4721,1.05899,0,4.49222,0.316,0.875505,0.198611,0.124829,0.577589
1044,0.231475,3.47221,1.04592,0,4.49222,0.316,0.875505,0.198611,0.124829,0.577589
1044,0.231475,3.47221,1.04592,0,4.49222,0.316,0.875505,0.198611,0.124829,0.577589
38,0.345368,3.47256,1.00088,0,4.49222,0.316,0.875505,0.198611,0.124829,0.577589
38,0.345368,3.47256,1.00088,0,4.49222,0.316,0.875505,0.198611,0.124829,0.577589
664,0.453944,3.47299,0.918815,0,4.49222,0.316,0.875505,0.198611,0.124829,0.577589
664,0.453944,3.47299,0.918815,0,4.49222,0.316,0.875505,0.198611,0.124829,0.577589
235,0.543837,3.47338,0.802264,0,4.49222,0.316,0.875505,0.198611,0.124829,0.577589
235,0.543837,3.47338,0.802264,0,4.49222,0.316,0.875505,0.198611,0.124829,0.577589
1093,0.605192,3.47359,0.656332,0,4.49222,0.316,0.875505,0.198611,0.124829,0.577589
1093,0.605192,3.47359,0.656332,0,4.49222,0.316,0.875505,0.198611,0.124829,0.577589
60,0.636479,3.4736,0.494579,0,4.49222,0.316,0.875505,0.198611,0.124829,0.577589
1045,-0.385237,3.47309,0.66248,1,4.49222,0.316,0.875505,0.198611,0.124829,0.577589
59,-0.412392,3.47304,0.49624,1,4.49222,0.316,0.875505,0.198611,0.124829,0.577589
187,-0.315036,3.4729,0.809462,1,4.49222,0.316,0.875505,0.198611,0.124829,0.577589
1045,-0.385237,3.47309,0.66248,1,4.49222,0.316,0.875505,0.198611,0.124829,0.577589
616,-0.214947,3.47253,0.922388,1,4.49222,0.316,0.875505,0.198611,0.124829,0.577589
187,-0.315036,3.4729,0.809462,1,4.49222,0.316,0.875505,0.198611,0.124829,0.577589
16,-0.099342,3.47208,0.998858,1,4.49222,0.316,0.875505,0.198611,0.124829,0.577589
616,-0.214947,3.47253,0.922388,1,4.49222,0.316,0.875505,0.198611,0.124829,0.577589
16,-0.099342,3.47208,0.998858,1,4.49222,0.316,0.875505,0.198611,0.124829,0.577589
615,0.0177814,3.47172,1.03965,1,4.49222,0.316,0.875505,0.198611,0.124829,0.577589
615,0.0177814,3.47172,1.03965,1,4.49222,0.316,0.875505,0.198611,0.124829,0.577589
186,0.125066,3.47161,1.0514,1,4.49222,0.316,0.875505,0.198611,0.124829,0.577589
186,0.125066,3.47161,1.0514,1,4.49222,0.316,0.875505,0.198611,0.124829,0.577589
1044,0.23236,3.47172,1.03969,1,4.49222,0.316,0.875505,0.198611,0.124829,0.577589
1044,0.23236,3.47172,1.03969,1,4.49222,0.316,0.875505,0.198611,0.124829,0.577589
38,0.349497,3.47207,0.998907,1,4.49222,0.316,0.875505,0.198611,0.124829,0.577589
38,0.349497,3.47207,0.998907,1,4.49222,0.316,0.875505,0.198611,0.124829,0.577589
664,0.465082,3.47252,0.922405,1,4.49222,0.316,0.875505,0.198611,0.124829,0.577589
664,0.465082,3.47252,0.922405,1,4.49222,0.316,0.875505,0.198611,0.124829,0.577589
235,0.565123,3.47289,0.809453,1,4.49222,0.316,0.875505,0.198611,0.124829,0.577589
235,0.565123,3.47289,0.809453,1,4.49222,0.316,0.875505,0.198611,0.124829,0.577589
1093,0.635283,3.47308,0.662472,1,4.49222,0.316,0.875505,0.198611,0.124829,0.577589
1093,0.635283,3.47308,0.662472,1,4.49222,0.316,0.875505,0.198611,0.124829,0.577589
60,0.662427,3.47303,0.496251,1,4.49222,0.316,0.875505,0.198611,0.124829,0.577589
1045,-0.37827,3.49732,0.662218,0,4.99222,0.316,0.898088,0.198611,0.124825,0.600171
59,-0.411211,3.49723,0.493037,0,4.99222,0.316,0.898088,0.198611,0.124825,0.600171
187,-0.313,3.49719,0.814101,0,4.99222,0.316,0.898088,0.198611,0.124825,0.600171
1045,-0.37827,3.49732,0.662218,0,4.99222,0.316,0.898088,0.198611,0.124825,0.600171
616,-0.217753,3.49689,0.934652,0,4.99222,0.316,0.898088,0.198611,0.124825,0.600171
187,-0.313,3.49719,0.814101,0,4.99222,0.316,0.898088,0.198611,0.124825,0.600171
16,-0.103325,3.49649,1.01867,0,4.99222,0.316,0.898088,0.198611,0.124825,0.600171
616,-0.217753,3.49689,0.934652,0,4.99222,0.316,0.898088,0.198611,0.124825,0.600171
16,-0.103325,3.49649,1.01867,0,4.99222,0.316,0.898088,0.198611,0.124825,0.600171
615,0.016061,3.49617,1.06455,0,4.99222,0.316,0.898088,0.198611,0.124825,0.600171
615,0.016061,3.49617,1.06455,0,4.99222,0.316,0.898088,0.198611,0.124825,0.600171
186,0.125038,3.49606,1.07765,0,4.99222,0.316,0.898088,0.198611,0.124825,0.600171
186,0.125038,3.49606,1.07765,0,4.99222,0.316,0.898088,0.198611,0.124825,0.600171
1044,0.234019,3.49617,1.06455,0,4.99222,0.316,0.898088,0.198611,0.124825,0.600171
1044,0.234019,3.49617,1.06455,0,4.99222,0.316,0.898088,0.198611,0.124825,0.600171
38,0.353412,3.49649,1.01867,0,4.99222,0.316,0.898088,0.198611,0.124825,0.600171
38,0.353412,3.49649,1.01867,0,4.99222,0.316,0.898088,0.198611,0.124825,0.600171
664,0.467833,3.49688,0.934643,0,4.99222,0.316,0.898088,0.198611,0.124825,0.600171
664,0.467833,3.49688,0.934643,0,4.99222,0.316,0.898088,0.198611,0.124825,0.600171
235,0.563068,3.49719,0.814091,0,4.99222,0.316,0.898088,0.198611,0.124825,0.600171
235,0.563068,3.49719,0.814091,0,4.99222,0.316,0.898088,0.198611,0.124825,0.600171
1093,0.628329,3.49732,0.662216,0,4.99222,0.316,0.898088,0.198611,0.124825,0.600171
1093,0.628329,3.49732,0.662216,0,4.99222,0.316,0.898088,0.198611,0.124825,0.600171
60,0.661267,3.49723,0.493053,0,4.99222,0.316,0.898088,0.198611,0.124825,0.600171
1045,-0.409578,3.49668,0.667715,1,4.99222,0.316,0.898088,0.198611,0.124825,0.600171
59,-0.43781,3.49653,0.493693,1,4.99222,0.316,0.898088,0.198611,0.124825,0.600171
187,-0.335806,3.49659,0.821354,1,4.99222,0.316,0.898088,0.198611,0.124825,0.600171
1045,-0.409578,3.49668,0.667715,1,4.99222,0.316,0.898088,0.198611,0.124825,0.600171
616,-0.230326,3.4963,0.938965,1,4.99222,0.316,0.898088,0.198611,0.124825,0.600171
187,-0.335806,3.49659,0.821354,1,4.99222,0.316,0.898088,0.198611,0.124825,0.600171
16,-0.108436,3.49591,1.01777,1,4.99222,0.316,0.898088,0.198611,0.124825,0.600171
616,-0.230326,3.4963,0.938965,1,4.99222,0.316,0.898088,0.198611,0.124825,0.600171
16,-0.108436,3.49591,1.01777,1,4.99222,0.316,0.898088,0.198611,0.124825,0.600171
615,0.0148261,3.49558,1.0594,1,4.99222,0.316,0.898088,0.198611,0.124825,0.600171
615,0.0148261,3.49558,1.0594,1,4.99222,0.316,0.898088,0.198611,0.124825,0.600171
186,0.12507,3.49547,1.07113,1,4.99222,0.316,0.898088,0.198611,0.124825,0.600171
186,0.12507,3.49547,1.07113,1,4.99222,0.316,0.898088,0.198611,0.124825,0.600171
1044,0.235323,3.49558,1.05944,1,4.99222,0.316,0.898088,0.198611,0.124825,0.600171
1044,0.235323,3.49558,1.05944,1,4.99222,0.316,0.898088,0.198611,0.124825,0.600171
38,0.358596,3.4959,1.01781,1,4.99222,0.316,0.898088,0.198611,0.124825,0.600171
38,0.358596,3.4959,1.01781,1,4.99222,0.316,0.898088,0.198611,0.124825,0.600171
664,0.480463,3.4963,0.938972,1,4.99222,0.316,0.898088,0.198611,0.124825,0.600171
664,0.480463,3.4963,0.938972,1,4.99222,0.316,0.898088,0.198611,0.124825,0.600171
235,0.585898,3.49659,0.821341,1,4.99222,0.316,0.898088,0.198611,0.124825,0.600171
235,0.585898,3.49659,0.821341,1,4.99222,0.316,0.898088,0.198611,0.124825,0.600171
1093,0.659634,3.49667,0.667707,1,4.99222,0.316,0.898088,0.198611,0.124825,0.600171
1093,0.659634,3.49667,0.667707,1,4.99222,0.316,0.898088,0.198611,0.124825,0.600171
60,0.687855,3.49652,0.493704,1,4.99222,0.316,0.898088,0.198611,0.124825,0.600171
1045,-0.398927,3.52126,0.667539,0,5.49222,0.316,0.917453,0.198611,0.12482,0.619536
59,-0.433445,3.52109,0.491615,0,5.49222,0.316,0.917453,0.198611,0.12482,0.619536
187,-0.330222,3.52121,0.824915,0,5.49222,0.316,0.917453,0.198611,0.12482,0.619536
1045,-0.398927,3.52126,0.667539,0,5.49222,0.316,0.917453,0.198611,0.12482,0.619536
616,-0.230326,3.52097,0.94932,0,5.49222,0.316,0.917453,0.198611,0.12482,0.619536
187,-0.330222,3.52121,0.824915,0,5.49222,0.316,0.917453,0.198611,0.12482,0.619536
16,-0.110758,3.52061,1.03545,0,5.49222,0.316,0.917453,0.198611,0.12482,0.619536
616,-0.230326,3.52097,0.94932,0,5.49222,0.316,0.917453,0.198611,0.12482,0.619536
16,-0.110758,3.52061,1.03545,0,5.49222,0.316,0.917453,0.198611,0.12482,0.619536
615,0.0136206,3.52031,1.08228,0,5.49222,0.316,0.917453,0.198611,0.12482,0.619536
615,0.0136206,3.52031,1.08228,0,5.49222,0.316,0.917453,0.198611,0.12482,0.619536
186,0.125041,3.5202,1.09548,0,5.49222,0.316,0.917453,0.198611,0.12482,0.619536
186,0.125041,3.5202,1.09548,0,5.49222,0.316,0.917453,0.198611,0.12482,0.619536
1044,0.236463,3.52031,1.08227,0,5.49222,0.316,0.917453,0.198611,0.12482,0.619536
1044,0.236463,3.52031,1.08227,0,5.49222,0.316,0.917453,0.198611,0.12482,0.619536
38,0.360839,3.52061,1.03543,0,5.49222,0.316,0.917453,0.198611,0.12482,0.619536
38,0.360839,3.52061,1.03543,0,5.49222,0.316,0.917453,0.198611,0.12482,0.619536
664,0.480404,3.52097,0.9493,0,5.49222,0.316,0.917453,0.198611,0.12482,0.619536
664,0.480404,3.52097,0.9493,0,5.49222,0.316,0.917453,0.198611,0.12482,0.619536
235,0.580294,3.52121,0.8249,0,5.49222,0.316,0.917453,0.198611,0.12482,0.619536
235,0.580294,3.52121,0.8249,0,5.49222,0.316,0.917453,0.198611,0.12482,0.619536
1093,0.648992,3.52126,0.667534,0,5.49222,0.316,0.917453,0.198611,0.12482,0.619536
1093,0.648992,3.52126,0.667534,0,5.49222,0.316,0.917453,0.198611,0.12482,0.619536
60,0.68351,3.52109,0.491632,0,5.49222,0.316,0.917453,0.198611,0.12482,0.619536
1045,-0.430789,3.52057,0.672367,1,5.49222,0.316,0.917453,0.198611,0.12482,0.619536
59,-0.460354,3.52031,0.491382,1,5.49222,0.316,0.917453,0.198611,0.12482,0.619536
187,-0.353671,3.52057,0.831893,1,5.49222,0.316,0.917453,0.198611,0.12482,0.619536
1045,-0.430789,3.52057,0.672367,1,5.49222,0.316,0.917453,0.198611,0.12482,0.619536
616,-0.243519,3.52036,0.95374,1,5.49222,0.316,0.917453,0.198611,0.12482,0.619536
187,-0.353671,3.52057,0.831893,1,5.49222,0.316,0.917453,0.198611,0.12482,0.619536
16,-0.116371,3.52001,1.03501,1,5.49222,0.316,0.917453,0.198611,0.12482,0.619536
616,-0.243519,3.52036,0.95374,1,5.49222,0.316,0.917453,0.198611,0.12482,0.619536
16,-0.116371,3.52001,1.03501,1,5.49222,0.316,0.917453,0.198611,0.12482,0.619536
615,0.0121327,3.5197,1.07787,1,5.49222,0.316,0.917453,0.198611,0.12482,0.619536
615,0.0121327,3.5197,1.07787,1,5.49222,0.316,0.917453,0.198611,0.12482,0.619536
186,0.125075,3.51959,1.0898,1,5.49222,0.316,0.917453,0.198611,0.12482,0.619536
186,0.125075,3.51959,1.0898,1,5.49222,0.316,0.917453,0.198611,0.12482,0.619536
1044,0.238027,3.5197,1.07791,1,5.49222,0.316,0.917453,0.198611,0.12482,0.619536
1044,0.238027,3.5197,1.07791,1,5.49222,0.316,0.917453,0.198611,0.12482,0.619536
38,0.366541,3.52001,1.03505,1,5.49222,0.316,0.917453,0.198611,0.12482,0.619536
38,0.366541,3.52001,1.03505,1,5.49222,0.316,0.917453,0.198611,0.12482,0.619536
664,0.493665,3.52035,0.953743,1,5.49222,0.316,0.917453,0.198611,0.12482,0.619536
664,0.493665,3.52035,0.953743,1,5.49222,0.316,0.917453,0.198611,0.12482,0.619536
235,0.603772,3.52057,0.831876,1,5.49222,0.316,0.917453,0.198611,0.12482,0.619536
235,0.603772,3.52057,0.831876,1,5.49222,0.316,0.917453,0.198611,0.12482,0.619536
1093,0.680852,3.52056,0.672357,1,5.49222,0.316,0.917453,0.198611,0.12482,0.619536
1093,0.680852,3.52056,0.672357,1,5.49222,0.316,0.917453,0.198611,0.12482,0.619536
60,0.710407,3.5203,0.491391,1,5.49222,0.316,0.917453,0.198611,0.12482,0.619536
1045,-0.417787,3.54494,0.672404,0,5.99222,0.316,0.934534,0.198611,0.124816,0.636617
59,-0.453773,3.54468,0.490269,0,5.99222,0.316,0.934534,0.198611,0.124816,0.636617
187,-0.346007,3.54495,0.834916,0,5.99222,0.316,0.934534,0.198611,0.124816,0.636617
1045,-0.417787,3.54494,0.672404,0,5.99222,0.316,0.934534,0.198611,0.124816,0.636617
616,-0.241925,3.54475,0.962997,0,5.99222,0.316,0.934534,0.198611,0.124816,0.636617
187,-0.346007,3.54495,0.834916,0,5.99222,0.316,0.934534,0.198611,0.124816,0.636617
16,-0.117698,3.54442,1.05125,0,5.99222,0.316,0.934534,0.198611,0.124816,0.636617
616,-0.241925,3.54475,0.962997,0,5.99222,0.316,0.934534,0.198611,0.124816,0.636617
16,-0.117698,3.54442,1.05125,0,5.99222,0.316,0.934534,0.198611,0.124816,0.636617
615,0.0112665,3.54413,1.09911,0,5.99222,0.316,0.934534,0.198611,0.124816,0.636617
615,0.0112665,3.54413,1.09911,0,5.99222,0.316,0.934534,0.198611,0.124816,0.636617
186,0.125043,3.54402,1.11246,0,5.99222,0.316,0.934534,0.198611,0.124816,0.636617
186,0.125043,3.54402,1.11246,0,5.99222,0.316,0.934534,0.198611,0.124816,0.636617
1044,0.238824,3.54413,1.09911,0,5.99222,0.316,0.934534,0.198611,0.124816,0.636617
1044,0.238824,3.54413,1.09911,0,5.99222,0.316,0.934534,0.198611,0.124816,0.636617
38,0.367797,3.54442,1.05124,0,5.99222,0.316,0.934534,0.198611,0.124816,0.636617
38,0.367797,3.54442,1.05124,0,5.99222,0.316,0.934534,0.198611,0.124816,0.636617
664,0.492021,3.54475,0.962984,0,5.99222,0.316,0.934534,0.198611,0.124816,0.636617
664,0.492021,3.54475,0.962984,0,5.99222,0.316,0.934534,0.198611,0.124816,0.636617
235,0.59609,3.54495,0.834901,0,5.99222,0.316,0.934534,0.198611,0.124816,0.636617
235,0.59609,3.54495,0.834901,0,5.99222,0.316,0.934534,0.198611,0.124816,0.636617
1093,0.667858,3.54493,0.672398,0,5.99222,0.316,0.934534,0.198611,0.124816,0.636617
1093,0.667858,3.54493,0.672398,0,5.99222,0.316,0.934534,0.198611,0.124816,0.636617
60,0.70384,3.54468,0.490284,0,5.99222,0.316,0.934534,0.198611,0.124816,0.636617
1045,-0.450211,3.54417,0.676678,1,5.99222,0.316,0.934534,0.198611,0.124816,0.636617
59,-0.481065,3.54383,0.489299,1,5.99222,0.316,0.934534,0.198611,0.124816,0.636617
187,-0.370075,3.54426,0.841662,1,5.99222,0.316,0.934534,0.198611,0.124816,0.636617
1045,-0.450211,3.54417,0.676678,1,5.99222,0.316,0.934534,0.198611,0.124816,0.636617
616,-0.255695,3.54411,0.967496,1,5.99222,0.316,0.934534,0.198611,0.124816,0.636617
187,-0.370075,3.54426,0.841662,1,5.99222,0.316,0.934534,0.198611,0.124816,0.636617
16,-0.123759,3.54379,1.05116,1,5.99222,0.316,0.934534,0.198611,0.124816,0.636617
616,-0.255695,3.54411,0.967496,1,5.99222,0.316,0.934534,0.198611,0.124816,0.636617
16,-0.123759,3.54379,1.05116,1,5.99222,0.316,0.934534,0.198611,0.124816,0.636617
615,0.00956527,3.5435,1.09522,1,5.99222,0.316,0.934534,0.198611,0.124816,0.636617
615,0.00956527,3.5435,1.09522,1,5.99222,0.316,0.934534,0.198611,0.124816,0.636617
186,0.12508,3.54339,1.10734,1,5.99222,0.316,0.934534,0.198611,0.124816,0.636617
186,0.12508,3.54339,1.10734,1,5.99222,0.316,0.934534,0.198611,0.124816,0.636617
1044,0.240606,3.5435,1.09525,1,5.99222,0.316,0.934534,0.198611,0.124816,0.636617
1044,0.240606,3.5435,1.09525,1,5.99222,0.316,0.934534,0.198611,0.124816,0.636617
38,0.373939,3.54379,1.05119,1,5.99222,0.316,0.934534,0.198611,0.124816,0.636617
38,0.373939,3.54379,1.05119,1,5.99222,0.316,0.934534,0.198611,0.124816,0.636617
664,0.505851,3.5441,0.967494,1,5.99222,0.316,0.934534,0.198611,0.124816,0.636617
664,0.505851,3.5441,0.967494,1,5.99222,0.316,0.934534,0.198611,0.124816,0.636617
235,0.620185,3.54425,0.841641,1,5.99222,0.316,0.934534,0.198611,0.124816,0.636617
235,0.620185,3.54425,0.841641,1,5.99222,0.316,0.934534,0.198611,0.124816,0.636617
1093,0.700283,3.54416,0.676664,1,5.99222,0.316,0.934534,0.198611,0.124816,0.636617
1093,0.700283,3.54416,0.676664,1,5.99222,0.316,0.934534,0.198611,0.124816,0.636617
60,0.731127,3.54382,0.489305,1,5.99222,0.316,0.934534,0.198611,0.124816,0.636617
1045,-0.435277,3.56808,0.676932,0,6.49222,0.316,0.950041,0.198611,0.124812,0.652125
59,-0.472625,3.56775,0.489,0,6.49222,0.316,0.950041,0.198611,0.124812,0.652125
187,-0.360694,3.56815,0.844278,0,6.49222,0.316,0.950041,0.198611,0.124812,0.652125
1045,-0.435277,3.56808,0.676932,0,6.49222,0.316,0.950041,0.198611,0.124812,0.652125
616,-0.252784,3.56799,0.975881,0,6.49222,0.316,0.950041,0.198611,0.124812,0.652125
187,-0.360694,3.56815,0.844278,0,6.49222,0.316,0.950041,0.198611,0.124812,0.652125
16,-0.124257,3.56769,1.06623,0,6.49222,0.316,0.950041,0.198611,0.124812,0.652125
616,-0.252784,3.56799,0.975881,0,6.49222,0.316,0.950041,0.198611,0.124812,0.652125
16,-0.124257,3.56769,1.06623,0,6.49222,0.316,0.950041,0.198611,0.124812,0.652125
615,0.00899434,3.56741,1.1151,0,6.49222,0.316,0.950041,0.198611,0.124812,0.652125
615,0.00899434,3.56741,1.1151,0,6.49222,0.316,0.950041,0.198611,0.124812,0.652125
186,0.125046,3.5673,1.1286,0,6.49222,0.316,0.950041,0.198611,0.124812,0.652125
186,0.125046,3.5673,1.1286,0,6.49222,0.316,0.950041,0.198611,0.124812,0.652125
1044,0.241104,3.56741,1.11509,0,6.49222,0.316,0.950041,0.198611,0.124812,0.652125
1044,0.241104,3.56741,1.11509,0,6.49222,0.316,0.950041,0.198611,0.124812,0.652125
38,0.374356,3.56769,1.06621,0,6.49222,0.316,0.950041,0.198611,0.124812,0.652125
38,0.374356,3.56769,1.06621,0,6.49222,0.316,0.950041,0.198611,0.124812,0.652125
664,0.502879,3.56799,0.975857,0,6.49222,0.316,0.950041,0.198611,0.124812,0.652125
664,0.502879,3.56799,0.975857,0,6.49222,0.316,0.950041,0.198611,0.124812,0.652125
235,0.610778,3.56814,0.844259,0,6.49222,0.316,0.950041,0.198611,0.124812,0.652125
235,0.610778,3.56814,0.844259,0,6.49222,0.316,0.950041,0.198611,0.124812,0.652125
1093,0.685352,3.56807,0.676922,0,6.49222,0.316,0.950041,0.198611,0.124812,0.652125
1093,0.685352,3.56807,0.676922,0,6.49222,0.316,0.950041,0.198611,0.124812,0.652125
60,0.722695,3.56775,0.489015,0,6.49222,0.316,0.950041,0.198611,0.124812,0.652125
1045,-0.46836,3.56721,0.680725,1,6.49222,0.316,0.950041,0.198611,0.124812,0.652125
59,-0.500436,3.56678,0.487371,1,6.49222,0.316,0.950041,0.198611,0.124812,0.652125
187,-0.385391,3.56737,0.850802,1,6.49222,0.316,0.950041,0.198611,0.124812,0.652125
1045,-0.46836,3.56721,0.680725,1,6.49222,0.316,0.950041,0.198611,0.124812,0.652125
616,-0.267084,3.56727,0.980378,1,6.49222,0.316,0.950041,0.198611,0.124812,0.652125
187,-0.385391,3.56737,0.850802,1,6.49222,0.316,0.950041,0.198611,0.124812,0.652125
16,-0.130704,3.56698,1.06632,1,6.49222,0.316,0.950041,0.198611,0.124812,0.652125
616,-0.267084,3.56727,0.980378,1,6.49222,0.316,0.950041,0.198611,0.124812,0.652125
16,-0.130704,3.56698,1.06632,1,6.49222,0.316,0.950041,0.198611,0.124812,0.652125
615,0.00710624,3.5667,1.11152,1,6.49222,0.316,0.950041,0.198611,0.124812,0.652125
615,0.00710624,3.5667,1.11152,1,6.49222,0.316,0.950041,0.198611,0.124812,0.652125
186,0.125086,3.56659,1.12385,1,6.49222,0.316,0.950041,0.198611,0.124812,0.652125
186,0.125086,3.56659,1.12385,1,6.49222,0.316,0.950041,0.198611,0.124812,0.652125
1044,0.243076,3.5667,1.11155,1,6.49222,0.316,0.950041,0.198611,0.124812,0.652125
1044,0.243076,3.5667,1.11155,1,6.49222,0.316,0.950041,0.198611,0.124812,0.652125
38,0.380895,3.56698,1.06635,1,6.49222,0.316,0.950041,0.198611,0.124812,0.652125
38,0.380895,3.56698,1.06635,1,6.49222,0.316,0.950041,0.198611,0.124812,0.652125
664,0.51725,3.56726,0.980372,1,6.49222,0.316,0.950041,0.198611,0.124812,0.652125
664,0.51725,3.56726,0.980372,1,6.49222,0.316,0.950041,0.198611,0.124812,0.652125
235,0.63551,3.56736,0.850776,1,6.49222,0.316,0.950041,0.198611,0.124812,0.652125
235,0.63551,3.56736,0.850776,1,6.49222,0.316,0.950041,0.198611,0.124812,0.652125
1093,0.71844,3.5672,0.680706,1,6.49222,0.316,0.950041,0.198611,0.124812,0.652125
1093,0.71844,3.5672,0.680706,1,6.49222,0.316,0.950041,0.198611,0.124812,0.652125
60,0.750505,3.56677,0.487374,1,6.49222,0.316,0.950041,0.198611,0.124812,0.652125
1045,-0.45164,3.59059,0.681174,0,6.99222,0.316,0.964062,0.198611,0.124809,0.666146
59,-0.490269,3.59021,0.487792,0,6.99222,0.316,0.964062,0.198611,0.124809,0.666146
187,-0.37446,3.59072,0.853091,0,6.99222,0.316,0.964062,0.198611,0.124809,0.666146
1045,-0.45164,3.59059,0.681174,0,6.99222,0.316,0.964062,0.198611,0.124809,0.666146
616,-0.263,3.5906,0.988055,0,6.99222,0.316,0.964062,0.198611,0.124809,0.666146
187,-0.37446,3.59072,0.853091,0,6.99222,0.316,0.964062,0.198611,0.124809,0.666146
16,-0.130469,3.59032,1.08044,0,6.99222,0.316,0.964062,0.198611,0.124809,0.666146
616,-0.263,3.5906,0.988055,0,6.99222,0.316,0.964062,0.198611,0.124809,0.666146
16,-0.130469,3.59032,1.08044,0,6.99222,0.316,0.964062,0.198611,0.124809,0.666146
615,0.00680054,3.59005,1.13032,0,6.99222,0.316,0.964062,0.198611,0.124809,0.666146
615,0.00680054,3.59005,1.13032,0,6.99222,0.316,0.964062,0.198611,0.124809,0.666146
186,0.12505,3.58994,1.14398,0,6.99222,0.316,0.964062,0.198611,0.124809,0.666146
186,0.12505,3.58994,1.14398,0,6.99222,0.316,0.964062,0.198611,0.124809,0.666146
1044,0.243307,3.59005,1.1303,0,6.99222,0.316,0.964062,0.198611,0.124809,0.666146
1044,0.243307,3.59005,1.1303,0,6.99222,0.316,0.964062,0.198611,0.124809,0.666146
38,0.380577,3.59032,1.08042,0,6.99222,0.316,0.964062,0.198611,0.124809,0.666146
38,0.380577,3.59032,1.08042,0,6.99222,0.316,0.964062,0.198611,0.124809,0.666146
664,0.513101,3.5906,0.988029,0,6.99222,0.316,0.964062,0.198611,0.124809,0.666146
664,0.513101,3.5906,0.988029,0,6.99222,0.316,0.964062,0.198611,0.124809,0.666146
235,0.624551,3.59071,0.853071,0,6.99222,0.316,0.964062,0.198611,0.124809,0.666146
235,0.624551,3.59071,0.853071,0,6.99222,0.316,0.964062,0.198611,0.124809,0.666146
1093,0.701722,3.59059,0.681161,0,6.99222,0.316,0.964062,0.198611,0.124809,0.666146
1093,0.701722,3.59059,0.681161,0,6.99222,0.316,0.964062,0.198611,0.124809,0.666146
60,0.740346,3.59021,0.487803,0,6.99222,0.316,0.964062,0.198611,0.124809,0.666146
1045,-0.486356,3.58964,0.684583,1,6.99222,0.316,0.964062,0.198611,0.124809,0.666146
59,-0.519288,3.58913,0.485502,1,6.99222,0.316,0.964062,0.198611,0.124809,0.666146
187,-0.400893,3.58985,0.859694,1,6.99222,0.316,0.964062,0.198611,0.124809,0.666146
1045,-0.486356,3.58964,0.684583,1,6.99222,0.316,0.964062,0.198611,0.124809,0.666146
616,-0.278797,3.58979,0.993015,1,6.99222,0.316,0.964062,0.198611,0.124809,0.666146
187,-0.400893,3.58985,0.859694,1,6.99222,0.316,0.964062,0.198611,0.124809,0.666146
16,-0.137874,3.58953,1.08107,1,6.99222,0.316,0.964062,0.198611,0.124809,0.666146
616,-0.278797,3.58979,0.993015,1,6.99222,0.316,0.964062,0.198611,0.124809,0.666146
16,-0.137874,3.58953,1.08107,1,6.99222,0.316,0.964062,0.198611,0.124809,0.666146
615,0.00454668,3.58926,1.12706,1,6.99222,0.316,0.964062,0.198611,0.124809,0.666146
615,0.00454668,3.58926,1.12706,1,6.99222,0.316,0.964062,0.198611,0.124809,0.666146
186,0.125088,3.58914,1.13943,1,6.99222,0.316,0.964062,0.198611,0.124809,0.666146
186,0.125088,3.58914,1.13943,1,6.99222,0.316,0.964062,0.198611,0.124809,0.666146
1044,0.24564,3.58926,1.12709,1,6.99222,0.316,0.964062,0.198611,0.124809,0.666146
1044,0.24564,3.58926,1.12709,1,6.99222,0.316,0.964062,0.198611,0.124809,0.666146
38,0.388067,3.58953,1.08109,1,6.99222,0.316,0.964062,0.198611,0.124809,0.666146
38,0.388067,3.58953,1.08109,1,6.99222,0.316,0.964062,0.198611,0.124809,0.666146
664,0.528963,3.58979,0.993003,1,6.99222,0.316,0.964062,0.198611,0.124809,0.666146
664,0.528963,3.58979,0.993003,1,6.99222,0.316,0.964062,0.198611,0.124809,0.666146
235,0.651013,3.58984,0.859665,1,6.99222,0.316,0.964062,0.198611,0.124809,0.666146
235,0.651013,3.58984,0.859665,1,6.99222,0.316,0.964062,0.198611,0.124809,0.666146
1093,0.736439,3.58963,0.684562,1,6.99222,0.316,0.964062,0.198611,0.124809,0.666146
1093,0.736439,3.58963,0.684562,1,6.99222,0.316,0.964062,0.198611,0.124809,0.666146
60,0.769362,3.58913,0.485503,1,6.99222,0.316,0.964062,0.198611,0.124809,0.666146
1045,-0.467064,3.61245,0.685176,0,7.49222,0.316,0.97661,0.198611,0.124806,0.678693
59,-0.506895,3.61201,0.48664,0,7.49222,0.316,0.97661,0.198611,0.124806,0.678693
187,-0.387465,3.61263,0.861442,0,7.49222,0.316,0.97661,0.198611,0.124806,0.678693
1045,-0.467064,3.61245,0.685176,0,7.49222,0.316,0.97661,0.198611,0.124806,0.678693
616,-0.272683,3.61256,0.999624,0,7.49222,0.316,0.97661,0.198611,0.124806,0.678693
187,-0.387465,3.61263,0.861442,0,7.49222,0.316,0.97661,0.198611,0.124806,0.678693
16,-0.136387,3.61229,1.09399,0,7.49222,0.316,0.97661,0.198611,0.124806,0.678693
616,-0.272683,3.61256,0.999624,0,7.49222,0.316,0.97661,0.198611,0.124806,0.678693
16,-0.136387,3.61229,1.09399,0,7.49222,0.316,0.97661,0.198611,0.124806,0.678693
615,0.00467647,3.61202,1.14484,0,7.49222,0.316,0.97661,0.198611,0.124806,0.678693
615,0.00467647,3.61202,1.14484,0,7.49222,0.316,0.97661,0.198611,0.124806,0.678693
186,0.125054,3.61191,1.15868,0,7.49222,0.316,0.97661,0.198611,0.124806,0.678693
186,0.125054,3.61191,1.15868,0,7.49222,0.316,0.97661,0.198611,0.124806,0.678693
1044,0.24544,3.61202,1.14483,0,7.49222,0.316,0.97661,0.198611,0.124806,0.678693
1044,0.24544,3.61202,1.14483,0,7.49222,0.316,0.97661,0.198611,0.124806,0.678693
38,0.386511,3.61229,1.09397,0,7.49222,0.316,0.97661,0.198611,0.124806,0.678693
38,0.386511,3.61229,1.09397,0,7.49222,0.316,0.97661,0.198611,0.124806,0.678693
664,0.522801,3.61255,0.9996,0,7.49222,0.316,0.97661,0.198611,0.124806,0.678693
664,0.522801,3.61255,0.9996,0,7.49222,0.316,0.97661,0.198611,0.124806,0.678693
235,0.637567,3.61263,0.861417,0,7.49222,0.316,0.97661,0.198611,0.124806,0.678693
235,0.637567,3.61263,0.861417,0,7.49222,0.316,0.97661,0.198611,0.124806,0.678693
1093,0.717152,3.61245,0.685158,0,7.49222,0.316,0.97661,0.198611,0.124806,0.678693
1093,0.717152,3.61245,0.685158,0,7.49222,0.316,0.97661,0.198611,0.124806,0.678693
60,0.756979,3.61201,0.486645,0,7.49222,0.316,0.97661,0.198611,0.124806,0.678693
1045,-0.502329,3.61148,0.688224,1,7.49222,0.316,0.97661,0.198611,0.124806,0.678693
59,-0.536355,3.61091,0.483851,1,7.49222,0.316,0.97661,0.198611,0.124806,0.678693
187,-0.414411,3.61176,0.867881,1,7.49222,0.316,0.97661,0.198611,0.124806,0.678693
1045,-0.502329,3.61148,0.688224,1,7.49222,0.316,0.97661,0.198611,0.124806,0.678693
616,-0.288882,3.61174,1.00458,1,7.49222,0.316,0.97661,0.198611,0.124806,0.678693
187,-0.414411,3.61176,0.867881,1,7.49222,0.316,0.97661,0.198611,0.124806,0.678693
16,-0.144048,3.61149,1.09474,1,7.49222,0.316,0.97661,0.198611,0.124806,0.678693
616,-0.288882,3.61174,1.00458,1,7.49222,0.316,0.97661,0.198611,0.124806,0.678693
16,-0.144048,3.61149,1.09474,1,7.49222,0.316,0.97661,0.198611,0.124806,0.678693
615,0.00234648,3.61122,1.14178,1,7.49222,0.316,0.97661,0.198611,0.124806,0.678693
615,0.00234648,3.61122,1.14178,1,7.49222,0.316,0.97661,0.198611,0.124806,0.678693
186,0.125176,3.61111,1.15434,1,7.49222,0.316,0.97661,0.198611,0.124806,0.678693
186,0.125176,3.61111,1.15434,1,7.49222,0.316,0.97661,0.198611,0.124806,0.678693
1044,0.248016,3.61122,1.1418,1,7.49222,0.316,0.97661,0.198611,0.124806,0.678693
1044,0.248016,3.61122,1.1418,1,7.49222,0.316,0.97661,0.198611,0.124806,0.678693
38,0.394412,3.61148,1.09473,1,7.49222,0.316,0.97661,0.198611,0.124806,0.678693
38,0.394412,3.61148,1.09473,1,7.49222,0.316,0.97661,0.198611,0.124806,0.678693
664,0.539213,3.61171,1.00454,1,7.49222,0.316,0.97661,0.198611,0.124806,0.678693
664,0.539213,3.61171,1.00454,1,7.49222,0.316,0.97661,0.198611,0.124806,0.678693
235,0.664687,3.61173,0.867815,1,7.49222,0.316,0.97661,0.198611,0.124806,0.678693
235,0.664687,3.61173,0.867815,1,7.49222,0.316,0.97661,0.198611,0.124806,0.678693
1093,0.752563,3.61144,0.688164,1,7.49222,0.316,0.97661,0.198611,0.124806,0.678693
1093,0.752563,3.61144,0.688164,1,7.49222,0.316,0.97661,0.198611,0.124806,0.678693
60,0.786573,3.61089,0.483811,1,7.49222,0.316,0.97661,0.198611,0.124806,0.678693
