id,x,y,z,ablated,v,bulkheadyoungs,nickdepth,nickw,nickc,bbmin
1045,-0.271501,3.43317,0.639527,0,3.49222,1,0.808422,0.198611,0.124846,0.510505
59,-0.297776,3.43343,0.495995,0,3.49222,1,0.808422,0.198611,0.124846,0.510505
187,-0.226128,3.43282,0.772286,0,3.49222,1,0.808422,0.198611,0.124846,0.510505
1045,-0.271501,3.43317,0.639527,0,3.49222,1,0.808422,0.198611,0.124846,0.510505
616,-0.157704,3.43243,0.883453,0,3.49222,1,0.808422,0.198611,0.124846,0.510505
187,-0.226128,3.43282,0.772286,0,3.49222,1,0.808422,0.198611,0.124846,0.510505
16,-0.0722513,3.43208,0.969321,0,3.49222,1,0.808422,0.198611,0.124846,0.510505
616,-0.157704,3.43243,0.883453,0,3.49222,1,0.808422,0.198611,0.124846,0.510505
16,-0.0722513,3.43208,0.969321,0,3.49222,1,0.808422,0.198611,0.124846,0.510505
615,0.0247535,3.43183,1.01837,0,3.49222,1,0.808422,0.198611,0.124846,0.510505
615,0.0247535,3.43183,1.01837,0,3.49222,1,0.808422,0.198611,0.124846,0.510505
186,0.12502,3.43175,1.03371,0,3.49222,1,0.808422,0.198611,0.124846,0.510505
186,0.12502,3.43175,1.03371,0,3.49222,1,0.808422,0.198611,0.124846,0.510505
1044,0.225286,3.43182,1.01832,0,3.49222,1,0.808422,0.198611,0.124846,0.510505
1044,0.225286,3.43182,1.01832,0,3.49222,1,0.808422,0.198611,0.124846,0.510505
38,0.322295,3.43207,0.969323,0,3.49222,1,0.808422,0.198611,0.124846,0.510505
38,0.322295,3.43207,0.969323,0,3.49222,1,0.808422,0.198611,0.124846,0.510505
664,0.407763,3.43242,0.883459,0,3.49222,1,0.808422,0.198611,0.124846,0.510505
664,0.407763,3.43242,0.883459,0,3.49222,1,0.808422,0.198611,0.124846,0.510505
235,0.476176,3.43282,0.772301,0,3.49222,1,0.808422,0.198611,0.124846,0.510505
235,0.476176,3.43282,0.772301,0,3.49222,1,0.808422,0.198611,0.124846,0.510505
1093,0.5215,3.43316,0.639541,0,3.49222,1,0.808422,0.198611,0.124846,0.510505
1093,0.5215,3.43316,0.639541,0,3.49222,1,0.808422,0.198611,0.124846,0.510505
60,0.547804,3.43341,0.496016,0,3.49222,1,0.808422,0.198611,0.124846,0.510505
1045,-0.303805,3.43337,0.648227,1,3.49222,1,0.808422,0.198611,0.124846,0.510505
59,-0.332141,3.43349,0.502373,1,3.49222,1,0.808422,0.198611,0.124846,0.510505
187,-0.245511,3.43308,0.778777,1,3.49222,1,0.808422,0.198611,0.124846,0.510505
1045,-0.303805,3.43337,0.648227,1,3.49222,1,0.808422,0.198611,0.124846,0.510505
616,-0.164934,3.43268,0.882947,1,3.49222,1,0.808422,0.198611,0.124846,0.510505
187,-0.245511,3.43308,0.778777,1,3.49222,1,0.808422,0.198611,0.124846,0.510505
16,-0.0721591,3.43226,0.960239,1,3.49222,1,0.808422,0.198611,0.124846,0.510505
616,-0.164934,3.43268,0.882947,1,3.49222,1,0.808422,0.198611,0.124846,0.510505
16,-0.0721591,3.43226,0.960239,1,3.49222,1,0.808422,0.198611,0.124846,0.510505
615,0.0258223,3.43196,1.00309,1,3.49222,1,0.808422,0.198611,0.124846,0.510505
615,0.0258223,3.43196,1.00309,1,3.49222,1,0.808422,0.198611,0.124846,0.510505
186,0.12503,3.43186,1.0167,1,3.49222,1,0.808422,0.198611,0.124846,0.510505
186,0.12503,3.43186,1.0167,1,3.49222,1,0.808422,0.198611,0.124846,0.510505
1044,0.224251,3.43196,1.00316,1,3.49222,1,0.808422,0.198611,0.124846,0.510505
1044,0.224251,3.43196,1.00316,1,3.49222,1,0.808422,0.198611,0.124846,0.510505
38,0.322272,3.43226,0.960349,1,3.49222,1,0.808422,0.198611,0.124846,0.510505
38,0.322272,3.43226,0.960349,1,3.49222,1,0.808422,0.198611,0.124846,0.510505
664,0.415043,3.43267,0.883031,1,3.49222,1,0.808422,0.198611,0.124846,0.510505
664,0.415043,3.43267,0.883031,1,3.49222,1,0.808422,0.198611,0.124846,0.510505
235,0.495563,3.43307,0.778814,1,3.49222,1,0.808422,0.198611,0.124846,0.510505
235,0.495563,3.43307,0.778814,1,3.49222,1,0.808422,0.198611,0.124846,0.510505
1093,0.553775,3.43336,0.648241,1,3.49222,1,0.808422,0.198611,0.124846,0.510505
1093,0.553775,3.43336,0.648241,1,3.49222,1,0.808422,0.198611,0.124846,0.510505
60,0.582086,3.43349,0.502406,1,3.49222,1,0.808422,0.198611,0.124846,0.510505
1045,-0.296836,3.45397,0.647992,0,3.99222,1,0.835864,0.198611,0.124841,0.537948
59,-0.325757,3.45432,0.496547,0,3.99222,1,0.835864,0.198611,0.124841,0.537948
187,-0.246871,3.45368,0.786204,0,3.99222,1,0.835864,0.198611,0.124841,0.537948
1045,-0.296836,3.45397,0.647992,0,3.99222,1,0.835864,0.198611,0.124841,0.537948
616,-0.1719,3.45336,0.900136,0,3.99222,1,0.835864,0.198611,0.124841,0.537948
187,-0.246871,3.45368,0.786204,0,3.99222,1,0.835864,0.198611,0.124841,0.537948
16,-0.0789886,3.4531,0.985469,0,3.99222,1,0.835864,0.198611,0.124841,0.537948
616,-0.1719,3.45336,0.900136,0,3.99222,1,0.835864,0.198611,0.124841,0.537948
16,-0.0789886,3.4531,0.985469,0,3.99222,1,0.835864,0.198611,0.124841,0.537948
615,0.0231706,3.45293,1.03358,0,3.99222,1,0.835864,0.198611,0.124841,0.537948
615,0.0231706,3.45293,1.03358,0,3.99222,1,0.835864,0.198611,0.124841,0.537948
186,0.12504,3.45288,1.04841,0,3.99222,1,0.835864,0.198611,0.124841,0.537948
186,0.12504,3.45288,1.04841,0,3.99222,1,0.835864,0.198611,0.124841,0.537948
1044,0.226855,3.45293,1.03355,0,3.99222,1,0.835864,0.198611,0.124841,0.537948
1044,0.226855,3.45293,1.03355,0,3.99222,1,0.835864,0.198611,0.124841,0.537948
38,0.329014,3.4531,0.985398,0,3.99222,1,0.835864,0.198611,0.124841,0.537948
38,0.329014,3.4531,0.985398,0,3.99222,1,0.835864,0.198611,0.124841,0.537948
664,0.421988,3.45337,0.900078,0,3.99222,1,0.835864,0.198611,0.124841,0.537948
664,0.421988,3.45337,0.900078,0,3.99222,1,0.835864,0.198611,0.124841,0.537948
235,0.496899,3.45368,0.786142,0,3.99222,1,0.835864,0.198611,0.124841,0.537948
235,0.496899,3.45368,0.786142,0,3.99222,1,0.835864,0.198611,0.124841,0.537948
1093,0.546889,3.45397,0.647989,0,3.99222,1,0.835864,0.198611,0.124841,0.537948
1093,0.546889,3.45397,0.647989,0,3.99222,1,0.835864,0.198611,0.124841,0.537948
60,0.575782,3.45433,0.496579,0,3.99222,1,0.835864,0.198611,0.124841,0.537948
1045,-0.336819,3.45517,0.658498,1,3.99222,1,0.835864,0.198611,0.124841,0.537948
59,-0.364603,3.45514,0.502526,1,3.99222,1,0.835864,0.198611,0.124841,0.537948
187,-0.272591,3.45504,0.795996,1,3.99222,1,0.835864,0.198611,0.124841,0.537948
1045,-0.336819,3.45517,0.658498,1,3.99222,1,0.835864,0.198611,0.124841,0.537948
616,-0.183106,3.45478,0.902922,1,3.99222,1,0.835864,0.198611,0.124841,0.537948
187,-0.272591,3.45504,0.795996,1,3.99222,1,0.835864,0.198611,0.124841,0.537948
16,-0.0810298,3.45446,0.978875,1,3.99222,1,0.835864,0.198611,0.124841,0.537948
616,-0.183106,3.45478,0.902922,1,3.99222,1,0.835864,0.198611,0.124841,0.537948
16,-0.0810298,3.45446,0.978875,1,3.99222,1,0.835864,0.198611,0.124841,0.537948
615,0.0236237,3.4542,1.02014,1,3.99222,1,0.835864,0.198611,0.124841,0.537948
615,0.0236237,3.4542,1.02014,1,3.99222,1,0.835864,0.198611,0.124841,0.537948
186,0.125058,3.45412,1.03296,1,3.99222,1,0.835864,0.198611,0.124841,0.537948
186,0.125058,3.45412,1.03296,1,3.99222,1,0.835864,0.198611,0.124841,0.537948
1044,0.226508,3.4542,1.02022,1,3.99222,1,0.835864,0.198611,0.124841,0.537948
1044,0.226508,3.4542,1.02022,1,3.99222,1,0.835864,0.198611,0.124841,0.537948
38,0.331199,3.45446,0.978987,1,3.99222,1,0.835864,0.198611,0.124841,0.537948
38,0.331199,3.45446,0.978987,1,3.99222,1,0.835864,0.198611,0.124841,0.537948
664,0.43326,3.45478,0.902992,1,3.99222,1,0.835864,0.198611,0.124841,0.537948
664,0.43326,3.45478,0.902992,1,3.99222,1,0.835864,0.198611,0.124841,0.537948
235,0.522668,3.45504,0.796014,1,3.99222,1,0.835864,0.198611,0.124841,0.537948
235,0.522668,3.45504,0.796014,1,3.99222,1,0.835864,0.198611,0.124841,0.537948
1093,0.586818,3.45517,0.658505,1,3.99222,1,0.835864,0.198611,0.124841,0.537948
1093,0.586818,3.45517,0.658505,1,3.99222,1,0.835864,0.198611,0.124841,0.537948
60,0.614584,3.45515,0.502557,1,3.99222,1,0.835864,0.198611,0.124841,0.537948
1045,-0.318038,3.4795,0.655881,0,4.49222,1,0.86012,0.198611,0.124834,0.562203
59,-0.349709,3.47973,0.497484,0,4.49222,1,0.86012,0.198611,0.124834,0.562203
187,-0.264277,3.47932,0.79923,0,4.49222,1,0.86012,0.198611,0.124834,0.562203
1045,-0.318038,3.4795,0.655881,0,4.49222,1,0.86012,0.198611,0.124834,0.562203
616,-0.184194,3.47909,0.916348,0,4.49222,1,0.86012,0.198611,0.124834,0.562203
187,-0.264277,3.47932,0.79923,0,4.49222,1,0.86012,0.198611,0.124834,0.562203
16,-0.0854927,3.47887,1.00252,0,4.49222,1,0.86012,0.198611,0.124834,0.562203
616,-0.184194,3.47909,0.916348,0,4.49222,1,0.86012,0.198611,0.124834,0.562203
16,-0.0854927,3.47887,1.00252,0,4.49222,1,0.86012,0.198611,0.124834,0.562203
615,0.0214051,3.47871,1.05084,0,4.49222,1,0.86012,0.198611,0.124834,0.562203
615,0.0214051,3.47871,1.05084,0,4.49222,1,0.86012,0.198611,0.124834,0.562203
186,0.125024,3.47867,1.06564,0,4.49222,1,0.86012,0.198611,0.124834,0.562203
186,0.125024,3.47867,1.06564,0,4.49222,1,0.86012,0.198611,0.124834,0.562203
1044,0.228652,3.47871,1.05081,0,4.49222,1,0.86012,0.198611,0.124834,0.562203
1044,0.228652,3.47871,1.05081,0,4.49222,1,0.86012,0.198611,0.124834,0.562203
38,0.335553,3.47887,1.00251,0,4.49222,1,0.86012,0.198611,0.124834,0.562203
38,0.335553,3.47887,1.00251,0,4.49222,1,0.86012,0.198611,0.124834,0.562203
664,0.434262,3.47909,0.916301,0,4.49222,1,0.86012,0.198611,0.124834,0.562203
664,0.434262,3.47909,0.916301,0,4.49222,1,0.86012,0.198611,0.124834,0.562203
235,0.514326,3.47931,0.799198,0,4.49222,1,0.86012,0.198611,0.124834,0.562203
235,0.514326,3.47931,0.799198,0,4.49222,1,0.86012,0.198611,0.124834,0.562203
1093,0.568079,3.47947,0.655863,0,4.49222,1,0.86012,0.198611,0.124834,0.562203
1093,0.568079,3.47947,0.655863,0,4.49222,1,0.86012,0.198611,0.124834,0.562203
60,0.599767,3.47976,0.497506,0,4.49222,1,0.86012,0.198611,0.124834,0.562203
1045,-0.364099,3.48031,0.666397,1,4.49222,1,0.86012,0.198611,0.124834,0.562203
59,-0.39244,3.48014,0.501878,1,4.49222,1,0.86012,0.198611,0.124834,0.562203
187,-0.29549,3.48032,0.810499,1,4.49222,1,0.86012,0.198611,0.124834,0.562203
1045,-0.364099,3.48031,0.666397,1,4.49222,1,0.86012,0.198611,0.124834,0.562203
616,-0.199231,3.48017,0.921087,1,4.49222,1,0.86012,0.198611,0.124834,0.562203
187,-0.29549,3.48032,0.810499,1,4.49222,1,0.86012,0.198611,0.124834,0.562203
16,-0.0897362,3.47991,0.997581,1,4.49222,1,0.86012,0.198611,0.124834,0.562203
616,-0.199231,3.48017,0.921087,1,4.49222,1,0.86012,0.198611,0.124834,0.562203
16,-0.0897362,3.47991,0.997581,1,4.49222,1,0.86012,0.198611,0.124834,0.562203
615,0.0211225,3.47969,1.03854,1,4.49222,1,0.86012,0.198611,0.124834,0.562203
615,0.0211225,3.47969,1.03854,1,4.49222,1,0.86012,0.198611,0.124834,0.562203
186,0.12507,3.47961,1.05111,1,4.49222,1,0.86012,0.198611,0.124834,0.562203
186,0.12507,3.47961,1.05111,1,4.49222,1,0.86012,0.198611,0.124834,0.562203
1044,0.229037,3.47969,1.03863,1,4.49222,1,0.86012,0.198611,0.124834,0.562203
1044,0.229037,3.47969,1.03863,1,4.49222,1,0.86012,0.198611,0.124834,0.562203
38,0.339933,3.47991,0.997707,1,4.49222,1,0.86012,0.198611,0.124834,0.562203
38,0.339933,3.47991,0.997707,1,4.49222,1,0.86012,0.198611,0.124834,0.562203
664,0.449402,3.48016,0.921156,1,4.49222,1,0.86012,0.198611,0.124834,0.562203
664,0.449402,3.48016,0.921156,1,4.49222,1,0.86012,0.198611,0.124834,0.562203
235,0.545575,3.48031,0.81051,1,4.49222,1,0.86012,0.198611,0.124834,0.562203
235,0.545575,3.48031,0.81051,1,4.49222,1,0.86012,0.198611,0.124834,0.562203
1093,0.614103,3.48031,0.666404,1,4.49222,1,0.86012,0.198611,0.124834,0.562203
1093,0.614103,3.48031,0.666404,1,4.49222,1,0.86012,0.198611,0.124834,0.562203
60,0.642424,3.48015,0.501907,1,4.49222,1,0.86012,0.198611,0.124834,0.562203
1045,-0.33694,3.50656,0.662816,0,4.99222,1,0.881109,0.198611,0.124829,0.583192
59,-0.371052,3.50662,0.498115,0,4.99222,1,0.881109,0.198611,0.124829,0.583192
187,-0.279859,3.50646,0.810996,0,4.99222,1,0.881109,0.198611,0.124829,0.583192
1045,-0.33694,3.50656,0.662816,0,4.99222,1,0.881109,0.198611,0.124829,0.583192
616,-0.195312,3.50629,0.931312,0,4.99222,1,0.881109,0.198611,0.124829,0.583192
187,-0.279859,3.50646,0.810996,0,4.99222,1,0.881109,0.198611,0.124829,0.583192
16,-0.0916948,3.50607,1.01884,0,4.99222,1,0.881109,0.198611,0.124829,0.583192
616,-0.195312,3.50629,0.931312,0,4.99222,1,0.881109,0.198611,0.124829,0.583192
16,-0.0916948,3.50607,1.01884,0,4.99222,1,0.881109,0.198611,0.124829,0.583192
615,0.0196019,3.50588,1.06769,0,4.99222,1,0.881109,0.198611,0.124829,0.583192
615,0.0196019,3.50588,1.06769,0,4.99222,1,0.881109,0.198611,0.124829,0.583192
186,0.125034,3.50581,1.08259,0,4.99222,1,0.881109,0.198611,0.124829,0.583192
186,0.125034,3.50581,1.08259,0,4.99222,1,0.881109,0.198611,0.124829,0.583192
1044,0.230461,3.50589,1.06768,0,4.99222,1,0.881109,0.198611,0.124829,0.583192
1044,0.230461,3.50589,1.06768,0,4.99222,1,0.881109,0.198611,0.124829,0.583192
38,0.341749,3.50606,1.01884,0,4.99222,1,0.881109,0.198611,0.124829,0.583192
38,0.341749,3.50606,1.01884,0,4.99222,1,0.881109,0.198611,0.124829,0.583192
664,0.445357,3.50628,0.931297,0,4.99222,1,0.881109,0.198611,0.124829,0.583192
664,0.445357,3.50628,0.931297,0,4.99222,1,0.881109,0.198611,0.124829,0.583192
235,0.52991,3.50646,0.810971,0,4.99222,1,0.881109,0.198611,0.124829,0.583192
235,0.52991,3.50646,0.810971,0,4.99222,1,0.881109,0.198611,0.124829,0.583192
1093,0.586987,3.50653,0.662817,0,4.99222,1,0.881109,0.198611,0.124829,0.583192
1093,0.586987,3.50653,0.662817,0,4.99222,1,0.881109,0.198611,0.124829,0.583192
60,0.621108,3.50665,0.498137,0,4.99222,1,0.881109,0.198611,0.124829,0.583192
1045,-0.38574,3.50637,0.672743,1,4.99222,1,0.881109,0.198611,0.124829,0.583192
59,-0.415593,3.50608,0.501014,1,4.99222,1,0.881109,0.198611,0.124829,0.583192
187,-0.313476,3.50648,0.822527,1,4.99222,1,0.881109,0.198611,0.124829,0.583192
1045,-0.38574,3.50637,0.672743,1,4.99222,1,0.881109,0.198611,0.124829,0.583192
616,-0.212167,3.50642,0.936817,1,4.99222,1,0.881109,0.198611,0.124829,0.583192
187,-0.313476,3.50648,0.822527,1,4.99222,1,0.881109,0.198611,0.124829,0.583192
16,-0.0972034,3.50622,1.01504,1,4.99222,1,0.881109,0.198611,0.124829,0.583192
616,-0.212167,3.50642,0.936817,1,4.99222,1,0.881109,0.198611,0.124829,0.583192
16,-0.0972034,3.50622,1.01504,1,4.99222,1,0.881109,0.198611,0.124829,0.583192
615,0.018738,3.50603,1.0569,1,4.99222,1,0.881109,0.198611,0.124829,0.583192
615,0.018738,3.50603,1.0569,1,4.99222,1,0.881109,0.198611,0.124829,0.583192
186,0.125078,3.50596,1.06971,1,4.99222,1,0.881109,0.198611,0.124829,0.583192
186,0.125078,3.50596,1.06971,1,4.99222,1,0.881109,0.198611,0.124829,0.583192
1044,0.231437,3.50604,1.05698,1,4.99222,1,0.881109,0.198611,0.124829,0.583192
1044,0.231437,3.50604,1.05698,1,4.99222,1,0.881109,0.198611,0.124829,0.583192
38,0.347415,3.50623,1.01516,1,4.99222,1,0.881109,0.198611,0.124829,0.583192
38,0.347415,3.50623,1.01516,1,4.99222,1,0.881109,0.198611,0.124829,0.583192
664,0.462353,3.50642,0.936881,1,4.99222,1,0.881109,0.198611,0.124829,0.583192
664,0.462353,3.50642,0.936881,1,4.99222,1,0.881109,0.198611,0.124829,0.583192
235,0.563575,3.50648,0.822536,1,4.99222,1,0.881109,0.198611,0.124829,0.583192
235,0.563575,3.50648,0.822536,1,4.99222,1,0.881109,0.198611,0.124829,0.583192
1093,0.635756,3.50636,0.672748,1,4.99222,1,0.881109,0.198611,0.124829,0.583192
1093,0.635756,3.50636,0.672748,1,4.99222,1,0.881109,0.198611,0.124829,0.583192
60,0.665582,3.5061,0.501043,1,4.99222,1,0.881109,0.198611,0.124829,0.583192
1045,-0.354191,3.53284,0.669018,0,5.49222,1,0.89949,0.198611,0.124825,0.601574
59,-0.390647,3.5328,0.498523,0,5.49222,1,0.89949,0.198611,0.124825,0.601574
187,-0.294072,3.53282,0.821663,0,5.49222,1,0.89949,0.198611,0.124825,0.601574
1045,-0.354191,3.53284,0.669018,0,5.49222,1,0.89949,0.198611,0.124825,0.601574
616,-0.205581,3.5327,0.94505,0,5.49222,1,0.89949,0.198611,0.124825,0.601574
187,-0.294072,3.53282,0.821663,0,5.49222,1,0.89949,0.198611,0.124825,0.601574
16,-0.0975469,3.53251,1.03406,0,5.49222,1,0.89949,0.198611,0.124825,0.601574
616,-0.205581,3.5327,0.94505,0,5.49222,1,0.89949,0.198611,0.124825,0.601574
16,-0.0975469,3.53251,1.03406,0,5.49222,1,0.89949,0.198611,0.124825,0.601574
615,0.0177702,3.53234,1.08371,0,5.49222,1,0.89949,0.198611,0.124825,0.601574
615,0.0177702,3.53234,1.08371,0,5.49222,1,0.89949,0.198611,0.124825,0.601574
186,0.12503,3.53227,1.09881,0,5.49222,1,0.89949,0.198611,0.124825,0.601574
186,0.12503,3.53227,1.09881,0,5.49222,1,0.89949,0.198611,0.124825,0.601574
1044,0.2323,3.53233,1.08369,0,5.49222,1,0.89949,0.198611,0.124825,0.601574
1044,0.2323,3.53233,1.08369,0,5.49222,1,0.89949,0.198611,0.124825,0.601574
38,0.347613,3.53251,1.03406,0,5.49222,1,0.89949,0.198611,0.124825,0.601574
38,0.347613,3.53251,1.03406,0,5.49222,1,0.89949,0.198611,0.124825,0.601574
664,0.455641,3.5327,0.945049,0,5.49222,1,0.89949,0.198611,0.124825,0.601574
664,0.455641,3.5327,0.945049,0,5.49222,1,0.89949,0.198611,0.124825,0.601574
235,0.544133,3.53281,0.821657,0,5.49222,1,0.89949,0.198611,0.124825,0.601574
235,0.544133,3.53281,0.821657,0,5.49222,1,0.89949,0.198611,0.124825,0.601574
1093,0.604231,3.53281,0.669021,0,5.49222,1,0.89949,0.198611,0.124825,0.601574
1093,0.604231,3.53281,0.669021,0,5.49222,1,0.89949,0.198611,0.124825,0.601574
60,0.640692,3.53282,0.498557,0,5.49222,1,0.89949,0.198611,0.124825,0.601574
1045,-0.407982,3.53218,0.67852,1,5.49222,1,0.89949,0.198611,0.124825,0.601574
59,-0.438828,3.5318,0.49995,1,5.49222,1,0.89949,0.198611,0.124825,0.601574
187,-0.332457,3.53239,0.834009,1,5.49222,1,0.89949,0.198611,0.124825,0.601574
1045,-0.407982,3.53218,0.67852,1,5.49222,1,0.89949,0.198611,0.124825,0.601574
616,-0.226051,3.5324,0.952057,1,5.49222,1,0.89949,0.198611,0.124825,0.601574
187,-0.332457,3.53239,0.834009,1,5.49222,1,0.89949,0.198611,0.124825,0.601574
16,-0.105224,3.53225,1.03169,1,5.49222,1,0.89949,0.198611,0.124825,0.601574
616,-0.226051,3.5324,0.952057,1,5.49222,1,0.89949,0.198611,0.124825,0.601574
16,-0.105224,3.53225,1.03169,1,5.49222,1,0.89949,0.198611,0.124825,0.601574
615,0.0161112,3.53208,1.07379,1,5.49222,1,0.89949,0.198611,0.124825,0.601574
615,0.0161112,3.53208,1.07379,1,5.49222,1,0.89949,0.198611,0.124825,0.601574
186,0.125045,3.53201,1.08654,1,5.49222,1,0.89949,0.198611,0.124825,0.601574
186,0.125045,3.53201,1.08654,1,5.49222,1,0.89949,0.198611,0.124825,0.601574
1044,0.234001,3.53208,1.07389,1,5.49222,1,0.89949,0.198611,0.124825,0.601574
1044,0.234001,3.53208,1.07389,1,5.49222,1,0.89949,0.198611,0.124825,0.601574
38,0.355371,3.53226,1.03182,1,5.49222,1,0.89949,0.198611,0.124825,0.601574
38,0.355371,3.53226,1.03182,1,5.49222,1,0.89949,0.198611,0.124825,0.601574
664,0.476168,3.53241,0.952133,1,5.49222,1,0.89949,0.198611,0.124825,0.601574
664,0.476168,3.53241,0.952133,1,5.49222,1,0.89949,0.198611,0.124825,0.601574
235,0.582485,3.5324,0.834032,1,5.49222,1,0.89949,0.198611,0.124825,0.601574
235,0.582485,3.5324,0.834032,1,5.49222,1,0.89949,0.198611,0.124825,0.601574
1093,0.657922,3.53218,0.678541,1,5.49222,1,0.89949,0.198611,0.124825,0.601574
1093,0.657922,3.53218,0.678541,1,5.49222,1,0.89949,0.198611,0.124825,0.601574
60,0.688746,3.53183,0.500001,1,5.49222,1,0.89949,0.198611,0.124825,0.601574
1045,-0.370106,3.55818,0.674533,0,5.99222,1,0.916344,0.198611,0.124823,0.618428
59,-0.408666,3.55807,0.498615,0,5.99222,1,0.916344,0.198611,0.124823,0.618428
187,-0.307261,3.55822,0.831451,0,5.99222,1,0.916344,0.198611,0.124823,0.618428
1045,-0.370106,3.55818,0.674533,0,5.99222,1,0.916344,0.198611,0.124823,0.618428
616,-0.215194,3.55816,0.957883,0,5.99222,1,0.916344,0.198611,0.124823,0.618428
187,-0.307261,3.55822,0.831451,0,5.99222,1,0.916344,0.198611,0.124823,0.618428
16,-0.103185,3.558,1.04856,0,5.99222,1,0.916344,0.198611,0.124823,0.618428
616,-0.215194,3.55816,0.957883,0,5.99222,1,0.916344,0.198611,0.124823,0.618428
16,-0.103185,3.558,1.04856,0,5.99222,1,0.916344,0.198611,0.124823,0.618428
615,0.0159167,3.55784,1.09907,0,5.99222,1,0.916344,0.198611,0.124823,0.618428
615,0.0159167,3.55784,1.09907,0,5.99222,1,0.916344,0.198611,0.124823,0.618428
186,0.125036,3.55778,1.11443,0,5.99222,1,0.916344,0.198611,0.124823,0.618428
186,0.125036,3.55778,1.11443,0,5.99222,1,0.916344,0.198611,0.124823,0.618428
1044,0.234155,3.55784,1.09907,0,5.99222,1,0.916344,0.198611,0.124823,0.618428
1044,0.234155,3.55784,1.09907,0,5.99222,1,0.916344,0.198611,0.124823,0.618428
38,0.353254,3.558,1.04855,0,5.99222,1,0.916344,0.198611,0.124823,0.618428
38,0.353254,3.558,1.04855,0,5.99222,1,0.916344,0.198611,0.124823,0.618428
664,0.46527,3.55816,0.957857,0,5.99222,1,0.916344,0.198611,0.124823,0.618428
664,0.46527,3.55816,0.957857,0,5.99222,1,0.916344,0.198611,0.124823,0.618428
235,0.557352,3.55822,0.83141,0,5.99222,1,0.916344,0.198611,0.124823,0.618428
235,0.557352,3.55822,0.83141,0,5.99222,1,0.916344,0.198611,0.124823,0.618428
1093,0.620165,3.55816,0.674506,0,5.99222,1,0.916344,0.198611,0.124823,0.618428
1093,0.620165,3.55816,0.674506,0,5.99222,1,0.916344,0.198611,0.124823,0.618428
60,0.658707,3.5581,0.498627,0,5.99222,1,0.916344,0.198611,0.124823,0.618428
1045,-0.42598,3.55751,0.68359,1,5.99222,1,0.916344,0.198611,0.124823,0.618428
59,-0.458451,3.55704,0.499039,1,5.99222,1,0.916344,0.198611,0.124823,0.618428
187,-0.347451,3.55781,0.843937,1,5.99222,1,0.916344,0.198611,0.124823,0.618428
1045,-0.42598,3.55751,0.68359,1,5.99222,1,0.916344,0.198611,0.124823,0.618428
616,-0.237032,3.55788,0.965423,1,5.99222,1,0.916344,0.198611,0.124823,0.618428
187,-0.347451,3.55781,0.843937,1,5.99222,1,0.916344,0.198611,0.124823,0.618428
16,-0.111787,3.55777,1.04701,1,5.99222,1,0.916344,0.198611,0.124823,0.618428
616,-0.237032,3.55788,0.965423,1,5.99222,1,0.916344,0.198611,0.124823,0.618428
16,-0.111787,3.55777,1.04701,1,5.99222,1,0.916344,0.198611,0.124823,0.618428
615,0.0138665,3.55762,1.09016,1,5.99222,1,0.916344,0.198611,0.124823,0.618428
615,0.0138665,3.55762,1.09016,1,5.99222,1,0.916344,0.198611,0.124823,0.618428
186,0.125095,3.55755,1.10321,1,5.99222,1,0.916344,0.198611,0.124823,0.618428
186,0.125095,3.55755,1.10321,1,5.99222,1,0.916344,0.198611,0.124823,0.618428
1044,0.236345,3.55762,1.09025,1,5.99222,1,0.916344,0.198611,0.124823,0.618428
1044,0.236345,3.55762,1.09025,1,5.99222,1,0.916344,0.198611,0.124823,0.618428
38,0.362028,3.55778,1.04712,1,5.99222,1,0.916344,0.198611,0.124823,0.618428
38,0.362028,3.55778,1.04712,1,5.99222,1,0.916344,0.198611,0.124823,0.618428
664,0.487237,3.55789,0.965476,1,5.99222,1,0.916344,0.198611,0.124823,0.618428
664,0.487237,3.55789,0.965476,1,5.99222,1,0.916344,0.198611,0.124823,0.618428
235,0.597562,3.55781,0.843937,1,5.99222,1,0.916344,0.198611,0.124823,0.618428
235,0.597562,3.55781,0.843937,1,5.99222,1,0.916344,0.198611,0.124823,0.618428
1093,0.676003,3.5575,0.683588,1,5.99222,1,0.916344,0.198611,0.124823,0.618428
1093,0.676003,3.5575,0.683588,1,5.99222,1,0.916344,0.198611,0.124823,0.618428
60,0.70845,3.55706,0.499067,1,5.99222,1,0.916344,0.198611,0.124823,0.618428
1045,-0.384872,3.58305,0.679679,0,6.49222,1,0.931569,0.198611,0.124816,0.633652
59,-0.425372,3.58287,0.498694,0,6.49222,1,0.931569,0.198611,0.124816,0.633652
187,-0.319566,3.58316,0.840607,0,6.49222,1,0.931569,0.198611,0.124816,0.633652
1045,-0.384872,3.58305,0.679679,0,6.49222,1,0.931569,0.198611,0.124816,0.633652
616,-0.224232,3.58314,0.969968,0,6.49222,1,0.931569,0.198611,0.124816,0.633652
187,-0.319566,3.58316,0.840607,0,6.49222,1,0.931569,0.198611,0.124816,0.633652
16,-0.108556,3.58299,1.06233,0,6.49222,1,0.931569,0.198611,0.124816,0.633652
616,-0.224232,3.58314,0.969968,0,6.49222,1,0.931569,0.198611,0.124816,0.633652
16,-0.108556,3.58299,1.06233,0,6.49222,1,0.931569,0.198611,0.124816,0.633652
615,0.0140951,3.58285,1.11372,0,6.49222,1,0.931569,0.198611,0.124816,0.633652
615,0.0140951,3.58285,1.11372,0,6.49222,1,0.931569,0.198611,0.124816,0.633652
186,0.125032,3.58279,1.12933,0,6.49222,1,0.931569,0.198611,0.124816,0.633652
186,0.125032,3.58279,1.12933,0,6.49222,1,0.931569,0.198611,0.124816,0.633652
1044,0.235981,3.58285,1.11371,0,6.49222,1,0.931569,0.198611,0.124816,0.633652
1044,0.235981,3.58285,1.11371,0,6.49222,1,0.931569,0.198611,0.124816,0.633652
38,0.358646,3.583,1.06232,0,6.49222,1,0.931569,0.198611,0.124816,0.633652
38,0.358646,3.583,1.06232,0,6.49222,1,0.931569,0.198611,0.124816,0.633652
664,0.474311,3.58313,0.969949,0,6.49222,1,0.931569,0.198611,0.124816,0.633652
664,0.474311,3.58313,0.969949,0,6.49222,1,0.931569,0.198611,0.124816,0.633652
235,0.569628,3.58315,0.840589,0,6.49222,1,0.931569,0.198611,0.124816,0.633652
235,0.569628,3.58315,0.840589,0,6.49222,1,0.931569,0.198611,0.124816,0.633652
1093,0.634933,3.58303,0.679668,0,6.49222,1,0.931569,0.198611,0.124816,0.633652
1093,0.634933,3.58303,0.679668,0,6.49222,1,0.931569,0.198611,0.124816,0.633652
60,0.67543,3.58289,0.498714,0,6.49222,1,0.931569,0.198611,0.124816,0.633652
1045,-0.442827,3.58208,0.688281,1,6.49222,1,0.931569,0.198611,0.124816,0.633652
59,-0.476878,3.58152,0.498156,1,6.49222,1,0.931569,0.198611,0.124816,0.633652
187,-0.361492,3.58245,0.853176,1,6.49222,1,0.931569,0.198611,0.124816,0.633652
1045,-0.442827,3.58208,0.688281,1,6.49222,1,0.931569,0.198611,0.124816,0.633652
616,-0.247367,3.58259,0.977931,1,6.49222,1,0.931569,0.198611,0.124816,0.633652
187,-0.361492,3.58245,0.853176,1,6.49222,1,0.931569,0.198611,0.124816,0.633652
16,-0.118036,3.58251,1.06144,1,6.49222,1,0.931569,0.198611,0.124816,0.633652
616,-0.247367,3.58259,0.977931,1,6.49222,1,0.931569,0.198611,0.124816,0.633652
16,-0.118036,3.58251,1.06144,1,6.49222,1,0.931569,0.198611,0.124816,0.633652
615,0.0116481,3.58237,1.10563,1,6.49222,1,0.931569,0.198611,0.124816,0.633652
615,0.0116481,3.58237,1.10563,1,6.49222,1,0.931569,0.198611,0.124816,0.633652
186,0.125099,3.58231,1.11897,1,6.49222,1,0.931569,0.198611,0.124816,0.633652
186,0.125099,3.58231,1.11897,1,6.49222,1,0.931569,0.198611,0.124816,0.633652
1044,0.23857,3.58238,1.10572,1,6.49222,1,0.931569,0.198611,0.124816,0.633652
1044,0.23857,3.58238,1.10572,1,6.49222,1,0.931569,0.198611,0.124816,0.633652
38,0.368282,3.58252,1.06155,1,6.49222,1,0.931569,0.198611,0.124816,0.633652
38,0.368282,3.58252,1.06155,1,6.49222,1,0.931569,0.198611,0.124816,0.633652
664,0.497577,3.58259,0.977977,1,6.49222,1,0.931569,0.198611,0.124816,0.633652
664,0.497577,3.58259,0.977977,1,6.49222,1,0.931569,0.198611,0.124816,0.633652
235,0.611606,3.58245,0.85317,1,6.49222,1,0.931569,0.198611,0.124816,0.633652
235,0.611606,3.58245,0.85317,1,6.49222,1,0.931569,0.198611,0.124816,0.633652
1093,0.692851,3.58207,0.688275,1,6.49222,1,0.931569,0.198611,0.124816,0.633652
1093,0.692851,3.58207,0.688275,1,6.49222,1,0.931569,0.198611,0.124816,0.633652
60,0.72688,3.58155,0.498184,1,6.49222,1,0.931569,0.198611,0.124816,0.633652
1045,-0.398886,3.60688,0.684467,0,6.99222,1,0.945574,0.198611,0.124811,0.647657
59,-0.441211,3.60667,0.498679,0,6.99222,1,0.945574,0.198611,0.124811,0.647657
187,-0.331215,3.60705,0.849241,0,6.99222,1,0.945574,0.198611,0.124811,0.647657
1045,-0.398886,3.60688,0.684467,0,6.99222,1,0.945574,0.198611,0.124811,0.647657
616,-0.23283,3.60707,0.981445,0,6.99222,1,0.945574,0.198611,0.124811,0.647657
187,-0.331215,3.60705,0.849241,0,6.99222,1,0.945574,0.198611,0.124811,0.647657
16,-0.11373,3.60696,1.07551,0,6.99222,1,0.945574,0.198611,0.124811,0.647657
616,-0.23283,3.60707,0.981445,0,6.99222,1,0.945574,0.198611,0.124811,0.647657
16,-0.11373,3.60696,1.07551,0,6.99222,1,0.945574,0.198611,0.124811,0.647657
615,0.0122999,3.60682,1.12779,0,6.99222,1,0.945574,0.198611,0.124811,0.647657
615,0.0122999,3.60682,1.12779,0,6.99222,1,0.945574,0.198611,0.124811,0.647657
186,0.125037,3.60677,1.14365,0,6.99222,1,0.945574,0.198611,0.124811,0.647657
186,0.125037,3.60677,1.14365,0,6.99222,1,0.945574,0.198611,0.124811,0.647657
1044,0.237785,3.60683,1.12778,0,6.99222,1,0.945574,0.198611,0.124811,0.647657
1044,0.237785,3.60683,1.12778,0,6.99222,1,0.945574,0.198611,0.124811,0.647657
38,0.363813,3.60696,1.0755,0,6.99222,1,0.945574,0.198611,0.124811,0.647657
38,0.363813,3.60696,1.0755,0,6.99222,1,0.945574,0.198611,0.124811,0.647657
664,0.482912,3.60707,0.981434,0,6.99222,1,0.945574,0.198611,0.124811,0.647657
664,0.482912,3.60707,0.981434,0,6.99222,1,0.945574,0.198611,0.124811,0.647657
235,0.581287,3.60705,0.84922,0,6.99222,1,0.945574,0.198611,0.124811,0.647657
235,0.581287,3.60705,0.84922,0,6.99222,1,0.945574,0.198611,0.124811,0.647657
1093,0.648941,3.60688,0.684451,0,6.99222,1,0.945574,0.198611,0.124811,0.647657
1093,0.648941,3.60688,0.684451,0,6.99222,1,0.945574,0.198611,0.124811,0.647657
60,0.691261,3.60667,0.498692,0,6.99222,1,0.945574,0.198611,0.124811,0.647657
1045,-0.458649,3.60593,0.692703,1,6.99222,1,0.945574,0.198611,0.124811,0.647657
59,-0.494218,3.60531,0.497342,1,6.99222,1,0.945574,0.198611,0.124811,0.647657
187,-0.37469,3.60639,0.861883,1,6.99222,1,0.945574,0.198611,0.124811,0.647657
1045,-0.458649,3.60593,0.692703,1,6.99222,1,0.945574,0.198611,0.124811,0.647657
616,-0.257119,3.60659,0.989759,1,6.99222,1,0.945574,0.198611,0.124811,0.647657
187,-0.37469,3.60639,0.861883,1,6.99222,1,0.945574,0.198611,0.124811,0.647657
16,-0.123972,3.60656,1.07515,1,6.99222,1,0.945574,0.198611,0.124811,0.647657
616,-0.257119,3.60659,0.989759,1,6.99222,1,0.945574,0.198611,0.124811,0.647657
16,-0.123972,3.60656,1.07515,1,6.99222,1,0.945574,0.198611,0.124811,0.647657
615,0.00950148,3.60643,1.12035,1,6.99222,1,0.945574,0.198611,0.124811,0.647657
615,0.00950148,3.60643,1.12035,1,6.99222,1,0.945574,0.198611,0.124811,0.647657
186,0.125102,3.60637,1.13397,1,6.99222,1,0.945574,0.198611,0.124811,0.647657
186,0.125102,3.60637,1.13397,1,6.99222,1,0.945574,0.198611,0.124811,0.647657
1044,0.240725,3.60644,1.12043,1,6.99222,1,0.945574,0.198611,0.124811,0.647657
1044,0.240725,3.60644,1.12043,1,6.99222,1,0.945574,0.198611,0.124811,0.647657
38,0.374224,3.60656,1.07525,1,6.99222,1,0.945574,0.198611,0.124811,0.647657
38,0.374224,3.60656,1.07525,1,6.99222,1,0.945574,0.198611,0.124811,0.647657
664,0.507332,3.60659,0.989801,1,6.99222,1,0.945574,0.198611,0.124811,0.647657
664,0.507332,3.60659,0.989801,1,6.99222,1,0.945574,0.198611,0.124811,0.647657
235,0.624807,3.60639,0.861874,1,6.99222,1,0.945574,0.198611,0.124811,0.647657
235,0.624807,3.60639,0.861874,1,6.99222,1,0.945574,0.198611,0.124811,0.647657
1093,0.708675,3.60593,0.692694,1,6.99222,1,0.945574,0.198611,0.124811,0.647657
1093,0.708675,3.60593,0.692694,1,6.99222,1,0.945574,0.198611,0.124811,0.647657
60,0.744225,3.60531,0.497369,1,6.99222,1,0.945574,0.198611,0.124811,0.647657
1045,-0.412053,3.6301,0.688996,0,7.49222,1,0.958474,0.198611,0.124808,0.660557
59,-0.456066,3.62981,0.498666,0,7.49222,1,0.958474,0.198611,0.124808,0.660557
187,-0.342217,3.63031,0.857455,0,7.49222,1,0.958474,0.198611,0.124808,0.660557
1045,-0.412053,3.6301,0.688996,0,7.49222,1,0.958474,0.198611,0.124808,0.660557
616,-0.240979,3.63037,0.99239,0,7.49222,1,0.958474,0.198611,0.124808,0.660557
187,-0.342217,3.63031,0.857455,0,7.49222,1,0.958474,0.198611,0.124808,0.660557
16,-0.118664,3.63027,1.0881,0,7.49222,1,0.958474,0.198611,0.124808,0.660557
616,-0.240979,3.63037,0.99239,0,7.49222,1,0.958474,0.198611,0.124808,0.660557
16,-0.118664,3.63027,1.0881,0,7.49222,1,0.958474,0.198611,0.124808,0.660557
615,0.0105456,3.63014,1.14126,0,7.49222,1,0.958474,0.198611,0.124808,0.660557
615,0.0105456,3.63014,1.14126,0,7.49222,1,0.958474,0.198611,0.124808,0.660557
186,0.125039,3.63008,1.15736,0,7.49222,1,0.958474,0.198611,0.124808,0.660557
186,0.125039,3.63008,1.15736,0,7.49222,1,0.958474,0.198611,0.124808,0.660557
1044,0.239537,3.63015,1.14125,0,7.49222,1,0.958474,0.198611,0.124808,0.660557
1044,0.239537,3.63015,1.14125,0,7.49222,1,0.958474,0.198611,0.124808,0.660557
38,0.36875,3.63028,1.08808,0,7.49222,1,0.958474,0.198611,0.124808,0.660557
38,0.36875,3.63028,1.08808,0,7.49222,1,0.958474,0.198611,0.124808,0.660557
664,0.491058,3.63038,0.992368,0,7.49222,1,0.958474,0.198611,0.124808,0.660557
664,0.491058,3.63038,0.992368,0,7.49222,1,0.958474,0.198611,0.124808,0.660557
235,0.592289,3.63032,0.857435,0,7.49222,1,0.958474,0.198611,0.124808,0.660557
235,0.592289,3.63032,0.857435,0,7.49222,1,0.958474,0.198611,0.124808,0.660557
1093,0.662108,3.63011,0.688986,0,7.49222,1,0.958474,0.198611,0.124808,0.660557
1093,0.662108,3.63011,0.688986,0,7.49222,1,0.958474,0.198611,0.124808,0.660557
60,0.706121,3.62981,0.498682,0,7.49222,1,0.958474,0.198611,0.124808,0.660557
1045,-0.473538,3.62889,0.696875,1,7.49222,1,0.958474,0.198611,0.124808,0.660557
59,-0.51056,3.62821,0.496585,1,7.49222,1,0.958474,0.198611,0.124808,0.660557
187,-0.387149,3.62942,0.870132,1,7.49222,1,0.958474,0.198611,0.124808,0.660557
1045,-0.473538,3.62889,0.696875,1,7.49222,1,0.958474,0.198611,0.124808,0.660557
616,-0.266357,3.62967,1.00101,1,7.49222,1,0.958474,0.198611,0.124808,0.660557
187,-0.387149,3.62942,0.870132,1,7.49222,1,0.958474,0.198611,0.124808,0.660557
16,-0.129625,3.62965,1.08823,1,7.49222,1,0.958474,0.198611,0.124808,0.660557
616,-0.266357,3.62967,1.00101,1,7.49222,1,0.958474,0.198611,0.124808,0.660557
16,-0.129625,3.62965,1.08823,1,7.49222,1,0.958474,0.198611,0.124808,0.660557
615,0.00742732,3.62954,1.13441,1,7.49222,1,0.958474,0.198611,0.124808,0.660557
615,0.00742732,3.62954,1.13441,1,7.49222,1,0.958474,0.198611,0.124808,0.660557
186,0.125111,3.62948,1.14831,1,7.49222,1,0.958474,0.198611,0.124808,0.660557
186,0.125111,3.62948,1.14831,1,7.49222,1,0.958474,0.198611,0.124808,0.660557
1044,0.242815,3.62954,1.13449,1,7.49222,1,0.958474,0.198611,0.124808,0.660557
1044,0.242815,3.62954,1.13449,1,7.49222,1,0.958474,0.198611,0.124808,0.660557
38,0.379893,3.62966,1.08832,1,7.49222,1,0.958474,0.198611,0.124808,0.660557
38,0.379893,3.62966,1.08832,1,7.49222,1,0.958474,0.198611,0.124808,0.660557
664,0.516585,3.62966,1.00104,1,7.49222,1,0.958474,0.198611,0.124808,0.660557
664,0.516585,3.62966,1.00104,1,7.49222,1,0.958474,0.198611,0.124808,0.660557
235,0.637277,3.62942,0.870118,1,7.49222,1,0.958474,0.198611,0.124808,0.660557
235,0.637277,3.62942,0.870118,1,7.49222,1,0.958474,0.198611,0.124808,0.660557
1093,0.723572,3.62889,0.696862,1,7.49222,1,0.958474,0.198611,0.124808,0.660557
1093,0.723572,3.62889,0.696862,1,7.49222,1,0.958474,0.198611,0.124808,0.660557
60,0.760576,3.62821,0.496608,1,7.49222,1,0.958474,0.198611,0.124808,0.660557
