id,x,y,z,ablated,v,bulkheadyoungs,nickdepth,nickw,nickc,bbmin
1045,-0.260303,3.4321,0.63931,0,3.49222,2.15,0.805162,0.198611,0.124844,0.507246
59,-0.284268,3.43245,0.49604,0,3.49222,2.15,0.805162,0.198611,0.124844,0.507246
187,-0.21746,3.43177,0.771774,0,3.49222,2.15,0.805162,0.198611,0.124844,0.507246
1045,-0.260303,3.4321,0.63931,0,3.49222,2.15,0.805162,0.198611,0.124844,0.507246
616,-0.152,3.43145,0.883426,0,3.49222,2.15,0.805162,0.198611,0.124844,0.507246
187,-0.21746,3.43177,0.771774,0,3.49222,2.15,0.805162,0.198611,0.124844,0.507246
16,-0.0698562,3.4312,0.971043,0,3.49222,2.15,0.805162,0.198611,0.124844,0.507246
616,-0.152,3.43145,0.883426,0,3.49222,2.15,0.805162,0.198611,0.124844,0.507246
16,-0.0698562,3.4312,0.971043,0,3.49222,2.15,0.805162,0.198611,0.124844,0.507246
615,0.0253286,3.43103,1.02122,0,3.49222,2.15,0.805162,0.198611,0.124844,0.507246
615,0.0253286,3.43103,1.02122,0,3.49222,2.15,0.805162,0.198611,0.124844,0.507246
186,0.125016,3.43099,1.03719,0,3.49222,2.15,0.805162,0.198611,0.124844,0.507246
186,0.125016,3.43099,1.03719,0,3.49222,2.15,0.805162,0.198611,0.124844,0.507246
1044,0.224679,3.43103,1.02121,0,3.49222,2.15,0.805162,0.198611,0.124844,0.507246
1044,0.224679,3.43103,1.02121,0,3.49222,2.15,0.805162,0.198611,0.124844,0.507246
38,0.319863,3.43119,0.971079,0,3.49222,2.15,0.805162,0.198611,0.124844,0.507246
38,0.319863,3.43119,0.971079,0,3.49222,2.15,0.805162,0.198611,0.124844,0.507246
664,0.402028,3.43145,0.883457,0,3.49222,2.15,0.805162,0.198611,0.124844,0.507246
664,0.402028,3.43145,0.883457,0,3.49222,2.15,0.805162,0.198611,0.124844,0.507246
235,0.467476,3.43178,0.771785,0,3.49222,2.15,0.805162,0.198611,0.124844,0.507246
235,0.467476,3.43178,0.771785,0,3.49222,2.15,0.805162,0.198611,0.124844,0.507246
1093,0.510322,3.4321,0.639301,0,3.49222,2.15,0.805162,0.198611,0.124844,0.507246
1093,0.510322,3.4321,0.639301,0,3.49222,2.15,0.805162,0.198611,0.124844,0.507246
60,0.5343,3.43242,0.49605,0,3.49222,2.15,0.805162,0.198611,0.124844,0.507246
1045,-0.291106,3.43354,0.647846,1,3.49222,2.15,0.805162,0.198611,0.124844,0.507246
59,-0.319708,3.43366,0.503065,1,3.49222,2.15,0.805162,0.198611,0.124844,0.507246
187,-0.23511,3.43329,0.777767,1,3.49222,2.15,0.805162,0.198611,0.124844,0.507246
1045,-0.291106,3.43354,0.647846,1,3.49222,2.15,0.805162,0.198611,0.124844,0.507246
616,-0.157712,3.43296,0.882206,1,3.49222,2.15,0.805162,0.198611,0.124844,0.507246
187,-0.23511,3.43329,0.777767,1,3.49222,2.15,0.805162,0.198611,0.124844,0.507246
16,-0.0685151,3.4326,0.960903,1,3.49222,2.15,0.805162,0.198611,0.124844,0.507246
616,-0.157712,3.43296,0.882206,1,3.49222,2.15,0.805162,0.198611,0.124844,0.507246
16,-0.0685151,3.4326,0.960903,1,3.49222,2.15,0.805162,0.198611,0.124844,0.507246
615,0.0270137,3.43234,1.00443,1,3.49222,2.15,0.805162,0.198611,0.124844,0.507246
615,0.0270137,3.43234,1.00443,1,3.49222,2.15,0.805162,0.198611,0.124844,0.507246
186,0.125019,3.43226,1.01846,1,3.49222,2.15,0.805162,0.198611,0.124844,0.507246
186,0.125019,3.43226,1.01846,1,3.49222,2.15,0.805162,0.198611,0.124844,0.507246
1044,0.223034,3.43235,1.00449,1,3.49222,2.15,0.805162,0.198611,0.124844,0.507246
1044,0.223034,3.43235,1.00449,1,3.49222,2.15,0.805162,0.198611,0.124844,0.507246
38,0.318607,3.43261,0.961007,1,3.49222,2.15,0.805162,0.198611,0.124844,0.507246
38,0.318607,3.43261,0.961007,1,3.49222,2.15,0.805162,0.198611,0.124844,0.507246
664,0.407805,3.43296,0.882291,1,3.49222,2.15,0.805162,0.198611,0.124844,0.507246
664,0.407805,3.43296,0.882291,1,3.49222,2.15,0.805162,0.198611,0.124844,0.507246
235,0.485128,3.4333,0.777794,1,3.49222,2.15,0.805162,0.198611,0.124844,0.507246
235,0.485128,3.4333,0.777794,1,3.49222,2.15,0.805162,0.198611,0.124844,0.507246
1093,0.541068,3.43353,0.647859,1,3.49222,2.15,0.805162,0.198611,0.124844,0.507246
1093,0.541068,3.43353,0.647859,1,3.49222,2.15,0.805162,0.198611,0.124844,0.507246
60,0.569648,3.43364,0.503119,1,3.49222,2.15,0.805162,0.198611,0.124844,0.507246
1045,-0.27846,3.45576,0.6481,0,3.99222,2.15,0.830676,0.198611,0.124848,0.53276
59,-0.304348,3.45634,0.497821,0,3.99222,2.15,0.830676,0.198611,0.124848,0.53276
187,-0.232971,3.45542,0.78531,0,3.99222,2.15,0.830676,0.198611,0.124848,0.53276
1045,-0.27846,3.45576,0.6481,0,3.99222,2.15,0.830676,0.198611,0.124848,0.53276
616,-0.162772,3.45522,0.899493,0,3.99222,2.15,0.830676,0.198611,0.124848,0.53276
187,-0.232971,3.45542,0.78531,0,3.99222,2.15,0.830676,0.198611,0.124848,0.53276
16,-0.0747642,3.45517,0.986695,0,3.99222,2.15,0.830676,0.198611,0.124848,0.53276
616,-0.162772,3.45522,0.899493,0,3.99222,2.15,0.830676,0.198611,0.124848,0.53276
16,-0.0747642,3.45517,0.986695,0,3.99222,2.15,0.830676,0.198611,0.124848,0.53276
615,0.0242961,3.45513,1.03592,0,3.99222,2.15,0.830676,0.198611,0.124848,0.53276
615,0.0242961,3.45513,1.03592,0,3.99222,2.15,0.830676,0.198611,0.124848,0.53276
186,0.12503,3.45516,1.05132,0,3.99222,2.15,0.830676,0.198611,0.124848,0.53276
186,0.12503,3.45516,1.05132,0,3.99222,2.15,0.830676,0.198611,0.124848,0.53276
1044,0.225763,3.45514,1.03591,0,3.99222,2.15,0.830676,0.198611,0.124848,0.53276
1044,0.225763,3.45514,1.03591,0,3.99222,2.15,0.830676,0.198611,0.124848,0.53276
38,0.324827,3.45518,0.986637,0,3.99222,2.15,0.830676,0.198611,0.124848,0.53276
38,0.324827,3.45518,0.986637,0,3.99222,2.15,0.830676,0.198611,0.124848,0.53276
664,0.412861,3.45522,0.899475,0,3.99222,2.15,0.830676,0.198611,0.124848,0.53276
664,0.412861,3.45522,0.899475,0,3.99222,2.15,0.830676,0.198611,0.124848,0.53276
235,0.483045,3.45543,0.785336,0,3.99222,2.15,0.830676,0.198611,0.124848,0.53276
235,0.483045,3.45543,0.785336,0,3.99222,2.15,0.830676,0.198611,0.124848,0.53276
1093,0.528506,3.45576,0.648105,0,3.99222,2.15,0.830676,0.198611,0.124848,0.53276
1093,0.528506,3.45576,0.648105,0,3.99222,2.15,0.830676,0.198611,0.124848,0.53276
60,0.55438,3.45634,0.497845,0,3.99222,2.15,0.830676,0.198611,0.124848,0.53276
1045,-0.320743,3.45768,0.659975,1,3.99222,2.15,0.830676,0.198611,0.124848,0.53276
59,-0.349177,3.45771,0.505815,1,3.99222,2.15,0.830676,0.198611,0.124848,0.53276
187,-0.258348,3.45756,0.795375,1,3.99222,2.15,0.830676,0.198611,0.124848,0.53276
1045,-0.320743,3.45768,0.659975,1,3.99222,2.15,0.830676,0.198611,0.124848,0.53276
616,-0.172277,3.45734,0.901083,1,3.99222,2.15,0.830676,0.198611,0.124848,0.53276
187,-0.258348,3.45756,0.795375,1,3.99222,2.15,0.830676,0.198611,0.124848,0.53276
16,-0.074745,3.45708,0.977387,1,3.99222,2.15,0.830676,0.198611,0.124848,0.53276
616,-0.172277,3.45734,0.901083,1,3.99222,2.15,0.830676,0.198611,0.124848,0.53276
16,-0.074745,3.45708,0.977387,1,3.99222,2.15,0.830676,0.198611,0.124848,0.53276
615,0.0258114,3.45687,1.0186,1,3.99222,2.15,0.830676,0.198611,0.124848,0.53276
615,0.0258114,3.45687,1.0186,1,3.99222,2.15,0.830676,0.198611,0.124848,0.53276
186,0.125033,3.4568,1.03179,1,3.99222,2.15,0.830676,0.198611,0.124848,0.53276
186,0.125033,3.4568,1.03179,1,3.99222,2.15,0.830676,0.198611,0.124848,0.53276
1044,0.224278,3.45687,1.01871,1,3.99222,2.15,0.830676,0.198611,0.124848,0.53276
1044,0.224278,3.45687,1.01871,1,3.99222,2.15,0.830676,0.198611,0.124848,0.53276
38,0.324891,3.45708,0.977545,1,3.99222,2.15,0.830676,0.198611,0.124848,0.53276
38,0.324891,3.45708,0.977545,1,3.99222,2.15,0.830676,0.198611,0.124848,0.53276
664,0.422428,3.45734,0.901199,1,3.99222,2.15,0.830676,0.198611,0.124848,0.53276
664,0.422428,3.45734,0.901199,1,3.99222,2.15,0.830676,0.198611,0.124848,0.53276
235,0.508419,3.45756,0.795426,1,3.99222,2.15,0.830676,0.198611,0.124848,0.53276
235,0.508419,3.45756,0.795426,1,3.99222,2.15,0.830676,0.198611,0.124848,0.53276
1093,0.570703,3.45767,0.660001,1,3.99222,2.15,0.830676,0.198611,0.124848,0.53276
1093,0.570703,3.45767,0.660001,1,3.99222,2.15,0.830676,0.198611,0.124848,0.53276
60,0.599092,3.45771,0.505871,1,3.99222,2.15,0.830676,0.198611,0.124848,0.53276
1045,-0.294821,3.48086,0.656221,0,4.49222,2.15,0.850411,0.198611,0.124842,0.552495
59,-0.32441,3.48135,0.499951,0,4.49222,2.15,0.850411,0.198611,0.124842,0.552495
187,-0.245695,3.48067,0.797374,0,4.49222,2.15,0.850411,0.198611,0.124842,0.552495
1045,-0.294821,3.48086,0.656221,0,4.49222,2.15,0.850411,0.198611,0.124842,0.552495
616,-0.171402,3.48056,0.913965,0,4.49222,2.15,0.850411,0.198611,0.124842,0.552495
187,-0.245695,3.48067,0.797374,0,4.49222,2.15,0.850411,0.198611,0.124842,0.552495
16,-0.0789738,3.48056,1.00183,0,4.49222,2.15,0.850411,0.198611,0.124842,0.552495
616,-0.171402,3.48056,0.913965,0,4.49222,2.15,0.850411,0.198611,0.124842,0.552495
16,-0.0789738,3.48056,1.00183,0,4.49222,2.15,0.850411,0.198611,0.124842,0.552495
615,0.0232859,3.48059,1.05156,0,4.49222,2.15,0.850411,0.198611,0.124842,0.552495
615,0.0232859,3.48059,1.05156,0,4.49222,2.15,0.850411,0.198611,0.124842,0.552495
186,0.125057,3.48062,1.06727,0,4.49222,2.15,0.850411,0.198611,0.124842,0.552495
186,0.125057,3.48062,1.06727,0,4.49222,2.15,0.850411,0.198611,0.124842,0.552495
1044,0.226821,3.48059,1.05156,0,4.49222,2.15,0.850411,0.198611,0.124842,0.552495
1044,0.226821,3.48059,1.05156,0,4.49222,2.15,0.850411,0.198611,0.124842,0.552495
38,0.329094,3.48057,1.00186,0,4.49222,2.15,0.850411,0.198611,0.124842,0.552495
38,0.329094,3.48057,1.00186,0,4.49222,2.15,0.850411,0.198611,0.124842,0.552495
664,0.421458,3.48056,0.913955,0,4.49222,2.15,0.850411,0.198611,0.124842,0.552495
664,0.421458,3.48056,0.913955,0,4.49222,2.15,0.850411,0.198611,0.124842,0.552495
235,0.495746,3.48068,0.797383,0,4.49222,2.15,0.850411,0.198611,0.124842,0.552495
235,0.495746,3.48068,0.797383,0,4.49222,2.15,0.850411,0.198611,0.124842,0.552495
1093,0.544866,3.48086,0.656223,0,4.49222,2.15,0.850411,0.198611,0.124842,0.552495
1093,0.544866,3.48086,0.656223,0,4.49222,2.15,0.850411,0.198611,0.124842,0.552495
60,0.574465,3.48136,0.499971,0,4.49222,2.15,0.850411,0.198611,0.124842,0.552495
1045,-0.342747,3.48557,0.669135,1,4.49222,2.15,0.850411,0.198611,0.124842,0.552495
59,-0.372222,3.48541,0.507321,1,4.49222,2.15,0.850411,0.198611,0.124842,0.552495
187,-0.276079,3.4856,0.809726,1,4.49222,2.15,0.850411,0.198611,0.124842,0.552495
1045,-0.342747,3.48557,0.669135,1,4.49222,2.15,0.850411,0.198611,0.124842,0.552495
616,-0.184218,3.48552,0.91794,1,4.49222,2.15,0.850411,0.198611,0.124842,0.552495
187,-0.276079,3.4856,0.809726,1,4.49222,2.15,0.850411,0.198611,0.124842,0.552495
16,-0.0809198,3.48534,0.994484,1,4.49222,2.15,0.850411,0.198611,0.124842,0.552495
616,-0.184218,3.48552,0.91794,1,4.49222,2.15,0.850411,0.198611,0.124842,0.552495
16,-0.0809198,3.48534,0.994484,1,4.49222,2.15,0.850411,0.198611,0.124842,0.552495
615,0.0241414,3.48518,1.03567,1,4.49222,2.15,0.850411,0.198611,0.124842,0.552495
615,0.0241414,3.48518,1.03567,1,4.49222,2.15,0.850411,0.198611,0.124842,0.552495
186,0.125059,3.48512,1.04895,1,4.49222,2.15,0.850411,0.198611,0.124842,0.552495
186,0.125059,3.48512,1.04895,1,4.49222,2.15,0.850411,0.198611,0.124842,0.552495
1044,0.226007,3.48519,1.0358,1,4.49222,2.15,0.850411,0.198611,0.124842,0.552495
1044,0.226007,3.48519,1.0358,1,4.49222,2.15,0.850411,0.198611,0.124842,0.552495
38,0.331125,3.48535,0.994667,1,4.49222,2.15,0.850411,0.198611,0.124842,0.552495
38,0.331125,3.48535,0.994667,1,4.49222,2.15,0.850411,0.198611,0.124842,0.552495
664,0.434412,3.48552,0.918065,1,4.49222,2.15,0.850411,0.198611,0.124842,0.552495
664,0.434412,3.48552,0.918065,1,4.49222,2.15,0.850411,0.198611,0.124842,0.552495
235,0.526181,3.4856,0.809775,1,4.49222,2.15,0.850411,0.198611,0.124842,0.552495
235,0.526181,3.4856,0.809775,1,4.49222,2.15,0.850411,0.198611,0.124842,0.552495
1093,0.592717,3.48556,0.669155,1,4.49222,2.15,0.850411,0.198611,0.124842,0.552495
1093,0.592717,3.48556,0.669155,1,4.49222,2.15,0.850411,0.198611,0.124842,0.552495
60,0.622149,3.4854,0.507384,1,4.49222,2.15,0.850411,0.198611,0.124842,0.552495
1045,-0.309948,3.50975,0.66418,0,4.99222,2.15,0.869446,0.198611,0.124834,0.57153
59,-0.342565,3.51007,0.502606,0,4.99222,2.15,0.869446,0.198611,0.124834,0.57153
187,-0.25797,3.50967,0.809119,0,4.99222,2.15,0.869446,0.198611,0.124834,0.57153
1045,-0.309948,3.50975,0.66418,0,4.99222,2.15,0.869446,0.198611,0.124834,0.57153
616,-0.179989,3.50961,0.928063,0,4.99222,2.15,0.869446,0.198611,0.124834,0.57153
187,-0.25797,3.50967,0.809119,0,4.99222,2.15,0.869446,0.198611,0.124834,0.57153
16,-0.0835804,3.50958,1.01679,0,4.99222,2.15,0.869446,0.198611,0.124834,0.57153
616,-0.179989,3.50961,0.928063,0,4.99222,2.15,0.869446,0.198611,0.124834,0.57153
16,-0.0835804,3.50958,1.01679,0,4.99222,2.15,0.869446,0.198611,0.124834,0.57153
615,0.021987,3.50958,1.06691,0,4.99222,2.15,0.869446,0.198611,0.124834,0.57153
615,0.021987,3.50958,1.06691,0,4.99222,2.15,0.869446,0.198611,0.124834,0.57153
186,0.125023,3.5096,1.08282,0,4.99222,2.15,0.869446,0.198611,0.124834,0.57153
186,0.125023,3.5096,1.08282,0,4.99222,2.15,0.869446,0.198611,0.124834,0.57153
1044,0.228049,3.50957,1.0669,0,4.99222,2.15,0.869446,0.198611,0.124834,0.57153
1044,0.228049,3.50957,1.0669,0,4.99222,2.15,0.869446,0.198611,0.124834,0.57153
38,0.333605,3.50957,1.0168,0,4.99222,2.15,0.869446,0.198611,0.124834,0.57153
38,0.333605,3.50957,1.0168,0,4.99222,2.15,0.869446,0.198611,0.124834,0.57153
664,0.430024,3.50961,0.928074,0,4.99222,2.15,0.869446,0.198611,0.124834,0.57153
664,0.430024,3.50961,0.928074,0,4.99222,2.15,0.869446,0.198611,0.124834,0.57153
235,0.508061,3.50967,0.809115,0,4.99222,2.15,0.869446,0.198611,0.124834,0.57153
235,0.508061,3.50967,0.809115,0,4.99222,2.15,0.869446,0.198611,0.124834,0.57153
1093,0.559988,3.50976,0.664204,0,4.99222,2.15,0.869446,0.198611,0.124834,0.57153
1093,0.559988,3.50976,0.664204,0,4.99222,2.15,0.869446,0.198611,0.124834,0.57153
60,0.592564,3.51006,0.502654,0,4.99222,2.15,0.869446,0.198611,0.124834,0.57153
1045,-0.365569,3.51346,0.677137,1,4.99222,2.15,0.869446,0.198611,0.124834,0.57153
59,-0.39602,3.51322,0.50826,1,4.99222,2.15,0.869446,0.198611,0.124834,0.57153
187,-0.295033,3.51359,0.823007,1,4.99222,2.15,0.869446,0.198611,0.124834,0.57153
1045,-0.365569,3.51346,0.677137,1,4.99222,2.15,0.869446,0.198611,0.124834,0.57153
616,-0.197349,3.51357,0.933994,1,4.99222,2.15,0.869446,0.198611,0.124834,0.57153
187,-0.295033,3.51359,0.823007,1,4.99222,2.15,0.869446,0.198611,0.124834,0.57153
16,-0.0878889,3.51344,1.01075,1,4.99222,2.15,0.869446,0.198611,0.124834,0.57153
616,-0.197349,3.51357,0.933994,1,4.99222,2.15,0.869446,0.198611,0.124834,0.57153
16,-0.0878889,3.51344,1.01075,1,4.99222,2.15,0.869446,0.198611,0.124834,0.57153
615,0.0221276,3.51331,1.05143,1,4.99222,2.15,0.869446,0.198611,0.124834,0.57153
615,0.0221276,3.51331,1.05143,1,4.99222,2.15,0.869446,0.198611,0.124834,0.57153
186,0.125051,3.51325,1.06458,1,4.99222,2.15,0.869446,0.198611,0.124834,0.57153
186,0.125051,3.51325,1.06458,1,4.99222,2.15,0.869446,0.198611,0.124834,0.57153
1044,0.227998,3.51331,1.05157,1,4.99222,2.15,0.869446,0.198611,0.124834,0.57153
1044,0.227998,3.51331,1.05157,1,4.99222,2.15,0.869446,0.198611,0.124834,0.57153
38,0.33807,3.51345,1.01095,1,4.99222,2.15,0.869446,0.198611,0.124834,0.57153
38,0.33807,3.51345,1.01095,1,4.99222,2.15,0.869446,0.198611,0.124834,0.57153
664,0.447517,3.51358,0.934138,1,4.99222,2.15,0.869446,0.198611,0.124834,0.57153
664,0.447517,3.51358,0.934138,1,4.99222,2.15,0.869446,0.198611,0.124834,0.57153
235,0.545102,3.51359,0.823073,1,4.99222,2.15,0.869446,0.198611,0.124834,0.57153
235,0.545102,3.51359,0.823073,1,4.99222,2.15,0.869446,0.198611,0.124834,0.57153
1093,0.615502,3.51346,0.677179,1,4.99222,2.15,0.869446,0.198611,0.124834,0.57153
1093,0.615502,3.51346,0.677179,1,4.99222,2.15,0.869446,0.198611,0.124834,0.57153
60,0.64591,3.51322,0.508346,1,4.99222,2.15,0.869446,0.198611,0.124834,0.57153
1045,-0.323621,3.53899,0.670849,0,5.49222,2.15,0.88686,0.198611,0.124832,0.588944
59,-0.35897,3.53914,0.504363,0,5.49222,2.15,0.88686,0.198611,0.124832,0.588944
187,-0.269182,3.53896,0.819481,0,5.49222,2.15,0.88686,0.198611,0.124832,0.588944
1045,-0.323621,3.53899,0.670849,0,5.49222,2.15,0.88686,0.198611,0.124832,0.588944
616,-0.18806,3.53892,0.941104,0,5.49222,2.15,0.88686,0.198611,0.124832,0.588944
187,-0.269182,3.53896,0.819481,0,5.49222,2.15,0.88686,0.198611,0.124832,0.588944
16,-0.0881456,3.53888,1.03115,0,5.49222,2.15,0.88686,0.198611,0.124832,0.588944
616,-0.18806,3.53892,0.941104,0,5.49222,2.15,0.88686,0.198611,0.124832,0.588944
16,-0.0881456,3.53888,1.03115,0,5.49222,2.15,0.88686,0.198611,0.124832,0.588944
615,0.0206358,3.53884,1.08195,0,5.49222,2.15,0.88686,0.198611,0.124832,0.588944
615,0.0206358,3.53884,1.08195,0,5.49222,2.15,0.88686,0.198611,0.124832,0.588944
186,0.125016,3.53886,1.09811,0,5.49222,2.15,0.88686,0.198611,0.124832,0.588944
186,0.125016,3.53886,1.09811,0,5.49222,2.15,0.88686,0.198611,0.124832,0.588944
1044,0.229369,3.53884,1.08193,0,5.49222,2.15,0.88686,0.198611,0.124832,0.588944
1044,0.229369,3.53884,1.08193,0,5.49222,2.15,0.88686,0.198611,0.124832,0.588944
38,0.338141,3.53888,1.03111,0,5.49222,2.15,0.88686,0.198611,0.124832,0.588944
38,0.338141,3.53888,1.03111,0,5.49222,2.15,0.88686,0.198611,0.124832,0.588944
664,0.438091,3.53892,0.941059,0,5.49222,2.15,0.88686,0.198611,0.124832,0.588944
664,0.438091,3.53892,0.941059,0,5.49222,2.15,0.88686,0.198611,0.124832,0.588944
235,0.519223,3.53896,0.819481,0,5.49222,2.15,0.88686,0.198611,0.124832,0.588944
235,0.519223,3.53896,0.819481,0,5.49222,2.15,0.88686,0.198611,0.124832,0.588944
1093,0.573672,3.53899,0.670878,0,5.49222,2.15,0.88686,0.198611,0.124832,0.588944
1093,0.573672,3.53899,0.670878,0,5.49222,2.15,0.88686,0.198611,0.124832,0.588944
60,0.609034,3.53914,0.504399,0,5.49222,2.15,0.88686,0.198611,0.124832,0.588944
1045,-0.383294,3.54093,0.683976,1,5.49222,2.15,0.88686,0.198611,0.124832,0.588944
59,-0.415496,3.54055,0.509078,1,5.49222,2.15,0.88686,0.198611,0.124832,0.588944
187,-0.30951,3.54119,0.834333,1,5.49222,2.15,0.88686,0.198611,0.124832,0.588944
1045,-0.383294,3.54093,0.683976,1,5.49222,2.15,0.88686,0.198611,0.124832,0.588944
616,-0.207587,3.54128,0.948132,1,5.49222,2.15,0.88686,0.198611,0.124832,0.588944
187,-0.30951,3.54119,0.834333,1,5.49222,2.15,0.88686,0.198611,0.124832,0.588944
16,-0.0937238,3.54121,1.02614,1,5.49222,2.15,0.88686,0.198611,0.124832,0.588944
616,-0.207587,3.54128,0.948132,1,5.49222,2.15,0.88686,0.198611,0.124832,0.588944
16,-0.0937238,3.54121,1.02614,1,5.49222,2.15,0.88686,0.198611,0.124832,0.588944
615,0.0202604,3.54111,1.06755,1,5.49222,2.15,0.88686,0.198611,0.124832,0.588944
615,0.0202604,3.54111,1.06755,1,5.49222,2.15,0.88686,0.198611,0.124832,0.588944
186,0.125118,3.54105,1.08102,1,5.49222,2.15,0.88686,0.198611,0.124832,0.588944
186,0.125118,3.54105,1.08102,1,5.49222,2.15,0.88686,0.198611,0.124832,0.588944
1044,0.230004,3.54111,1.06766,1,5.49222,2.15,0.88686,0.198611,0.124832,0.588944
1044,0.230004,3.54111,1.06766,1,5.49222,2.15,0.88686,0.198611,0.124832,0.588944
38,0.344042,3.54121,1.02629,1,5.49222,2.15,0.88686,0.198611,0.124832,0.588944
38,0.344042,3.54121,1.02629,1,5.49222,2.15,0.88686,0.198611,0.124832,0.588944
664,0.457873,3.54126,0.948216,1,5.49222,2.15,0.88686,0.198611,0.124832,0.588944
664,0.457873,3.54126,0.948216,1,5.49222,2.15,0.88686,0.198611,0.124832,0.588944
235,0.559695,3.54117,0.834358,1,5.49222,2.15,0.88686,0.198611,0.124832,0.588944
235,0.559695,3.54117,0.834358,1,5.49222,2.15,0.88686,0.198611,0.124832,0.588944
1093,0.633374,3.54091,0.683993,1,5.49222,2.15,0.88686,0.198611,0.124832,0.588944
1093,0.633374,3.54091,0.683993,1,5.49222,2.15,0.88686,0.198611,0.124832,0.588944
60,0.665548,3.54053,0.509133,1,5.49222,2.15,0.88686,0.198611,0.124832,0.588944
1045,-0.33661,3.56709,0.677505,0,5.99222,2.15,0.902793,0.198611,0.124818,0.604877
59,-0.374343,3.56716,0.506385,0,5.99222,2.15,0.902793,0.198611,0.124818,0.604877
187,-0.27989,3.56714,0.829574,0,5.99222,2.15,0.902793,0.198611,0.124818,0.604877
1045,-0.33661,3.56709,0.677505,0,5.99222,2.15,0.902793,0.198611,0.124818,0.604877
616,-0.195753,3.56715,0.953549,0,5.99222,2.15,0.902793,0.198611,0.124818,0.604877
187,-0.27989,3.56714,0.829574,0,5.99222,2.15,0.902793,0.198611,0.124818,0.604877
16,-0.0924413,3.56714,1.04463,0,5.99222,2.15,0.902793,0.198611,0.124818,0.604877
616,-0.195753,3.56715,0.953549,0,5.99222,2.15,0.902793,0.198611,0.124818,0.604877
16,-0.0924413,3.56714,1.04463,0,5.99222,2.15,0.902793,0.198611,0.124818,0.604877
615,0.019327,3.56712,1.09588,0,5.99222,2.15,0.902793,0.198611,0.124818,0.604877
615,0.019327,3.56712,1.09588,0,5.99222,2.15,0.902793,0.198611,0.124818,0.604877
186,0.125013,3.56711,1.11236,0,5.99222,2.15,0.902793,0.198611,0.124818,0.604877
186,0.125013,3.56711,1.11236,0,5.99222,2.15,0.902793,0.198611,0.124818,0.604877
1044,0.230704,3.56713,1.09587,0,5.99222,2.15,0.902793,0.198611,0.124818,0.604877
1044,0.230704,3.56713,1.09587,0,5.99222,2.15,0.902793,0.198611,0.124818,0.604877
38,0.342486,3.56715,1.04462,0,5.99222,2.15,0.902793,0.198611,0.124818,0.604877
38,0.342486,3.56715,1.04462,0,5.99222,2.15,0.902793,0.198611,0.124818,0.604877
664,0.445792,3.56717,0.953544,0,5.99222,2.15,0.902793,0.198611,0.124818,0.604877
664,0.445792,3.56717,0.953544,0,5.99222,2.15,0.902793,0.198611,0.124818,0.604877
235,0.529926,3.56714,0.829582,0,5.99222,2.15,0.902793,0.198611,0.124818,0.604877
235,0.529926,3.56714,0.829582,0,5.99222,2.15,0.902793,0.198611,0.124818,0.604877
1093,0.586658,3.5671,0.677526,0,5.99222,2.15,0.902793,0.198611,0.124818,0.604877
1093,0.586658,3.5671,0.677526,0,5.99222,2.15,0.902793,0.198611,0.124818,0.604877
60,0.624371,3.56716,0.506427,0,5.99222,2.15,0.902793,0.198611,0.124818,0.604877
1045,-0.399626,3.56764,0.69003,1,5.99222,2.15,0.902793,0.198611,0.124818,0.604877
59,-0.433685,3.56714,0.509651,1,5.99222,2.15,0.902793,0.198611,0.124818,0.604877
187,-0.322884,3.568,0.844559,1,5.99222,2.15,0.902793,0.198611,0.124818,0.604877
1045,-0.399626,3.56764,0.69003,1,5.99222,2.15,0.902793,0.198611,0.124818,0.604877
616,-0.217192,3.56817,0.961129,1,5.99222,2.15,0.902793,0.198611,0.124818,0.604877
187,-0.322884,3.568,0.844559,1,5.99222,2.15,0.902793,0.198611,0.124818,0.604877
16,-0.0993689,3.56815,1.04057,1,5.99222,2.15,0.902793,0.198611,0.124818,0.604877
616,-0.217192,3.56817,0.961129,1,5.99222,2.15,0.902793,0.198611,0.124818,0.604877
16,-0.0993689,3.56815,1.04057,1,5.99222,2.15,0.902793,0.198611,0.124818,0.604877
615,0.0183076,3.56807,1.08282,1,5.99222,2.15,0.902793,0.198611,0.124818,0.604877
615,0.0183076,3.56807,1.08282,1,5.99222,2.15,0.902793,0.198611,0.124818,0.604877
186,0.12508,3.56803,1.09666,1,5.99222,2.15,0.902793,0.198611,0.124818,0.604877
186,0.12508,3.56803,1.09666,1,5.99222,2.15,0.902793,0.198611,0.124818,0.604877
1044,0.231884,3.56808,1.08294,1,5.99222,2.15,0.902793,0.198611,0.124818,0.604877
1044,0.231884,3.56808,1.08294,1,5.99222,2.15,0.902793,0.198611,0.124818,0.604877
38,0.349611,3.56815,1.04073,1,5.99222,2.15,0.902793,0.198611,0.124818,0.604877
38,0.349611,3.56815,1.04073,1,5.99222,2.15,0.902793,0.198611,0.124818,0.604877
664,0.467407,3.56816,0.961228,1,5.99222,2.15,0.902793,0.198611,0.124818,0.604877
664,0.467407,3.56816,0.961228,1,5.99222,2.15,0.902793,0.198611,0.124818,0.604877
235,0.572989,3.56799,0.844592,1,5.99222,2.15,0.902793,0.198611,0.124818,0.604877
235,0.572989,3.56799,0.844592,1,5.99222,2.15,0.902793,0.198611,0.124818,0.604877
1093,0.649616,3.56763,0.690056,1,5.99222,2.15,0.902793,0.198611,0.124818,0.604877
1093,0.649616,3.56763,0.690056,1,5.99222,2.15,0.902793,0.198611,0.124818,0.604877
60,0.683652,3.56713,0.509719,1,5.99222,2.15,0.902793,0.198611,0.124818,0.604877
1045,-0.348897,3.59384,0.683141,0,6.49222,2.15,0.917419,0.198611,0.124821,0.619502
59,-0.389038,3.59382,0.507709,0,6.49222,2.15,0.917419,0.198611,0.124821,0.619502
187,-0.289914,3.59395,0.838516,0,6.49222,2.15,0.917419,0.198611,0.124821,0.619502
1045,-0.348897,3.59384,0.683141,0,6.49222,2.15,0.917419,0.198611,0.124821,0.619502
616,-0.203016,3.59401,0.964892,0,6.49222,2.15,0.917419,0.198611,0.124821,0.619502
187,-0.289914,3.59395,0.838516,0,6.49222,2.15,0.917419,0.198611,0.124821,0.619502
16,-0.096664,3.594,1.05738,0,6.49222,2.15,0.917419,0.198611,0.124821,0.619502
616,-0.203016,3.59401,0.964892,0,6.49222,2.15,0.917419,0.198611,0.124821,0.619502
16,-0.096664,3.594,1.05738,0,6.49222,2.15,0.917419,0.198611,0.124821,0.619502
615,0.0179662,3.59396,1.10943,0,6.49222,2.15,0.917419,0.198611,0.124821,0.619502
615,0.0179662,3.59396,1.10943,0,6.49222,2.15,0.917419,0.198611,0.124821,0.619502
186,0.125023,3.59396,1.12629,0,6.49222,2.15,0.917419,0.198611,0.124821,0.619502
186,0.125023,3.59396,1.12629,0,6.49222,2.15,0.917419,0.198611,0.124821,0.619502
1044,0.232088,3.59397,1.10942,0,6.49222,2.15,0.917419,0.198611,0.124821,0.619502
1044,0.232088,3.59397,1.10942,0,6.49222,2.15,0.917419,0.198611,0.124821,0.619502
38,0.346719,3.594,1.05735,0,6.49222,2.15,0.917419,0.198611,0.124821,0.619502
38,0.346719,3.594,1.05735,0,6.49222,2.15,0.917419,0.198611,0.124821,0.619502
664,0.453062,3.59401,0.964884,0,6.49222,2.15,0.917419,0.198611,0.124821,0.619502
664,0.453062,3.59401,0.964884,0,6.49222,2.15,0.917419,0.198611,0.124821,0.619502
235,0.539956,3.59395,0.838528,0,6.49222,2.15,0.917419,0.198611,0.124821,0.619502
235,0.539956,3.59395,0.838528,0,6.49222,2.15,0.917419,0.198611,0.124821,0.619502
1093,0.59895,3.59384,0.683176,0,6.49222,2.15,0.917419,0.198611,0.124821,0.619502
1093,0.59895,3.59384,0.683176,0,6.49222,2.15,0.917419,0.198611,0.124821,0.619502
60,0.639095,3.59381,0.507754,0,6.49222,2.15,0.917419,0.198611,0.124821,0.619502
1045,-0.414847,3.59348,0.695572,1,6.49222,2.15,0.917419,0.198611,0.124821,0.619502
59,-0.450784,3.59286,0.510124,1,6.49222,2.15,0.917419,0.198611,0.124821,0.619502
187,-0.335355,3.59394,0.853998,1,6.49222,2.15,0.917419,0.198611,0.124821,0.619502
1045,-0.414847,3.59348,0.695572,1,6.49222,2.15,0.917419,0.198611,0.124821,0.619502
616,-0.226219,3.5942,0.973245,1,6.49222,2.15,0.917419,0.198611,0.124821,0.619502
187,-0.335355,3.59394,0.853998,1,6.49222,2.15,0.917419,0.198611,0.124821,0.619502
16,-0.104756,3.59423,1.05418,1,6.49222,2.15,0.917419,0.198611,0.124821,0.619502
616,-0.226219,3.5942,0.973245,1,6.49222,2.15,0.917419,0.198611,0.124821,0.619502
16,-0.104756,3.59423,1.05418,1,6.49222,2.15,0.917419,0.198611,0.124821,0.619502
615,0.0163826,3.59418,1.09731,1,6.49222,2.15,0.917419,0.198611,0.124821,0.619502
615,0.0163826,3.59418,1.09731,1,6.49222,2.15,0.917419,0.198611,0.124821,0.619502
186,0.125043,3.59414,1.11151,1,6.49222,2.15,0.917419,0.198611,0.124821,0.619502
186,0.125043,3.59414,1.11151,1,6.49222,2.15,0.917419,0.198611,0.124821,0.619502
1044,0.233735,3.59418,1.09743,1,6.49222,2.15,0.917419,0.198611,0.124821,0.619502
1044,0.233735,3.59418,1.09743,1,6.49222,2.15,0.917419,0.198611,0.124821,0.619502
38,0.354925,3.59424,1.05436,1,6.49222,2.15,0.917419,0.198611,0.124821,0.619502
38,0.354925,3.59424,1.05436,1,6.49222,2.15,0.917419,0.198611,0.124821,0.619502
664,0.476368,3.59419,0.973367,1,6.49222,2.15,0.917419,0.198611,0.124821,0.619502
664,0.476368,3.59419,0.973367,1,6.49222,2.15,0.917419,0.198611,0.124821,0.619502
235,0.585399,3.59394,0.854049,1,6.49222,2.15,0.917419,0.198611,0.124821,0.619502
235,0.585399,3.59394,0.854049,1,6.49222,2.15,0.917419,0.198611,0.124821,0.619502
1093,0.66477,3.59348,0.695615,1,6.49222,2.15,0.917419,0.198611,0.124821,0.619502
1093,0.66477,3.59348,0.695615,1,6.49222,2.15,0.917419,0.198611,0.124821,0.619502
60,0.700683,3.59287,0.510209,1,6.49222,2.15,0.917419,0.198611,0.124821,0.619502
1045,-0.360423,3.61885,0.688575,0,6.99222,2.15,0.930448,0.198611,0.124824,0.632531
59,-0.402776,3.61872,0.50901,0,6.99222,2.15,0.930448,0.198611,0.124824,0.632531
187,-0.299389,3.61901,0.847085,0,6.99222,2.15,0.930448,0.198611,0.124824,0.632531
1045,-0.360423,3.61885,0.688575,0,6.99222,2.15,0.930448,0.198611,0.124824,0.632531
616,-0.209907,3.61914,0.975739,0,6.99222,2.15,0.930448,0.198611,0.124824,0.632531
187,-0.299389,3.61901,0.847085,0,6.99222,2.15,0.930448,0.198611,0.124824,0.632531
16,-0.100681,3.61915,1.06948,0,6.99222,2.15,0.930448,0.198611,0.124824,0.632531
616,-0.209907,3.61914,0.975739,0,6.99222,2.15,0.930448,0.198611,0.124824,0.632531
16,-0.100681,3.61915,1.06948,0,6.99222,2.15,0.930448,0.198611,0.124824,0.632531
615,0.0166384,3.61912,1.1222,0,6.99222,2.15,0.930448,0.198611,0.124824,0.632531
615,0.0166384,3.61912,1.1222,0,6.99222,2.15,0.930448,0.198611,0.124824,0.632531
186,0.125021,3.61913,1.13941,0,6.99222,2.15,0.930448,0.198611,0.124824,0.632531
186,0.125021,3.61913,1.13941,0,6.99222,2.15,0.930448,0.198611,0.124824,0.632531
1044,0.233419,3.61913,1.12221,0,6.99222,2.15,0.930448,0.198611,0.124824,0.632531
1044,0.233419,3.61913,1.12221,0,6.99222,2.15,0.930448,0.198611,0.124824,0.632531
38,0.350751,3.61915,1.06948,0,6.99222,2.15,0.930448,0.198611,0.124824,0.632531
38,0.350751,3.61915,1.06948,0,6.99222,2.15,0.930448,0.198611,0.124824,0.632531
664,0.459972,3.61914,0.97573,0,6.99222,2.15,0.930448,0.198611,0.124824,0.632531
664,0.459972,3.61914,0.97573,0,6.99222,2.15,0.930448,0.198611,0.124824,0.632531
235,0.549446,3.61903,0.847077,0,6.99222,2.15,0.930448,0.198611,0.124824,0.632531
235,0.549446,3.61903,0.847077,0,6.99222,2.15,0.930448,0.198611,0.124824,0.632531
1093,0.610478,3.61885,0.688585,0,6.99222,2.15,0.930448,0.198611,0.124824,0.632531
1093,0.610478,3.61885,0.688585,0,6.99222,2.15,0.930448,0.198611,0.124824,0.632531
60,0.652826,3.61871,0.509051,0,6.99222,2.15,0.930448,0.198611,0.124824,0.632531
1045,-0.42907,3.61838,0.70068,1,6.99222,2.15,0.930448,0.198611,0.124824,0.632531
59,-0.466834,3.61767,0.510483,1,6.99222,2.15,0.930448,0.198611,0.124824,0.632531
187,-0.347025,3.61892,0.862799,1,6.99222,2.15,0.930448,0.198611,0.124824,0.632531
1045,-0.42907,3.61838,0.70068,1,6.99222,2.15,0.930448,0.198611,0.124824,0.632531
616,-0.234693,3.61923,0.984652,1,6.99222,2.15,0.930448,0.198611,0.124824,0.632531
187,-0.347025,3.61892,0.862799,1,6.99222,2.15,0.930448,0.198611,0.124824,0.632531
16,-0.109819,3.6193,1.06708,1,6.99222,2.15,0.930448,0.198611,0.124824,0.632531
616,-0.234693,3.61923,0.984652,1,6.99222,2.15,0.930448,0.198611,0.124824,0.632531
16,-0.109819,3.6193,1.06708,1,6.99222,2.15,0.930448,0.198611,0.124824,0.632531
615,0.0145859,3.61926,1.11108,1,6.99222,2.15,0.930448,0.198611,0.124824,0.632531
615,0.0145859,3.61926,1.11108,1,6.99222,2.15,0.930448,0.198611,0.124824,0.632531
186,0.125093,3.61923,1.12565,1,6.99222,2.15,0.930448,0.198611,0.124824,0.632531
186,0.125093,3.61923,1.12565,1,6.99222,2.15,0.930448,0.198611,0.124824,0.632531
1044,0.235629,3.61927,1.1112,1,6.99222,2.15,0.930448,0.198611,0.124824,0.632531
1044,0.235629,3.61927,1.1112,1,6.99222,2.15,0.930448,0.198611,0.124824,0.632531
38,0.360081,3.6193,1.06724,1,6.99222,2.15,0.930448,0.198611,0.124824,0.632531
38,0.360081,3.6193,1.06724,1,6.99222,2.15,0.930448,0.198611,0.124824,0.632531
664,0.484926,3.61922,0.984744,1,6.99222,2.15,0.930448,0.198611,0.124824,0.632531
664,0.484926,3.61922,0.984744,1,6.99222,2.15,0.930448,0.198611,0.124824,0.632531
235,0.597144,3.61891,0.862827,1,6.99222,2.15,0.930448,0.198611,0.124824,0.632531
235,0.597144,3.61891,0.862827,1,6.99222,2.15,0.930448,0.198611,0.124824,0.632531
1093,0.679074,3.61837,0.700708,1,6.99222,2.15,0.930448,0.198611,0.124824,0.632531
1093,0.679074,3.61837,0.700708,1,6.99222,2.15,0.930448,0.198611,0.124824,0.632531
60,0.716814,3.61767,0.510553,1,6.99222,2.15,0.930448,0.198611,0.124824,0.632531
1045,-0.37147,3.6435,0.693503,0,7.49222,2.15,0.942777,0.198611,0.124817,0.644861
59,-0.41589,3.64328,0.510015,0,7.49222,2.15,0.942777,0.198611,0.124817,0.644861
187,-0.30849,3.64373,0.855059,0,7.49222,2.15,0.942777,0.198611,0.124817,0.644861
1045,-0.37147,3.6435,0.693503,0,7.49222,2.15,0.942777,0.198611,0.124817,0.644861
616,-0.216595,3.64386,0.985977,0,7.49222,2.15,0.942777,0.198611,0.124817,0.644861
187,-0.30849,3.64373,0.855059,0,7.49222,2.15,0.942777,0.198611,0.124817,0.644861
16,-0.104688,3.64388,1.08109,0,7.49222,2.15,0.942777,0.198611,0.124817,0.644861
616,-0.216595,3.64386,0.985977,0,7.49222,2.15,0.942777,0.198611,0.124817,0.644861
16,-0.104688,3.64388,1.08109,0,7.49222,2.15,0.942777,0.198611,0.124817,0.644861
615,0.0152336,3.64384,1.13463,0,7.49222,2.15,0.942777,0.198611,0.124817,0.644861
615,0.0152336,3.64384,1.13463,0,7.49222,2.15,0.942777,0.198611,0.124817,0.644861
186,0.125033,3.64383,1.15217,0,7.49222,2.15,0.942777,0.198611,0.124817,0.644861
186,0.125033,3.64383,1.15217,0,7.49222,2.15,0.942777,0.198611,0.124817,0.644861
1044,0.234835,3.64385,1.13462,0,7.49222,2.15,0.942777,0.198611,0.124817,0.644861
1044,0.234835,3.64385,1.13462,0,7.49222,2.15,0.942777,0.198611,0.124817,0.644861
38,0.354753,3.64389,1.08108,0,7.49222,2.15,0.942777,0.198611,0.124817,0.644861
38,0.354753,3.64389,1.08108,0,7.49222,2.15,0.942777,0.198611,0.124817,0.644861
664,0.466647,3.64386,0.985952,0,7.49222,2.15,0.942777,0.198611,0.124817,0.644861
664,0.466647,3.64386,0.985952,0,7.49222,2.15,0.942777,0.198611,0.124817,0.644861
235,0.558552,3.64372,0.85504,0,7.49222,2.15,0.942777,0.198611,0.124817,0.644861
235,0.558552,3.64372,0.85504,0,7.49222,2.15,0.942777,0.198611,0.124817,0.644861
1093,0.621538,3.6435,0.693502,0,7.49222,2.15,0.942777,0.198611,0.124817,0.644861
1093,0.621538,3.6435,0.693502,0,7.49222,2.15,0.942777,0.198611,0.124817,0.644861
60,0.665955,3.64328,0.510055,0,7.49222,2.15,0.942777,0.198611,0.124817,0.644861
1045,-0.446953,3.64221,0.705732,1,7.49222,2.15,0.942777,0.198611,0.124817,0.644861
59,-0.485529,3.64141,0.510481,1,7.49222,2.15,0.942777,0.198611,0.124817,0.644861
187,-0.362415,3.64284,0.872129,1,7.49222,2.15,0.942777,0.198611,0.124817,0.644861
1045,-0.446953,3.64221,0.705732,1,7.49222,2.15,0.942777,0.198611,0.124817,0.644861
616,-0.245973,3.64321,0.99675,1,7.49222,2.15,0.942777,0.198611,0.124817,0.644861
187,-0.362415,3.64284,0.872129,1,7.49222,2.15,0.942777,0.198611,0.124817,0.644861
16,-0.116337,3.64331,1.08,1,7.49222,2.15,0.942777,0.198611,0.124817,0.644861
616,-0.245973,3.64321,0.99675,1,7.49222,2.15,0.942777,0.198611,0.124817,0.644861
16,-0.116337,3.64331,1.08,1,7.49222,2.15,0.942777,0.198611,0.124817,0.644861
615,0.0123125,3.64328,1.12383,1,7.49222,2.15,0.942777,0.198611,0.124817,0.644861
615,0.0123125,3.64328,1.12383,1,7.49222,2.15,0.942777,0.198611,0.124817,0.644861
186,0.12511,3.64325,1.13831,1,7.49222,2.15,0.942777,0.198611,0.124817,0.644861
186,0.12511,3.64325,1.13831,1,7.49222,2.15,0.942777,0.198611,0.124817,0.644861
1044,0.237939,3.64329,1.12396,1,7.49222,2.15,0.942777,0.198611,0.124817,0.644861
1044,0.237939,3.64329,1.12396,1,7.49222,2.15,0.942777,0.198611,0.124817,0.644861
38,0.36663,3.64332,1.08016,1,7.49222,2.15,0.942777,0.198611,0.124817,0.644861
38,0.36663,3.64332,1.08016,1,7.49222,2.15,0.942777,0.198611,0.124817,0.644861
664,0.496223,3.6432,0.996845,1,7.49222,2.15,0.942777,0.198611,0.124817,0.644861
664,0.496223,3.6432,0.996845,1,7.49222,2.15,0.942777,0.198611,0.124817,0.644861
235,0.612539,3.64283,0.872154,1,7.49222,2.15,0.942777,0.198611,0.124817,0.644861
235,0.612539,3.64283,0.872154,1,7.49222,2.15,0.942777,0.198611,0.124817,0.644861
1093,0.696954,3.64221,0.705757,1,7.49222,2.15,0.942777,0.198611,0.124817,0.644861
1093,0.696954,3.64221,0.705757,1,7.49222,2.15,0.942777,0.198611,0.124817,0.644861
60,0.735508,3.64141,0.510555,1,7.49222,2.15,0.942777,0.198611,0.124817,0.644861
