id,x,y,z,ablated,v,bulkheadyoungs,nickdepth,nickw,nickc,bbmin
1045,-0.249378,3.42832,0.639347,0,3.49222,10,0.800381,0.198611,0.124845,0.502464
59,-0.269118,3.42856,0.497487,0,3.49222,10,0.800381,0.198611,0.124845,0.502464
187,-0.209324,3.428,0.771053,0,3.49222,10,0.800381,0.198611,0.124845,0.502464
1045,-0.249378,3.42832,0.639347,0,3.49222,10,0.800381,0.198611,0.124845,0.502464
616,-0.146619,3.42761,0.882811,0,3.49222,10,0.800381,0.198611,0.124845,0.502464
187,-0.209324,3.428,0.771053,0,3.49222,10,0.800381,0.198611,0.124845,0.502464
16,-0.0675886,3.42731,0.971454,0,3.49222,10,0.800381,0.198611,0.124845,0.502464
616,-0.146619,3.42761,0.882811,0,3.49222,10,0.800381,0.198611,0.124845,0.502464
16,-0.0675886,3.42731,0.971454,0,3.49222,10,0.800381,0.198611,0.124845,0.502464
615,0.0257649,3.4271,1.02263,0,3.49222,10,0.800381,0.198611,0.124845,0.502464
615,0.0257649,3.4271,1.02263,0,3.49222,10,0.800381,0.198611,0.124845,0.502464
186,0.125,3.42707,1.03923,0,3.49222,10,0.800381,0.198611,0.124845,0.502464
186,0.125,3.42707,1.03923,0,3.49222,10,0.800381,0.198611,0.124845,0.502464
1044,0.22423,3.42716,1.02267,0,3.49222,10,0.800381,0.198611,0.124845,0.502464
1044,0.22423,3.42716,1.02267,0,3.49222,10,0.800381,0.198611,0.124845,0.502464
38,0.317572,3.42733,0.971427,0,3.49222,10,0.800381,0.198611,0.124845,0.502464
38,0.317572,3.42733,0.971427,0,3.49222,10,0.800381,0.198611,0.124845,0.502464
664,0.396629,3.42764,0.882822,0,3.49222,10,0.800381,0.198611,0.124845,0.502464
664,0.396629,3.42764,0.882822,0,3.49222,10,0.800381,0.198611,0.124845,0.502464
235,0.459372,3.42792,0.771071,0,3.49222,10,0.800381,0.198611,0.124845,0.502464
235,0.459372,3.42792,0.771071,0,3.49222,10,0.800381,0.198611,0.124845,0.502464
1093,0.49932,3.42825,0.639341,0,3.49222,10,0.800381,0.198611,0.124845,0.502464
1093,0.49932,3.42825,0.639341,0,3.49222,10,0.800381,0.198611,0.124845,0.502464
60,0.51914,3.42837,0.497602,0,3.49222,10,0.800381,0.198611,0.124845,0.502464
1045,-0.269721,3.43618,0.645874,1,3.49222,10,0.800381,0.198611,0.124845,0.502464
59,-0.297006,3.43613,0.504403,1,3.49222,10,0.800381,0.198611,0.124845,0.502464
187,-0.219248,3.43608,0.774602,1,3.49222,10,0.800381,0.198611,0.124845,0.502464
1045,-0.269721,3.43618,0.645874,1,3.49222,10,0.800381,0.198611,0.124845,0.502464
616,-0.148072,3.43585,0.880215,1,3.49222,10,0.800381,0.198611,0.124845,0.502464
187,-0.219248,3.43608,0.774602,1,3.49222,10,0.800381,0.198611,0.124845,0.502464
16,-0.0645158,3.43564,0.961817,1,3.49222,10,0.800381,0.198611,0.124845,0.502464
616,-0.148072,3.43585,0.880215,1,3.49222,10,0.800381,0.198611,0.124845,0.502464
16,-0.0645158,3.43564,0.961817,1,3.49222,10,0.800381,0.198611,0.124845,0.502464
615,0.0282676,3.43538,1.00714,1,3.49222,10,0.800381,0.198611,0.124845,0.502464
615,0.0282676,3.43538,1.00714,1,3.49222,10,0.800381,0.198611,0.124845,0.502464
186,0.124968,3.43521,1.02215,1,3.49222,10,0.800381,0.198611,0.124845,0.502464
186,0.124968,3.43521,1.02215,1,3.49222,10,0.800381,0.198611,0.124845,0.502464
1044,0.221677,3.43538,1.00721,1,3.49222,10,0.800381,0.198611,0.124845,0.502464
1044,0.221677,3.43538,1.00721,1,3.49222,10,0.800381,0.198611,0.124845,0.502464
38,0.314552,3.43563,0.962003,1,3.49222,10,0.800381,0.198611,0.124845,0.502464
38,0.314552,3.43563,0.962003,1,3.49222,10,0.800381,0.198611,0.124845,0.502464
664,0.398163,3.43588,0.880363,1,3.49222,10,0.800381,0.198611,0.124845,0.502464
664,0.398163,3.43588,0.880363,1,3.49222,10,0.800381,0.198611,0.124845,0.502464
235,0.469339,3.43607,0.774725,1,3.49222,10,0.800381,0.198611,0.124845,0.502464
235,0.469339,3.43607,0.774725,1,3.49222,10,0.800381,0.198611,0.124845,0.502464
1093,0.519836,3.43625,0.645999,1,3.49222,10,0.800381,0.198611,0.124845,0.502464
1093,0.519836,3.43625,0.645999,1,3.49222,10,0.800381,0.198611,0.124845,0.502464
60,0.547019,3.43617,0.504527,1,3.49222,10,0.800381,0.198611,0.124845,0.502464
1045,-0.257693,3.44728,0.646451,0,3.99222,10,0.816292,0.198611,0.124851,0.518376
59,-0.277608,3.44751,0.500001,0,3.99222,10,0.816292,0.198611,0.124851,0.518376
187,-0.216785,3.44722,0.780734,0,3.99222,10,0.816292,0.198611,0.124851,0.518376
1045,-0.257693,3.44728,0.646451,0,3.99222,10,0.816292,0.198611,0.124851,0.518376
616,-0.151561,3.44729,0.893505,0,3.99222,10,0.816292,0.198611,0.124851,0.518376
187,-0.216785,3.44722,0.780734,0,3.99222,10,0.816292,0.198611,0.124851,0.518376
16,-0.0693033,3.44756,0.981244,0,3.99222,10,0.816292,0.198611,0.124851,0.518376
616,-0.151561,3.44729,0.893505,0,3.99222,10,0.816292,0.198611,0.124851,0.518376
16,-0.0693033,3.44756,0.981244,0,3.99222,10,0.816292,0.198611,0.124851,0.518376
615,0.0258618,3.44772,1.03049,0,3.99222,10,0.816292,0.198611,0.124851,0.518376
615,0.0258618,3.44772,1.03049,0,3.99222,10,0.816292,0.198611,0.124851,0.518376
186,0.125005,3.44787,1.04607,0,3.99222,10,0.816292,0.198611,0.124851,0.518376
186,0.125005,3.44787,1.04607,0,3.99222,10,0.816292,0.198611,0.124851,0.518376
1044,0.224133,3.4477,1.03046,0,3.99222,10,0.816292,0.198611,0.124851,0.518376
1044,0.224133,3.4477,1.03046,0,3.99222,10,0.816292,0.198611,0.124851,0.518376
38,0.319249,3.44757,0.981253,0,3.99222,10,0.816292,0.198611,0.124851,0.518376
38,0.319249,3.44757,0.981253,0,3.99222,10,0.816292,0.198611,0.124851,0.518376
664,0.401552,3.44728,0.893519,0,3.99222,10,0.816292,0.198611,0.124851,0.518376
664,0.401552,3.44728,0.893519,0,3.99222,10,0.816292,0.198611,0.124851,0.518376
235,0.466821,3.44726,0.780684,0,3.99222,10,0.816292,0.198611,0.124851,0.518376
235,0.466821,3.44726,0.780684,0,3.99222,10,0.816292,0.198611,0.124851,0.518376
1093,0.50777,3.44716,0.646439,0,3.99222,10,0.816292,0.198611,0.124851,0.518376
1093,0.50777,3.44716,0.646439,0,3.99222,10,0.816292,0.198611,0.124851,0.518376
60,0.527631,3.44736,0.500008,0,3.99222,10,0.816292,0.198611,0.124851,0.518376
1045,-0.286175,3.46245,0.659564,1,3.99222,10,0.816292,0.198611,0.124851,0.518376
59,-0.314571,3.46253,0.512002,1,3.99222,10,0.816292,0.198611,0.124851,0.518376
187,-0.230456,3.46221,0.790423,1,3.99222,10,0.816292,0.198611,0.124851,0.518376
1045,-0.286175,3.46245,0.659564,1,3.99222,10,0.816292,0.198611,0.124851,0.518376
616,-0.153826,3.46196,0.895344,1,3.99222,10,0.816292,0.198611,0.124851,0.518376
187,-0.230456,3.46221,0.790423,1,3.99222,10,0.816292,0.198611,0.124851,0.518376
16,-0.0660724,3.4617,0.974557,1,3.99222,10,0.816292,0.198611,0.124851,0.518376
616,-0.153826,3.46196,0.895344,1,3.99222,10,0.816292,0.198611,0.124851,0.518376
16,-0.0660724,3.4617,0.974557,1,3.99222,10,0.816292,0.198611,0.124851,0.518376
615,0.0285243,3.46154,1.01808,1,3.99222,10,0.816292,0.198611,0.124851,0.518376
615,0.0285243,3.46154,1.01808,1,3.99222,10,0.816292,0.198611,0.124851,0.518376
186,0.125019,3.46149,1.03211,1,3.99222,10,0.816292,0.198611,0.124851,0.518376
186,0.125019,3.46149,1.03211,1,3.99222,10,0.816292,0.198611,0.124851,0.518376
1044,0.221551,3.46154,1.01812,1,3.99222,10,0.816292,0.198611,0.124851,0.518376
1044,0.221551,3.46154,1.01812,1,3.99222,10,0.816292,0.198611,0.124851,0.518376
38,0.316168,3.46169,0.974546,1,3.99222,10,0.816292,0.198611,0.124851,0.518376
38,0.316168,3.46169,0.974546,1,3.99222,10,0.816292,0.198611,0.124851,0.518376
664,0.403847,3.46194,0.895265,1,3.99222,10,0.816292,0.198611,0.124851,0.518376
664,0.403847,3.46194,0.895265,1,3.99222,10,0.816292,0.198611,0.124851,0.518376
235,0.480415,3.46214,0.790371,1,3.99222,10,0.816292,0.198611,0.124851,0.518376
235,0.480415,3.46214,0.790371,1,3.99222,10,0.816292,0.198611,0.124851,0.518376
1093,0.536162,3.46242,0.65956,1,3.99222,10,0.816292,0.198611,0.124851,0.518376
1093,0.536162,3.46242,0.65956,1,3.99222,10,0.816292,0.198611,0.124851,0.518376
60,0.564434,3.46256,0.512034,1,3.99222,10,0.816292,0.198611,0.124851,0.518376
1045,-0.262885,3.47604,0.657493,0,4.49222,10,0.832901,0.198611,0.124847,0.534984
59,-0.284871,3.47654,0.506786,0,4.49222,10,0.832901,0.198611,0.124847,0.534984
187,-0.220601,3.4758,0.793957,0,4.49222,10,0.832901,0.198611,0.124847,0.534984
1045,-0.262885,3.47604,0.657493,0,4.49222,10,0.832901,0.198611,0.124847,0.534984
616,-0.154134,3.47579,0.908117,0,4.49222,10,0.832901,0.198611,0.124847,0.534984
187,-0.220601,3.4758,0.793957,0,4.49222,10,0.832901,0.198611,0.124847,0.534984
16,-0.0705721,3.47623,0.996657,0,4.49222,10,0.832901,0.198611,0.124847,0.534984
616,-0.154134,3.47579,0.908117,0,4.49222,10,0.832901,0.198611,0.124847,0.534984
16,-0.0705721,3.47623,0.996657,0,4.49222,10,0.832901,0.198611,0.124847,0.534984
615,0.0255159,3.47662,1.04683,0,4.49222,10,0.832901,0.198611,0.124847,0.534984
615,0.0255159,3.47662,1.04683,0,4.49222,10,0.832901,0.198611,0.124847,0.534984
186,0.125038,3.47686,1.06302,0,4.49222,10,0.832901,0.198611,0.124847,0.534984
186,0.125038,3.47686,1.06302,0,4.49222,10,0.832901,0.198611,0.124847,0.534984
1044,0.224517,3.47663,1.04685,0,4.49222,10,0.832901,0.198611,0.124847,0.534984
1044,0.224517,3.47663,1.04685,0,4.49222,10,0.832901,0.198611,0.124847,0.534984
38,0.320608,3.47627,0.99669,0,4.49222,10,0.832901,0.198611,0.124847,0.534984
38,0.320608,3.47627,0.99669,0,4.49222,10,0.832901,0.198611,0.124847,0.534984
664,0.404175,3.47574,0.90816,0,4.49222,10,0.832901,0.198611,0.124847,0.534984
664,0.404175,3.47574,0.90816,0,4.49222,10,0.832901,0.198611,0.124847,0.534984
235,0.470642,3.47582,0.793915,0,4.49222,10,0.832901,0.198611,0.124847,0.534984
235,0.470642,3.47582,0.793915,0,4.49222,10,0.832901,0.198611,0.124847,0.534984
1093,0.512938,3.47596,0.657522,0,4.49222,10,0.832901,0.198611,0.124847,0.534984
1093,0.512938,3.47596,0.657522,0,4.49222,10,0.832901,0.198611,0.124847,0.534984
60,0.534884,3.47664,0.506847,0,4.49222,10,0.832901,0.198611,0.124847,0.534984
1045,-0.300797,3.49345,0.671061,1,4.49222,10,0.832901,0.198611,0.124847,0.534984
59,-0.330784,3.49355,0.51807,1,4.49222,10,0.832901,0.198611,0.124847,0.534984
187,-0.240505,3.49322,0.804025,1,4.49222,10,0.832901,0.198611,0.124847,0.534984
1045,-0.300797,3.49345,0.671061,1,4.49222,10,0.832901,0.198611,0.124847,0.534984
616,-0.159193,3.49298,0.908771,1,4.49222,10,0.832901,0.198611,0.124847,0.534984
187,-0.240505,3.49322,0.804025,1,4.49222,10,0.832901,0.198611,0.124847,0.534984
16,-0.0678076,3.49271,0.98644,1,4.49222,10,0.832901,0.198611,0.124847,0.534984
616,-0.159193,3.49298,0.908771,1,4.49222,10,0.832901,0.198611,0.124847,0.534984
16,-0.0678076,3.49271,0.98644,1,4.49222,10,0.832901,0.198611,0.124847,0.534984
615,0.0284238,3.49253,1.02872,1,4.49222,10,0.832901,0.198611,0.124847,0.534984
615,0.0284238,3.49253,1.02872,1,4.49222,10,0.832901,0.198611,0.124847,0.534984
186,0.125035,3.49247,1.04257,1,4.49222,10,0.832901,0.198611,0.124847,0.534984
186,0.125035,3.49247,1.04257,1,4.49222,10,0.832901,0.198611,0.124847,0.534984
1044,0.221662,3.49255,1.02881,1,4.49222,10,0.832901,0.198611,0.124847,0.534984
1044,0.221662,3.49255,1.02881,1,4.49222,10,0.832901,0.198611,0.124847,0.534984
38,0.317958,3.49273,0.986619,1,4.49222,10,0.832901,0.198611,0.124847,0.534984
38,0.317958,3.49273,0.986619,1,4.49222,10,0.832901,0.198611,0.124847,0.534984
664,0.409382,3.493,0.908922,1,4.49222,10,0.832901,0.198611,0.124847,0.534984
664,0.409382,3.493,0.908922,1,4.49222,10,0.832901,0.198611,0.124847,0.534984
235,0.490659,3.49323,0.804109,1,4.49222,10,0.832901,0.198611,0.124847,0.534984
235,0.490659,3.49323,0.804109,1,4.49222,10,0.832901,0.198611,0.124847,0.534984
1093,0.550799,3.49343,0.671067,1,4.49222,10,0.832901,0.198611,0.124847,0.534984
1093,0.550799,3.49343,0.671067,1,4.49222,10,0.832901,0.198611,0.124847,0.534984
60,0.580712,3.49355,0.518146,1,4.49222,10,0.832901,0.198611,0.124847,0.534984
1045,-0.269041,3.51043,0.667397,0,4.99222,10,0.848077,0.198611,0.12484,0.550161
59,-0.293261,3.51106,0.513214,0,4.99222,10,0.848077,0.198611,0.12484,0.550161
187,-0.225729,3.51036,0.805565,0,4.99222,10,0.848077,0.198611,0.12484,0.550161
1045,-0.269041,3.51043,0.667397,0,4.99222,10,0.848077,0.198611,0.12484,0.550161
616,-0.157886,3.51046,0.921041,0,4.99222,10,0.848077,0.198611,0.12484,0.550161
187,-0.225729,3.51036,0.805565,0,4.99222,10,0.848077,0.198611,0.12484,0.550161
16,-0.0725847,3.51085,1.01028,0,4.99222,10,0.848077,0.198611,0.12484,0.550161
616,-0.157886,3.51046,0.921041,0,4.99222,10,0.848077,0.198611,0.12484,0.550161
16,-0.0725847,3.51085,1.01028,0,4.99222,10,0.848077,0.198611,0.12484,0.550161
615,0.0250686,3.5112,1.06087,0,4.99222,10,0.848077,0.198611,0.12484,0.550161
615,0.0250686,3.5112,1.06087,0,4.99222,10,0.848077,0.198611,0.12484,0.550161
186,0.125027,3.51141,1.07729,0,4.99222,10,0.848077,0.198611,0.12484,0.550161
186,0.125027,3.51141,1.07729,0,4.99222,10,0.848077,0.198611,0.12484,0.550161
1044,0.225035,3.51121,1.06086,0,4.99222,10,0.848077,0.198611,0.12484,0.550161
1044,0.225035,3.51121,1.06086,0,4.99222,10,0.848077,0.198611,0.12484,0.550161
38,0.322648,3.51077,1.01034,0,4.99222,10,0.848077,0.198611,0.12484,0.550161
38,0.322648,3.51077,1.01034,0,4.99222,10,0.848077,0.198611,0.12484,0.550161
664,0.407858,3.51037,0.921107,0,4.99222,10,0.848077,0.198611,0.12484,0.550161
664,0.407858,3.51037,0.921107,0,4.99222,10,0.848077,0.198611,0.12484,0.550161
235,0.475696,3.51029,0.805604,0,4.99222,10,0.848077,0.198611,0.12484,0.550161
235,0.475696,3.51029,0.805604,0,4.99222,10,0.848077,0.198611,0.12484,0.550161
1093,0.519008,3.51044,0.667319,0,4.99222,10,0.848077,0.198611,0.12484,0.550161
1093,0.519008,3.51044,0.667319,0,4.99222,10,0.848077,0.198611,0.12484,0.550161
60,0.543338,3.51129,0.513317,0,4.99222,10,0.848077,0.198611,0.12484,0.550161
1045,-0.313597,3.52572,0.681659,1,4.99222,10,0.848077,0.198611,0.12484,0.550161
59,-0.344822,3.52587,0.523735,1,4.99222,10,0.848077,0.198611,0.12484,0.550161
187,-0.250118,3.52562,0.817257,1,4.99222,10,0.848077,0.198611,0.12484,0.550161
1045,-0.313597,3.52572,0.681659,1,4.99222,10,0.848077,0.198611,0.12484,0.550161
616,-0.164882,3.52548,0.92263,1,4.99222,10,0.848077,0.198611,0.12484,0.550161
187,-0.250118,3.52562,0.817257,1,4.99222,10,0.848077,0.198611,0.12484,0.550161
16,-0.0701211,3.52527,0.999463,1,4.99222,10,0.848077,0.198611,0.12484,0.550161
616,-0.164882,3.52548,0.92263,1,4.99222,10,0.848077,0.198611,0.12484,0.550161
16,-0.0701211,3.52527,0.999463,1,4.99222,10,0.848077,0.198611,0.12484,0.550161
615,0.0280149,3.52509,1.04103,1,4.99222,10,0.848077,0.198611,0.12484,0.550161
615,0.0280149,3.52509,1.04103,1,4.99222,10,0.848077,0.198611,0.12484,0.550161
186,0.125024,3.52499,1.05493,1,4.99222,10,0.848077,0.198611,0.12484,0.550161
186,0.125024,3.52499,1.05493,1,4.99222,10,0.848077,0.198611,0.12484,0.550161
1044,0.222051,3.52509,1.04109,1,4.99222,10,0.848077,0.198611,0.12484,0.550161
1044,0.222051,3.52509,1.04109,1,4.99222,10,0.848077,0.198611,0.12484,0.550161
38,0.32024,3.52527,0.999594,1,4.99222,10,0.848077,0.198611,0.12484,0.550161
38,0.32024,3.52527,0.999594,1,4.99222,10,0.848077,0.198611,0.12484,0.550161
664,0.415011,3.52548,0.922694,1,4.99222,10,0.848077,0.198611,0.12484,0.550161
664,0.415011,3.52548,0.922694,1,4.99222,10,0.848077,0.198611,0.12484,0.550161
235,0.50014,3.52561,0.81722,1,4.99222,10,0.848077,0.198611,0.12484,0.550161
235,0.50014,3.52561,0.81722,1,4.99222,10,0.848077,0.198611,0.12484,0.550161
1093,0.563469,3.52572,0.681614,1,4.99222,10,0.848077,0.198611,0.12484,0.550161
1093,0.563469,3.52572,0.681614,1,4.99222,10,0.848077,0.198611,0.12484,0.550161
60,0.594669,3.52595,0.523732,1,4.99222,10,0.848077,0.198611,0.12484,0.550161
1045,-0.276515,3.54391,0.676021,0,5.49222,10,0.863809,0.198611,0.124841,0.565892
59,-0.302968,3.54449,0.518458,0,5.49222,10,0.863809,0.198611,0.124841,0.565892
187,-0.231556,3.54359,0.816601,0,5.49222,10,0.863809,0.198611,0.124841,0.565892
1045,-0.276515,3.54391,0.676021,0,5.49222,10,0.863809,0.198611,0.124841,0.565892
616,-0.16156,3.54372,0.93365,0,5.49222,10,0.863809,0.198611,0.124841,0.565892
187,-0.231556,3.54359,0.816601,0,5.49222,10,0.863809,0.198611,0.124841,0.565892
16,-0.0740545,3.54396,1.0231,0,5.49222,10,0.863809,0.198611,0.124841,0.565892
616,-0.16156,3.54372,0.93365,0,5.49222,10,0.863809,0.198611,0.124841,0.565892
16,-0.0740545,3.54396,1.0231,0,5.49222,10,0.863809,0.198611,0.124841,0.565892
615,0.0249534,3.54424,1.07355,0,5.49222,10,0.863809,0.198611,0.124841,0.565892
615,0.0249534,3.54424,1.07355,0,5.49222,10,0.863809,0.198611,0.124841,0.565892
186,0.12504,3.54441,1.09023,0,5.49222,10,0.863809,0.198611,0.124841,0.565892
186,0.12504,3.54441,1.09023,0,5.49222,10,0.863809,0.198611,0.124841,0.565892
1044,0.225187,3.54424,1.07348,0,5.49222,10,0.863809,0.198611,0.124841,0.565892
1044,0.225187,3.54424,1.07348,0,5.49222,10,0.863809,0.198611,0.124841,0.565892
38,0.324084,3.54398,1.02302,0,5.49222,10,0.863809,0.198611,0.124841,0.565892
38,0.324084,3.54398,1.02302,0,5.49222,10,0.863809,0.198611,0.124841,0.565892
664,0.411623,3.54369,0.93357,0,5.49222,10,0.863809,0.198611,0.124841,0.565892
664,0.411623,3.54369,0.93357,0,5.49222,10,0.863809,0.198611,0.124841,0.565892
235,0.481621,3.54363,0.816666,0,5.49222,10,0.863809,0.198611,0.124841,0.565892
235,0.481621,3.54363,0.816666,0,5.49222,10,0.863809,0.198611,0.124841,0.565892
1093,0.526467,3.54384,0.67612,0,5.49222,10,0.863809,0.198611,0.124841,0.565892
1093,0.526467,3.54384,0.67612,0,5.49222,10,0.863809,0.198611,0.124841,0.565892
60,0.552966,3.54462,0.518552,0,5.49222,10,0.863809,0.198611,0.124841,0.565892
1045,-0.329635,3.55604,0.691733,1,5.49222,10,0.863809,0.198611,0.124841,0.565892
59,-0.362336,3.55612,0.528962,1,5.49222,10,0.863809,0.198611,0.124841,0.565892
187,-0.262332,3.55597,0.829986,1,5.49222,10,0.863809,0.198611,0.124841,0.565892
1045,-0.329635,3.55604,0.691733,1,5.49222,10,0.863809,0.198611,0.124841,0.565892
616,-0.172233,3.55588,0.935863,1,5.49222,10,0.863809,0.198611,0.124841,0.565892
187,-0.262332,3.55597,0.829986,1,5.49222,10,0.863809,0.198611,0.124841,0.565892
16,-0.073101,3.55574,1.01137,1,5.49222,10,0.863809,0.198611,0.124841,0.565892
616,-0.172233,3.55588,0.935863,1,5.49222,10,0.863809,0.198611,0.124841,0.565892
16,-0.073101,3.55574,1.01137,1,5.49222,10,0.863809,0.198611,0.124841,0.565892
615,0.0275043,3.5556,1.05147,1,5.49222,10,0.863809,0.198611,0.124841,0.565892
615,0.0275043,3.5556,1.05147,1,5.49222,10,0.863809,0.198611,0.124841,0.565892
186,0.12502,3.55553,1.06513,1,5.49222,10,0.863809,0.198611,0.124841,0.565892
186,0.12502,3.55553,1.06513,1,5.49222,10,0.863809,0.198611,0.124841,0.565892
1044,0.22257,3.5556,1.05162,1,5.49222,10,0.863809,0.198611,0.124841,0.565892
1044,0.22257,3.5556,1.05162,1,5.49222,10,0.863809,0.198611,0.124841,0.565892
38,0.323264,3.55573,1.0116,1,5.49222,10,0.863809,0.198611,0.124841,0.565892
38,0.323264,3.55573,1.0116,1,5.49222,10,0.863809,0.198611,0.124841,0.565892
664,0.422394,3.55588,0.936007,1,5.49222,10,0.863809,0.198611,0.124841,0.565892
664,0.422394,3.55588,0.936007,1,5.49222,10,0.863809,0.198611,0.124841,0.565892
235,0.512369,3.55597,0.830018,1,5.49222,10,0.863809,0.198611,0.124841,0.565892
235,0.512369,3.55597,0.830018,1,5.49222,10,0.863809,0.198611,0.124841,0.565892
1093,0.579506,3.55603,0.691741,1,5.49222,10,0.863809,0.198611,0.124841,0.565892
1093,0.579506,3.55603,0.691741,1,5.49222,10,0.863809,0.198611,0.124841,0.565892
60,0.612171,3.55624,0.529002,1,5.49222,10,0.863809,0.198611,0.124841,0.565892
1045,-0.283373,3.57335,0.683382,0,5.99222,10,0.876372,0.198611,0.124839,0.578455
59,-0.3131,3.57392,0.523068,0,5.99222,10,0.876372,0.198611,0.124839,0.578455
187,-0.236676,3.5732,0.82564,0,5.99222,10,0.876372,0.198611,0.124839,0.578455
1045,-0.283373,3.57335,0.683382,0,5.99222,10,0.876372,0.198611,0.124839,0.578455
616,-0.165025,3.5733,0.943877,0,5.99222,10,0.876372,0.198611,0.124839,0.578455
187,-0.236676,3.5732,0.82564,0,5.99222,10,0.876372,0.198611,0.124839,0.578455
16,-0.075838,3.57364,1.03399,0,5.99222,10,0.876372,0.198611,0.124839,0.578455
616,-0.165025,3.5733,0.943877,0,5.99222,10,0.876372,0.198611,0.124839,0.578455
16,-0.075838,3.57364,1.03399,0,5.99222,10,0.876372,0.198611,0.124839,0.578455
615,0.0244008,3.57402,1.08492,0,5.99222,10,0.876372,0.198611,0.124839,0.578455
615,0.0244008,3.57402,1.08492,0,5.99222,10,0.876372,0.198611,0.124839,0.578455
186,0.125012,3.57423,1.10201,0,5.99222,10,0.876372,0.198611,0.124839,0.578455
186,0.125012,3.57423,1.10201,0,5.99222,10,0.876372,0.198611,0.124839,0.578455
1044,0.225651,3.57403,1.0849,0,5.99222,10,0.876372,0.198611,0.124839,0.578455
1044,0.225651,3.57403,1.0849,0,5.99222,10,0.876372,0.198611,0.124839,0.578455
38,0.325877,3.57363,1.03389,0,5.99222,10,0.876372,0.198611,0.124839,0.578455
38,0.325877,3.57363,1.03389,0,5.99222,10,0.876372,0.198611,0.124839,0.578455
664,0.415096,3.57331,0.943792,0,5.99222,10,0.876372,0.198611,0.124839,0.578455
664,0.415096,3.57331,0.943792,0,5.99222,10,0.876372,0.198611,0.124839,0.578455
235,0.486707,3.57322,0.825666,0,5.99222,10,0.876372,0.198611,0.124839,0.578455
235,0.486707,3.57322,0.825666,0,5.99222,10,0.876372,0.198611,0.124839,0.578455
1093,0.533374,3.57335,0.683379,0,5.99222,10,0.876372,0.198611,0.124839,0.578455
1093,0.533374,3.57335,0.683379,0,5.99222,10,0.876372,0.198611,0.124839,0.578455
60,0.563162,3.57403,0.523089,0,5.99222,10,0.876372,0.198611,0.124839,0.578455
1045,-0.340691,3.58529,0.699746,1,5.99222,10,0.876372,0.198611,0.124839,0.578455
59,-0.375165,3.58528,0.532948,1,5.99222,10,0.876372,0.198611,0.124839,0.578455
187,-0.270817,3.58526,0.840418,1,5.99222,10,0.876372,0.198611,0.124839,0.578455
1045,-0.340691,3.58529,0.699746,1,5.99222,10,0.876372,0.198611,0.124839,0.578455
616,-0.177687,3.58519,0.947402,1,5.99222,10,0.876372,0.198611,0.124839,0.578455
187,-0.270817,3.58526,0.840418,1,5.99222,10,0.876372,0.198611,0.124839,0.578455
16,-0.0758267,3.58506,1.02303,1,5.99222,10,0.876372,0.198611,0.124839,0.578455
616,-0.177687,3.58519,0.947402,1,5.99222,10,0.876372,0.198611,0.124839,0.578455
16,-0.0758267,3.58506,1.02303,1,5.99222,10,0.876372,0.198611,0.124839,0.578455
615,0.0267648,3.58494,1.0631,1,5.99222,10,0.876372,0.198611,0.124839,0.578455
615,0.0267648,3.58494,1.0631,1,5.99222,10,0.876372,0.198611,0.124839,0.578455
186,0.125102,3.58489,1.07702,1,5.99222,10,0.876372,0.198611,0.124839,0.578455
186,0.125102,3.58489,1.07702,1,5.99222,10,0.876372,0.198611,0.124839,0.578455
1044,0.223465,3.58496,1.06322,1,5.99222,10,0.876372,0.198611,0.124839,0.578455
1044,0.223465,3.58496,1.06322,1,5.99222,10,0.876372,0.198611,0.124839,0.578455
38,0.326138,3.58508,1.02323,1,5.99222,10,0.876372,0.198611,0.124839,0.578455
38,0.326138,3.58508,1.02323,1,5.99222,10,0.876372,0.198611,0.124839,0.578455
664,0.428019,3.5852,0.947555,1,5.99222,10,0.876372,0.198611,0.124839,0.578455
664,0.428019,3.5852,0.947555,1,5.99222,10,0.876372,0.198611,0.124839,0.578455
235,0.52103,3.58527,0.840477,1,5.99222,10,0.876372,0.198611,0.124839,0.578455
235,0.52103,3.58527,0.840477,1,5.99222,10,0.876372,0.198611,0.124839,0.578455
1093,0.590721,3.58529,0.699789,1,5.99222,10,0.876372,0.198611,0.124839,0.578455
1093,0.590721,3.58529,0.699789,1,5.99222,10,0.876372,0.198611,0.124839,0.578455
60,0.625134,3.58543,0.532999,1,5.99222,10,0.876372,0.198611,0.124839,0.578455
1045,-0.290136,3.60372,0.690338,0,6.49222,10,0.888184,0.198611,0.12482,0.590267
59,-0.322542,3.60415,0.527376,0,6.49222,10,0.888184,0.198611,0.12482,0.590267
187,-0.241807,3.60371,0.834328,0,6.49222,10,0.888184,0.198611,0.12482,0.590267
1045,-0.290136,3.60372,0.690338,0,6.49222,10,0.888184,0.198611,0.12482,0.590267
616,-0.168505,3.60385,0.953711,0,6.49222,10,0.888184,0.198611,0.12482,0.590267
187,-0.241807,3.60371,0.834328,0,6.49222,10,0.888184,0.198611,0.12482,0.590267
16,-0.0777242,3.60413,1.04441,0,6.49222,10,0.888184,0.198611,0.12482,0.590267
616,-0.168505,3.60385,0.953711,0,6.49222,10,0.888184,0.198611,0.12482,0.590267
16,-0.0777242,3.60413,1.04441,0,6.49222,10,0.888184,0.198611,0.12482,0.590267
615,0.0237892,3.60435,1.09588,0,6.49222,10,0.888184,0.198611,0.12482,0.590267
615,0.0237892,3.60435,1.09588,0,6.49222,10,0.888184,0.198611,0.12482,0.590267
186,0.124997,3.60453,1.11344,0,6.49222,10,0.888184,0.198611,0.12482,0.590267
186,0.124997,3.60453,1.11344,0,6.49222,10,0.888184,0.198611,0.12482,0.590267
1044,0.226212,3.60435,1.09587,0,6.49222,10,0.888184,0.198611,0.12482,0.590267
1044,0.226212,3.60435,1.09587,0,6.49222,10,0.888184,0.198611,0.12482,0.590267
38,0.327748,3.60411,1.04445,0,6.49222,10,0.888184,0.198611,0.12482,0.590267
38,0.327748,3.60411,1.04445,0,6.49222,10,0.888184,0.198611,0.12482,0.590267
664,0.418553,3.60387,0.953704,0,6.49222,10,0.888184,0.198611,0.12482,0.590267
664,0.418553,3.60387,0.953704,0,6.49222,10,0.888184,0.198611,0.12482,0.590267
235,0.491792,3.60373,0.834301,0,6.49222,10,0.888184,0.198611,0.12482,0.590267
235,0.491792,3.60373,0.834301,0,6.49222,10,0.888184,0.198611,0.12482,0.590267
1093,0.540118,3.60365,0.690359,0,6.49222,10,0.888184,0.198611,0.12482,0.590267
1093,0.540118,3.60365,0.690359,0,6.49222,10,0.888184,0.198611,0.12482,0.590267
60,0.572536,3.60429,0.527419,0,6.49222,10,0.888184,0.198611,0.12482,0.590267
1045,-0.351275,3.61348,0.707409,1,6.49222,10,0.888184,0.198611,0.12482,0.590267
59,-0.387499,3.61341,0.536854,1,6.49222,10,0.888184,0.198611,0.12482,0.590267
187,-0.279005,3.61356,0.850393,1,6.49222,10,0.888184,0.198611,0.12482,0.590267
1045,-0.351275,3.61348,0.707409,1,6.49222,10,0.888184,0.198611,0.12482,0.590267
616,-0.183021,3.61359,0.958436,1,6.49222,10,0.888184,0.198611,0.12482,0.590267
187,-0.279005,3.61356,0.850393,1,6.49222,10,0.888184,0.198611,0.12482,0.590267
16,-0.0786066,3.61352,1.03426,1,6.49222,10,0.888184,0.198611,0.12482,0.590267
616,-0.183021,3.61359,0.958436,1,6.49222,10,0.888184,0.198611,0.12482,0.590267
16,-0.0786066,3.61352,1.03426,1,6.49222,10,0.888184,0.198611,0.12482,0.590267
615,0.025912,3.61343,1.07446,1,6.49222,10,0.888184,0.198611,0.12482,0.590267
615,0.025912,3.61343,1.07446,1,6.49222,10,0.888184,0.198611,0.12482,0.590267
186,0.125114,3.61337,1.0887,1,6.49222,10,0.888184,0.198611,0.12482,0.590267
186,0.125114,3.61337,1.0887,1,6.49222,10,0.888184,0.198611,0.12482,0.590267
1044,0.224357,3.61344,1.0746,1,6.49222,10,0.888184,0.198611,0.12482,0.590267
1044,0.224357,3.61344,1.0746,1,6.49222,10,0.888184,0.198611,0.12482,0.590267
38,0.328961,3.61353,1.03448,1,6.49222,10,0.888184,0.198611,0.12482,0.590267
38,0.328961,3.61353,1.03448,1,6.49222,10,0.888184,0.198611,0.12482,0.590267
664,0.433384,3.61361,0.958595,1,6.49222,10,0.888184,0.198611,0.12482,0.590267
664,0.433384,3.61361,0.958595,1,6.49222,10,0.888184,0.198611,0.12482,0.590267
235,0.529249,3.61359,0.850446,1,6.49222,10,0.888184,0.198611,0.12482,0.590267
235,0.529249,3.61359,0.850446,1,6.49222,10,0.888184,0.198611,0.12482,0.590267
1093,0.601351,3.61351,0.70744,1,6.49222,10,0.888184,0.198611,0.12482,0.590267
1093,0.601351,3.61351,0.70744,1,6.49222,10,0.888184,0.198611,0.12482,0.590267
60,0.637498,3.61361,0.536909,1,6.49222,10,0.888184,0.198611,0.12482,0.590267
1045,-0.296667,3.63349,0.697079,0,6.99222,10,0.900378,0.198611,0.124818,0.602461
59,-0.331429,3.63389,0.531433,0,6.99222,10,0.900378,0.198611,0.124818,0.602461
187,-0.247062,3.63354,0.84283,0,6.99222,10,0.900378,0.198611,0.124818,0.602461
1045,-0.296667,3.63349,0.697079,0,6.99222,10,0.900378,0.198611,0.124818,0.602461
616,-0.172217,3.63372,0.963509,0,6.99222,10,0.900378,0.198611,0.124818,0.602461
187,-0.247062,3.63354,0.84283,0,6.99222,10,0.900378,0.198611,0.124818,0.602461
16,-0.0798031,3.63401,1.05492,0,6.99222,10,0.900378,0.198611,0.124818,0.602461
616,-0.172217,3.63372,0.963509,0,6.99222,10,0.900378,0.198611,0.124818,0.602461
16,-0.0798031,3.63401,1.05492,0,6.99222,10,0.900378,0.198611,0.124818,0.602461
615,0.0231674,3.6342,1.10666,0,6.99222,10,0.900378,0.198611,0.124818,0.602461
615,0.0231674,3.6342,1.10666,0,6.99222,10,0.900378,0.198611,0.124818,0.602461
186,0.124983,3.63432,1.12453,0,6.99222,10,0.900378,0.198611,0.124818,0.602461
186,0.124983,3.63432,1.12453,0,6.99222,10,0.900378,0.198611,0.124818,0.602461
1044,0.226788,3.63421,1.10661,0,6.99222,10,0.900378,0.198611,0.124818,0.602461
1044,0.226788,3.63421,1.10661,0,6.99222,10,0.900378,0.198611,0.124818,0.602461
38,0.329757,3.63401,1.05489,0,6.99222,10,0.900378,0.198611,0.124818,0.602461
38,0.329757,3.63401,1.05489,0,6.99222,10,0.900378,0.198611,0.124818,0.602461
664,0.422197,3.63374,0.963462,0,6.99222,10,0.900378,0.198611,0.124818,0.602461
664,0.422197,3.63374,0.963462,0,6.99222,10,0.900378,0.198611,0.124818,0.602461
235,0.497036,3.63353,0.84285,0,6.99222,10,0.900378,0.198611,0.124818,0.602461
235,0.497036,3.63353,0.84285,0,6.99222,10,0.900378,0.198611,0.124818,0.602461
1093,0.546622,3.63342,0.69708,0,6.99222,10,0.900378,0.198611,0.124818,0.602461
1093,0.546622,3.63342,0.69708,0,6.99222,10,0.900378,0.198611,0.124818,0.602461
60,0.581409,3.63395,0.53148,0,6.99222,10,0.900378,0.198611,0.124818,0.602461
1045,-0.361269,3.64055,0.71398,1,6.99222,10,0.900378,0.198611,0.124818,0.602461
59,-0.399388,3.6404,0.539998,1,6.99222,10,0.900378,0.198611,0.124818,0.602461
187,-0.286814,3.64063,0.859173,1,6.99222,10,0.900378,0.198611,0.124818,0.602461
1045,-0.361269,3.64055,0.71398,1,6.99222,10,0.900378,0.198611,0.124818,0.602461
616,-0.188323,3.64067,0.968427,1,6.99222,10,0.900378,0.198611,0.124818,0.602461
187,-0.286814,3.64063,0.859173,1,6.99222,10,0.900378,0.198611,0.124818,0.602461
16,-0.0815637,3.64061,1.04468,1,6.99222,10,0.900378,0.198611,0.124818,0.602461
616,-0.188323,3.64067,0.968427,1,6.99222,10,0.900378,0.198611,0.124818,0.602461
16,-0.0815637,3.64061,1.04468,1,6.99222,10,0.900378,0.198611,0.124818,0.602461
615,0.0248229,3.64052,1.08518,1,6.99222,10,0.900378,0.198611,0.124818,0.602461
615,0.0248229,3.64052,1.08518,1,6.99222,10,0.900378,0.198611,0.124818,0.602461
186,0.124994,3.64048,1.09982,1,6.99222,10,0.900378,0.198611,0.124818,0.602461
186,0.124994,3.64048,1.09982,1,6.99222,10,0.900378,0.198611,0.124818,0.602461
1044,0.225204,3.64054,1.08536,1,6.99222,10,0.900378,0.198611,0.124818,0.602461
1044,0.225204,3.64054,1.08536,1,6.99222,10,0.900378,0.198611,0.124818,0.602461
38,0.331686,3.64062,1.04493,1,6.99222,10,0.900378,0.198611,0.124818,0.602461
38,0.331686,3.64062,1.04493,1,6.99222,10,0.900378,0.198611,0.124818,0.602461
664,0.438455,3.64068,0.968624,1,6.99222,10,0.900378,0.198611,0.124818,0.602461
664,0.438455,3.64068,0.968624,1,6.99222,10,0.900378,0.198611,0.124818,0.602461
235,0.536823,3.64065,0.859265,1,6.99222,10,0.900378,0.198611,0.124818,0.602461
235,0.536823,3.64065,0.859265,1,6.99222,10,0.900378,0.198611,0.124818,0.602461
1093,0.611119,3.64055,0.714076,1,6.99222,10,0.900378,0.198611,0.124818,0.602461
1093,0.611119,3.64055,0.714076,1,6.99222,10,0.900378,0.198611,0.124818,0.602461
60,0.649197,3.6406,0.540087,1,6.99222,10,0.900378,0.198611,0.124818,0.602461
1045,-0.30276,3.65904,0.702213,0,7.49222,10,0.910439,0.198611,0.124838,0.612522
59,-0.33988,3.65938,0.534054,0,7.49222,10,0.910439,0.198611,0.124838,0.612522
187,-0.251893,3.65907,0.849699,0,7.49222,10,0.910439,0.198611,0.124838,0.612522
1045,-0.30276,3.65904,0.702213,0,7.49222,10,0.910439,0.198611,0.124838,0.612522
616,-0.175495,3.65925,0.971527,0,7.49222,10,0.910439,0.198611,0.124838,0.612522
187,-0.251893,3.65907,0.849699,0,7.49222,10,0.910439,0.198611,0.124838,0.612522
16,-0.0816824,3.65945,1.0638,0,7.49222,10,0.910439,0.198611,0.124838,0.612522
616,-0.175495,3.65925,0.971527,0,7.49222,10,0.910439,0.198611,0.124838,0.612522
16,-0.0816824,3.65945,1.0638,0,7.49222,10,0.910439,0.198611,0.124838,0.612522
615,0.0224236,3.65964,1.11659,0,7.49222,10,0.910439,0.198611,0.124838,0.612522
615,0.0224236,3.65964,1.11659,0,7.49222,10,0.910439,0.198611,0.124838,0.612522
186,0.125005,3.65976,1.13498,0,7.49222,10,0.910439,0.198611,0.124838,0.612522
186,0.125005,3.65976,1.13498,0,7.49222,10,0.910439,0.198611,0.124838,0.612522
1044,0.227594,3.65965,1.11659,0,7.49222,10,0.910439,0.198611,0.124838,0.612522
1044,0.227594,3.65965,1.11659,0,7.49222,10,0.910439,0.198611,0.124838,0.612522
38,0.331704,3.65945,1.06379,0,7.49222,10,0.910439,0.198611,0.124838,0.612522
38,0.331704,3.65945,1.06379,0,7.49222,10,0.910439,0.198611,0.124838,0.612522
664,0.425495,3.65923,0.971565,0,7.49222,10,0.910439,0.198611,0.124838,0.612522
664,0.425495,3.65923,0.971565,0,7.49222,10,0.910439,0.198611,0.124838,0.612522
235,0.501936,3.6591,0.849765,0,7.49222,10,0.910439,0.198611,0.124838,0.612522
235,0.501936,3.6591,0.849765,0,7.49222,10,0.910439,0.198611,0.124838,0.612522
1093,0.552808,3.65893,0.702253,0,7.49222,10,0.910439,0.198611,0.124838,0.612522
1093,0.552808,3.65893,0.702253,0,7.49222,10,0.910439,0.198611,0.124838,0.612522
60,0.589901,3.65942,0.534129,0,7.49222,10,0.910439,0.198611,0.124838,0.612522
1045,-0.370761,3.66648,0.720309,1,7.49222,10,0.910439,0.198611,0.124838,0.612522
59,-0.410815,3.66626,0.543117,1,7.49222,10,0.910439,0.198611,0.124838,0.612522
187,-0.294198,3.66661,0.867592,1,7.49222,10,0.910439,0.198611,0.124838,0.612522
1045,-0.370761,3.66648,0.720309,1,7.49222,10,0.910439,0.198611,0.124838,0.612522
616,-0.193349,3.66669,0.978045,1,7.49222,10,0.910439,0.198611,0.124838,0.612522
187,-0.294198,3.66661,0.867592,1,7.49222,10,0.910439,0.198611,0.124838,0.612522
16,-0.0843689,3.66666,1.05479,1,7.49222,10,0.910439,0.198611,0.124838,0.612522
616,-0.193349,3.66669,0.978045,1,7.49222,10,0.910439,0.198611,0.124838,0.612522
16,-0.0843689,3.66666,1.05479,1,7.49222,10,0.910439,0.198611,0.124838,0.612522
615,0.0238522,3.6666,1.09565,1,7.49222,10,0.910439,0.198611,0.124838,0.612522
615,0.0238522,3.6666,1.09565,1,7.49222,10,0.910439,0.198611,0.124838,0.612522
186,0.125007,3.66656,1.11065,1,7.49222,10,0.910439,0.198611,0.124838,0.612522
186,0.125007,3.66656,1.11065,1,7.49222,10,0.910439,0.198611,0.124838,0.612522
1044,0.226203,3.66662,1.09582,1,7.49222,10,0.910439,0.198611,0.124838,0.612522
1044,0.226203,3.66662,1.09582,1,7.49222,10,0.910439,0.198611,0.124838,0.612522
38,0.334514,3.66669,1.05506,1,7.49222,10,0.910439,0.198611,0.124838,0.612522
38,0.334514,3.66669,1.05506,1,7.49222,10,0.910439,0.198611,0.124838,0.612522
664,0.443505,3.66672,0.978248,1,7.49222,10,0.910439,0.198611,0.124838,0.612522
664,0.443505,3.66672,0.978248,1,7.49222,10,0.910439,0.198611,0.124838,0.612522
235,0.544233,3.66664,0.867698,1,7.49222,10,0.910439,0.198611,0.124838,0.612522
235,0.544233,3.66664,0.867698,1,7.49222,10,0.910439,0.198611,0.124838,0.612522
1093,0.620635,3.66649,0.72042,1,7.49222,10,0.910439,0.198611,0.124838,0.612522
1093,0.620635,3.66649,0.72042,1,7.49222,10,0.910439,0.198611,0.124838,0.612522
60,0.660613,3.66649,0.543204,1,7.49222,10,0.910439,0.198611,0.124838,0.612522
