id,x,y,z,ablated,v,bulkheadyoungs,nickdepth,nickw,nickc,bbmin
1045,-0.247451,3.42488,0.639488,0,3.49222,21.5,0.799866,0.198611,0.124845,0.501949
59,-0.265911,3.42501,0.498535,0,3.49222,21.5,0.799866,0.198611,0.124845,0.501949
187,-0.208169,3.42482,0.771002,0,3.49222,21.5,0.799866,0.198611,0.124845,0.501949
1045,-0.247451,3.42488,0.639488,0,3.49222,21.5,0.799866,0.198611,0.124845,0.501949
616,-0.145957,3.42471,0.882608,0,3.49222,21.5,0.799866,0.198611,0.124845,0.501949
187,-0.208169,3.42482,0.771002,0,3.49222,21.5,0.799866,0.198611,0.124845,0.501949
16,-0.0674687,3.42464,0.97127,0,3.49222,21.5,0.799866,0.198611,0.124845,0.501949
616,-0.145957,3.42471,0.882608,0,3.49222,21.5,0.799866,0.198611,0.124845,0.501949
16,-0.0674687,3.42464,0.97127,0,3.49222,21.5,0.799866,0.198611,0.124845,0.501949
615,0.0258373,3.42458,1.02223,0,3.49222,21.5,0.799866,0.198611,0.124845,0.501949
615,0.0258373,3.42458,1.02223,0,3.49222,21.5,0.799866,0.198611,0.124845,0.501949
186,0.125006,3.42459,1.0387,0,3.49222,21.5,0.799866,0.198611,0.124845,0.501949
186,0.125006,3.42459,1.0387,0,3.49222,21.5,0.799866,0.198611,0.124845,0.501949
1044,0.224185,3.42459,1.02225,0,3.49222,21.5,0.799866,0.198611,0.124845,0.501949
1044,0.224185,3.42459,1.02225,0,3.49222,21.5,0.799866,0.198611,0.124845,0.501949
38,0.317509,3.42462,0.971246,0,3.49222,21.5,0.799866,0.198611,0.124845,0.501949
38,0.317509,3.42462,0.971246,0,3.49222,21.5,0.799866,0.198611,0.124845,0.501949
664,0.395983,3.42471,0.882616,0,3.49222,21.5,0.799866,0.198611,0.124845,0.501949
664,0.395983,3.42471,0.882616,0,3.49222,21.5,0.799866,0.198611,0.124845,0.501949
235,0.45817,3.42487,0.771016,0,3.49222,21.5,0.799866,0.198611,0.124845,0.501949
235,0.45817,3.42487,0.771016,0,3.49222,21.5,0.799866,0.198611,0.124845,0.501949
1093,0.49744,3.42494,0.639484,0,3.49222,21.5,0.799866,0.198611,0.124845,0.501949
1093,0.49744,3.42494,0.639484,0,3.49222,21.5,0.799866,0.198611,0.124845,0.501949
60,0.51596,3.42504,0.498637,0,3.49222,21.5,0.799866,0.198611,0.124845,0.501949
1045,-0.2611,3.43353,0.644802,1,3.49222,21.5,0.799866,0.198611,0.124845,0.501949
59,-0.286121,3.43378,0.504415,1,3.49222,21.5,0.799866,0.198611,0.124845,0.501949
187,-0.214208,3.43342,0.774029,1,3.49222,21.5,0.799866,0.198611,0.124845,0.501949
1045,-0.2611,3.43353,0.644802,1,3.49222,21.5,0.799866,0.198611,0.124845,0.501949
616,-0.146033,3.43317,0.881213,1,3.49222,21.5,0.799866,0.198611,0.124845,0.501949
187,-0.214208,3.43342,0.774029,1,3.49222,21.5,0.799866,0.198611,0.124845,0.501949
16,-0.0644767,3.43285,0.964606,1,3.49222,21.5,0.799866,0.198611,0.124845,0.501949
616,-0.146033,3.43317,0.881213,1,3.49222,21.5,0.799866,0.198611,0.124845,0.501949
16,-0.0644767,3.43285,0.964606,1,3.49222,21.5,0.799866,0.198611,0.124845,0.501949
615,0.0280442,3.43281,1.01138,1,3.49222,21.5,0.799866,0.198611,0.124845,0.501949
615,0.0280442,3.43281,1.01138,1,3.49222,21.5,0.799866,0.198611,0.124845,0.501949
186,0.124963,3.43272,1.02694,1,3.49222,21.5,0.799866,0.198611,0.124845,0.501949
186,0.124963,3.43272,1.02694,1,3.49222,21.5,0.799866,0.198611,0.124845,0.501949
1044,0.221876,3.43279,1.01147,1,3.49222,21.5,0.799866,0.198611,0.124845,0.501949
1044,0.221876,3.43279,1.01147,1,3.49222,21.5,0.799866,0.198611,0.124845,0.501949
38,0.314461,3.43286,0.964606,1,3.49222,21.5,0.799866,0.198611,0.124845,0.501949
38,0.314461,3.43286,0.964606,1,3.49222,21.5,0.799866,0.198611,0.124845,0.501949
664,0.396063,3.43318,0.881278,1,3.49222,21.5,0.799866,0.198611,0.124845,0.501949
664,0.396063,3.43318,0.881278,1,3.49222,21.5,0.799866,0.198611,0.124845,0.501949
235,0.464309,3.43339,0.77414,1,3.49222,21.5,0.799866,0.198611,0.124845,0.501949
235,0.464309,3.43339,0.77414,1,3.49222,21.5,0.799866,0.198611,0.124845,0.501949
1093,0.511223,3.43353,0.644944,1,3.49222,21.5,0.799866,0.198611,0.124845,0.501949
1093,0.511223,3.43353,0.644944,1,3.49222,21.5,0.799866,0.198611,0.124845,0.501949
60,0.536157,3.43377,0.504535,1,3.49222,21.5,0.799866,0.198611,0.124845,0.501949
1045,-0.250668,3.43838,0.645961,0,3.99222,21.5,0.807136,0.198611,0.124847,0.50922
59,-0.270882,3.4389,0.50271,0,3.99222,21.5,0.807136,0.198611,0.124847,0.50922
187,-0.210244,3.43818,0.778202,0,3.99222,21.5,0.807136,0.198611,0.124847,0.50922
1045,-0.250668,3.43838,0.645961,0,3.99222,21.5,0.807136,0.198611,0.124847,0.50922
616,-0.146728,3.43802,0.889922,0,3.99222,21.5,0.807136,0.198611,0.124847,0.50922
187,-0.210244,3.43818,0.778202,0,3.99222,21.5,0.807136,0.198611,0.124847,0.50922
16,-0.0671006,3.43807,0.97809,0,3.99222,21.5,0.807136,0.198611,0.124847,0.50922
616,-0.146728,3.43802,0.889922,0,3.99222,21.5,0.807136,0.198611,0.124847,0.50922
16,-0.0671006,3.43807,0.97809,0,3.99222,21.5,0.807136,0.198611,0.124847,0.50922
615,0.0262733,3.43837,1.02857,0,3.99222,21.5,0.807136,0.198611,0.124847,0.50922
615,0.0262733,3.43837,1.02857,0,3.99222,21.5,0.807136,0.198611,0.124847,0.50922
186,0.124998,3.43874,1.04501,0,3.99222,21.5,0.807136,0.198611,0.124847,0.50922
186,0.124998,3.43874,1.04501,0,3.99222,21.5,0.807136,0.198611,0.124847,0.50922
1044,0.223731,3.43837,1.0286,0,3.99222,21.5,0.807136,0.198611,0.124847,0.50922
1044,0.223731,3.43837,1.0286,0,3.99222,21.5,0.807136,0.198611,0.124847,0.50922
38,0.317148,3.43811,0.978105,0,3.99222,21.5,0.807136,0.198611,0.124847,0.50922
38,0.317148,3.43811,0.978105,0,3.99222,21.5,0.807136,0.198611,0.124847,0.50922
664,0.39673,3.43812,0.889947,0,3.99222,21.5,0.807136,0.198611,0.124847,0.50922
664,0.39673,3.43812,0.889947,0,3.99222,21.5,0.807136,0.198611,0.124847,0.50922
235,0.460244,3.43814,0.778184,0,3.99222,21.5,0.807136,0.198611,0.124847,0.50922
235,0.460244,3.43814,0.778184,0,3.99222,21.5,0.807136,0.198611,0.124847,0.50922
1093,0.500745,3.43838,0.645897,0,3.99222,21.5,0.807136,0.198611,0.124847,0.50922
1093,0.500745,3.43838,0.645897,0,3.99222,21.5,0.807136,0.198611,0.124847,0.50922
60,0.520847,3.43882,0.502641,0,3.99222,21.5,0.807136,0.198611,0.124847,0.50922
1045,-0.273299,3.46157,0.65684,1,3.99222,21.5,0.807136,0.198611,0.124847,0.50922
59,-0.300326,3.46147,0.512686,1,3.99222,21.5,0.807136,0.198611,0.124847,0.50922
187,-0.221685,3.46104,0.786658,1,3.99222,21.5,0.807136,0.198611,0.124847,0.50922
1045,-0.273299,3.46157,0.65684,1,3.99222,21.5,0.807136,0.198611,0.124847,0.50922
616,-0.149177,3.4606,0.892508,1,3.99222,21.5,0.807136,0.198611,0.124847,0.50922
187,-0.221685,3.46104,0.786658,1,3.99222,21.5,0.807136,0.198611,0.124847,0.50922
16,-0.0644688,3.46023,0.973727,1,3.99222,21.5,0.807136,0.198611,0.124847,0.50922
616,-0.149177,3.4606,0.892508,1,3.99222,21.5,0.807136,0.198611,0.124847,0.50922
16,-0.0644688,3.46023,0.973727,1,3.99222,21.5,0.807136,0.198611,0.124847,0.50922
615,0.0290353,3.45999,1.0185,1,3.99222,21.5,0.807136,0.198611,0.124847,0.50922
615,0.0290353,3.45999,1.0185,1,3.99222,21.5,0.807136,0.198611,0.124847,0.50922
186,0.125071,3.45988,1.03294,1,3.99222,21.5,0.807136,0.198611,0.124847,0.50922
186,0.125071,3.45988,1.03294,1,3.99222,21.5,0.807136,0.198611,0.124847,0.50922
1044,0.221097,3.45996,1.01846,1,3.99222,21.5,0.807136,0.198611,0.124847,0.50922
1044,0.221097,3.45996,1.01846,1,3.99222,21.5,0.807136,0.198611,0.124847,0.50922
38,0.314571,3.46018,0.973622,1,3.99222,21.5,0.807136,0.198611,0.124847,0.50922
38,0.314571,3.46018,0.973622,1,3.99222,21.5,0.807136,0.198611,0.124847,0.50922
664,0.399201,3.46063,0.892322,1,3.99222,21.5,0.807136,0.198611,0.124847,0.50922
664,0.399201,3.46063,0.892322,1,3.99222,21.5,0.807136,0.198611,0.124847,0.50922
235,0.471662,3.46118,0.786555,1,3.99222,21.5,0.807136,0.198611,0.124847,0.50922
235,0.471662,3.46118,0.786555,1,3.99222,21.5,0.807136,0.198611,0.124847,0.50922
1093,0.523251,3.4616,0.656744,1,3.99222,21.5,0.807136,0.198611,0.124847,0.50922
1093,0.523251,3.4616,0.656744,1,3.99222,21.5,0.807136,0.198611,0.124847,0.50922
60,0.55017,3.46155,0.512679,1,3.99222,21.5,0.807136,0.198611,0.124847,0.50922
1045,-0.254903,3.46797,0.656538,0,4.49222,21.5,0.824113,0.198611,0.124849,0.526196
59,-0.275292,3.46855,0.50984,0,4.49222,21.5,0.824113,0.198611,0.124849,0.526196
187,-0.214303,3.46793,0.790582,0,4.49222,21.5,0.824113,0.198611,0.124849,0.526196
1045,-0.254903,3.46797,0.656538,0,4.49222,21.5,0.824113,0.198611,0.124849,0.526196
616,-0.149879,3.46782,0.90336,0,4.49222,21.5,0.824113,0.198611,0.124849,0.526196
187,-0.214303,3.46793,0.790582,0,4.49222,21.5,0.824113,0.198611,0.124849,0.526196
16,-0.0686442,3.46787,0.991589,0,4.49222,21.5,0.824113,0.198611,0.124849,0.526196
616,-0.149879,3.46782,0.90336,0,4.49222,21.5,0.824113,0.198611,0.124849,0.526196
16,-0.0686442,3.46787,0.991589,0,4.49222,21.5,0.824113,0.198611,0.124849,0.526196
615,0.025956,3.46827,1.04179,0,4.49222,21.5,0.824113,0.198611,0.124849,0.526196
615,0.025956,3.46827,1.04179,0,4.49222,21.5,0.824113,0.198611,0.124849,0.526196
186,0.125004,3.46875,1.05806,0,4.49222,21.5,0.824113,0.198611,0.124849,0.526196
186,0.125004,3.46875,1.05806,0,4.49222,21.5,0.824113,0.198611,0.124849,0.526196
1044,0.224074,3.46826,1.04175,0,4.49222,21.5,0.824113,0.198611,0.124849,0.526196
1044,0.224074,3.46826,1.04175,0,4.49222,21.5,0.824113,0.198611,0.124849,0.526196
38,0.318649,3.468,0.991629,0,4.49222,21.5,0.824113,0.198611,0.124849,0.526196
38,0.318649,3.468,0.991629,0,4.49222,21.5,0.824113,0.198611,0.124849,0.526196
664,0.399847,3.46782,0.903379,0,4.49222,21.5,0.824113,0.198611,0.124849,0.526196
664,0.399847,3.46782,0.903379,0,4.49222,21.5,0.824113,0.198611,0.124849,0.526196
235,0.464246,3.4678,0.790554,0,4.49222,21.5,0.824113,0.198611,0.124849,0.526196
235,0.464246,3.4678,0.790554,0,4.49222,21.5,0.824113,0.198611,0.124849,0.526196
1093,0.504902,3.46795,0.65649,0,4.49222,21.5,0.824113,0.198611,0.124849,0.526196
1093,0.504902,3.46795,0.65649,0,4.49222,21.5,0.824113,0.198611,0.124849,0.526196
60,0.525411,3.46842,0.509902,0,4.49222,21.5,0.824113,0.198611,0.124849,0.526196
1045,-0.285073,3.49495,0.670143,1,4.49222,21.5,0.824113,0.198611,0.124849,0.526196
59,-0.314405,3.49538,0.522241,1,4.49222,21.5,0.824113,0.198611,0.124849,0.526196
187,-0.228925,3.49449,0.800706,1,4.49222,21.5,0.824113,0.198611,0.124849,0.526196
1045,-0.285073,3.49495,0.670143,1,4.49222,21.5,0.824113,0.198611,0.124849,0.526196
616,-0.152391,3.49416,0.905341,1,4.49222,21.5,0.824113,0.198611,0.124849,0.526196
187,-0.228925,3.49449,0.800706,1,4.49222,21.5,0.824113,0.198611,0.124849,0.526196
16,-0.0651501,3.49386,0.984548,1,4.49222,21.5,0.824113,0.198611,0.124849,0.526196
616,-0.152391,3.49416,0.905341,1,4.49222,21.5,0.824113,0.198611,0.124849,0.526196
16,-0.0651501,3.49386,0.984548,1,4.49222,21.5,0.824113,0.198611,0.124849,0.526196
615,0.0292774,3.49357,1.02796,1,4.49222,21.5,0.824113,0.198611,0.124849,0.526196
615,0.0292774,3.49357,1.02796,1,4.49222,21.5,0.824113,0.198611,0.124849,0.526196
186,0.125064,3.49352,1.04194,1,4.49222,21.5,0.824113,0.198611,0.124849,0.526196
186,0.125064,3.49352,1.04194,1,4.49222,21.5,0.824113,0.198611,0.124849,0.526196
1044,0.220843,3.49358,1.02806,1,4.49222,21.5,0.824113,0.198611,0.124849,0.526196
1044,0.220843,3.49358,1.02806,1,4.49222,21.5,0.824113,0.198611,0.124849,0.526196
38,0.315357,3.49383,0.984758,1,4.49222,21.5,0.824113,0.198611,0.124849,0.526196
38,0.315357,3.49383,0.984758,1,4.49222,21.5,0.824113,0.198611,0.124849,0.526196
664,0.402673,3.49424,0.90555,1,4.49222,21.5,0.824113,0.198611,0.124849,0.526196
664,0.402673,3.49424,0.90555,1,4.49222,21.5,0.824113,0.198611,0.124849,0.526196
235,0.479237,3.4946,0.800874,1,4.49222,21.5,0.824113,0.198611,0.124849,0.526196
235,0.479237,3.4946,0.800874,1,4.49222,21.5,0.824113,0.198611,0.124849,0.526196
1093,0.535198,3.49504,0.670197,1,4.49222,21.5,0.824113,0.198611,0.124849,0.526196
1093,0.535198,3.49504,0.670197,1,4.49222,21.5,0.824113,0.198611,0.124849,0.526196
60,0.564242,3.49536,0.522249,1,4.49222,21.5,0.824113,0.198611,0.124849,0.526196
1045,-0.259316,3.50122,0.665439,0,4.99222,21.5,0.837366,0.198611,0.124843,0.539449
59,-0.281284,3.50178,0.516132,0,4.99222,21.5,0.837366,0.198611,0.124843,0.539449
187,-0.217734,3.50082,0.800745,0,4.99222,21.5,0.837366,0.198611,0.124843,0.539449
1045,-0.259316,3.50122,0.665439,0,4.99222,21.5,0.837366,0.198611,0.124843,0.539449
616,-0.152133,3.50067,0.914548,0,4.99222,21.5,0.837366,0.198611,0.124843,0.539449
187,-0.217734,3.50082,0.800745,0,4.99222,21.5,0.837366,0.198611,0.124843,0.539449
16,-0.0695979,3.5007,1.00311,0,4.99222,21.5,0.837366,0.198611,0.124843,0.539449
616,-0.152133,3.50067,0.914548,0,4.99222,21.5,0.837366,0.198611,0.124843,0.539449
16,-0.0695979,3.5007,1.00311,0,4.99222,21.5,0.837366,0.198611,0.124843,0.539449
615,0.0258711,3.50091,1.05341,0,4.99222,21.5,0.837366,0.198611,0.124843,0.539449
615,0.0258711,3.50091,1.05341,0,4.99222,21.5,0.837366,0.198611,0.124843,0.539449
186,0.125008,3.5012,1.06973,0,4.99222,21.5,0.837366,0.198611,0.124843,0.539449
186,0.125008,3.5012,1.06973,0,4.99222,21.5,0.837366,0.198611,0.124843,0.539449
1044,0.224179,3.50101,1.05339,0,4.99222,21.5,0.837366,0.198611,0.124843,0.539449
1044,0.224179,3.50101,1.05339,0,4.99222,21.5,0.837366,0.198611,0.124843,0.539449
38,0.319644,3.50074,1.00307,0,4.99222,21.5,0.837366,0.198611,0.124843,0.539449
38,0.319644,3.50074,1.00307,0,4.99222,21.5,0.837366,0.198611,0.124843,0.539449
664,0.402158,3.50064,0.914501,0,4.99222,21.5,0.837366,0.198611,0.124843,0.539449
664,0.402158,3.50064,0.914501,0,4.99222,21.5,0.837366,0.198611,0.124843,0.539449
235,0.467723,3.50086,0.80079,0,4.99222,21.5,0.837366,0.198611,0.124843,0.539449
235,0.467723,3.50086,0.80079,0,4.99222,21.5,0.837366,0.198611,0.124843,0.539449
1093,0.509333,3.5011,0.665482,0,4.99222,21.5,0.837366,0.198611,0.124843,0.539449
1093,0.509333,3.5011,0.665482,0,4.99222,21.5,0.837366,0.198611,0.124843,0.539449
60,0.531355,3.50188,0.516263,0,4.99222,21.5,0.837366,0.198611,0.124843,0.539449
1045,-0.294552,3.52822,0.681191,1,4.99222,21.5,0.837366,0.198611,0.124843,0.539449
59,-0.32502,3.52865,0.529478,1,4.99222,21.5,0.837366,0.198611,0.124843,0.539449
187,-0.235452,3.52769,0.813159,1,4.99222,21.5,0.837366,0.198611,0.124843,0.539449
1045,-0.294552,3.52822,0.681191,1,4.99222,21.5,0.837366,0.198611,0.124843,0.539449
616,-0.155807,3.52726,0.917656,1,4.99222,21.5,0.837366,0.198611,0.124843,0.539449
187,-0.235452,3.52769,0.813159,1,4.99222,21.5,0.837366,0.198611,0.124843,0.539449
16,-0.0662752,3.5269,0.99572,1,4.99222,21.5,0.837366,0.198611,0.124843,0.539449
616,-0.155807,3.52726,0.917656,1,4.99222,21.5,0.837366,0.198611,0.124843,0.539449
16,-0.0662752,3.5269,0.99572,1,4.99222,21.5,0.837366,0.198611,0.124843,0.539449
615,0.0290091,3.52671,1.0384,1,4.99222,21.5,0.837366,0.198611,0.124843,0.539449
615,0.0290091,3.52671,1.0384,1,4.99222,21.5,0.837366,0.198611,0.124843,0.539449
186,0.124993,3.52665,1.05237,1,4.99222,21.5,0.837366,0.198611,0.124843,0.539449
186,0.124993,3.52665,1.05237,1,4.99222,21.5,0.837366,0.198611,0.124843,0.539449
1044,0.221016,3.52673,1.03846,1,4.99222,21.5,0.837366,0.198611,0.124843,0.539449
1044,0.221016,3.52673,1.03846,1,4.99222,21.5,0.837366,0.198611,0.124843,0.539449
38,0.316349,3.52692,0.995834,1,4.99222,21.5,0.837366,0.198611,0.124843,0.539449
38,0.316349,3.52692,0.995834,1,4.99222,21.5,0.837366,0.198611,0.124843,0.539449
664,0.405941,3.52728,0.917726,1,4.99222,21.5,0.837366,0.198611,0.124843,0.539449
664,0.405941,3.52728,0.917726,1,4.99222,21.5,0.837366,0.198611,0.124843,0.539449
235,0.485512,3.52769,0.813169,1,4.99222,21.5,0.837366,0.198611,0.124843,0.539449
235,0.485512,3.52769,0.813169,1,4.99222,21.5,0.837366,0.198611,0.124843,0.539449
1093,0.544525,3.52824,0.681165,1,4.99222,21.5,0.837366,0.198611,0.124843,0.539449
1093,0.544525,3.52824,0.681165,1,4.99222,21.5,0.837366,0.198611,0.124843,0.539449
60,0.574928,3.52875,0.529586,1,4.99222,21.5,0.837366,0.198611,0.124843,0.539449
1045,-0.264785,3.53891,0.676871,0,5.49222,21.5,0.854123,0.198611,0.124839,0.556206
59,-0.287401,3.53983,0.524198,0,5.49222,21.5,0.854123,0.198611,0.124839,0.556206
187,-0.221509,3.53836,0.81387,0,5.49222,21.5,0.854123,0.198611,0.124839,0.556206
1045,-0.264785,3.53891,0.676871,0,5.49222,21.5,0.854123,0.198611,0.124839,0.556206
616,-0.154076,3.53805,0.9282,0,5.49222,21.5,0.854123,0.198611,0.124839,0.556206
187,-0.221509,3.53836,0.81387,0,5.49222,21.5,0.854123,0.198611,0.124839,0.556206
16,-0.070152,3.53832,1.01667,0,5.49222,21.5,0.854123,0.198611,0.124839,0.556206
616,-0.154076,3.53805,0.9282,0,5.49222,21.5,0.854123,0.198611,0.124839,0.556206
16,-0.070152,3.53832,1.01667,0,5.49222,21.5,0.854123,0.198611,0.124839,0.556206
615,0.0259234,3.53885,1.06677,0,5.49222,21.5,0.854123,0.198611,0.124839,0.556206
615,0.0259234,3.53885,1.06677,0,5.49222,21.5,0.854123,0.198611,0.124839,0.556206
186,0.125119,3.53911,1.08322,0,5.49222,21.5,0.854123,0.198611,0.124839,0.556206
186,0.125119,3.53911,1.08322,0,5.49222,21.5,0.854123,0.198611,0.124839,0.556206
1044,0.224187,3.53873,1.06677,0,5.49222,21.5,0.854123,0.198611,0.124839,0.556206
1044,0.224187,3.53873,1.06677,0,5.49222,21.5,0.854123,0.198611,0.124839,0.556206
38,0.320242,3.53824,1.01668,0,5.49222,21.5,0.854123,0.198611,0.124839,0.556206
38,0.320242,3.53824,1.01668,0,5.49222,21.5,0.854123,0.198611,0.124839,0.556206
664,0.404147,3.5381,0.928316,0,5.49222,21.5,0.854123,0.198611,0.124839,0.556206
664,0.404147,3.5381,0.928316,0,5.49222,21.5,0.854123,0.198611,0.124839,0.556206
235,0.471618,3.53848,0.814063,0,5.49222,21.5,0.854123,0.198611,0.124839,0.556206
235,0.471618,3.53848,0.814063,0,5.49222,21.5,0.854123,0.198611,0.124839,0.556206
1093,0.514668,3.53902,0.676923,0,5.49222,21.5,0.854123,0.198611,0.124839,0.556206
1093,0.514668,3.53902,0.676923,0,5.49222,21.5,0.854123,0.198611,0.124839,0.556206
60,0.53734,3.54,0.52454,0,5.49222,21.5,0.854123,0.198611,0.124839,0.556206
1045,-0.303938,3.56066,0.691437,1,5.49222,21.5,0.854123,0.198611,0.124839,0.556206
59,-0.335987,3.56106,0.536221,1,5.49222,21.5,0.854123,0.198611,0.124839,0.556206
187,-0.241863,3.56031,0.824766,1,5.49222,21.5,0.854123,0.198611,0.124839,0.556206
1045,-0.303938,3.56066,0.691437,1,5.49222,21.5,0.854123,0.198611,0.124839,0.556206
616,-0.159231,3.56001,0.929217,1,5.49222,21.5,0.854123,0.198611,0.124839,0.556206
187,-0.241863,3.56031,0.824766,1,5.49222,21.5,0.854123,0.198611,0.124839,0.556206
16,-0.0673698,3.55973,1.00632,1,5.49222,21.5,0.854123,0.198611,0.124839,0.556206
616,-0.159231,3.56001,0.929217,1,5.49222,21.5,0.854123,0.198611,0.124839,0.556206
16,-0.0673698,3.55973,1.00632,1,5.49222,21.5,0.854123,0.198611,0.124839,0.556206
615,0.0289625,3.55953,1.04818,1,5.49222,21.5,0.854123,0.198611,0.124839,0.556206
615,0.0289625,3.55953,1.04818,1,5.49222,21.5,0.854123,0.198611,0.124839,0.556206
186,0.124961,3.55945,1.06217,1,5.49222,21.5,0.854123,0.198611,0.124839,0.556206
186,0.124961,3.55945,1.06217,1,5.49222,21.5,0.854123,0.198611,0.124839,0.556206
1044,0.220994,3.55954,1.04832,1,5.49222,21.5,0.854123,0.198611,0.124839,0.556206
1044,0.220994,3.55954,1.04832,1,5.49222,21.5,0.854123,0.198611,0.124839,0.556206
38,0.317393,3.55976,1.00655,1,5.49222,21.5,0.854123,0.198611,0.124839,0.556206
38,0.317393,3.55976,1.00655,1,5.49222,21.5,0.854123,0.198611,0.124839,0.556206
664,0.40936,3.56009,0.929422,1,5.49222,21.5,0.854123,0.198611,0.124839,0.556206
664,0.40936,3.56009,0.929422,1,5.49222,21.5,0.854123,0.198611,0.124839,0.556206
235,0.491983,3.5604,0.824903,1,5.49222,21.5,0.854123,0.198611,0.124839,0.556206
235,0.491983,3.5604,0.824903,1,5.49222,21.5,0.854123,0.198611,0.124839,0.556206
1093,0.553892,3.56074,0.691489,1,5.49222,21.5,0.854123,0.198611,0.124839,0.556206
1093,0.553892,3.56074,0.691489,1,5.49222,21.5,0.854123,0.198611,0.124839,0.556206
60,0.585901,3.56109,0.536376,1,5.49222,21.5,0.854123,0.198611,0.124839,0.556206
1045,-0.26727,3.57122,0.684091,0,5.99222,21.5,0.865834,0.198611,0.124844,0.567918
59,-0.291288,3.57221,0.529061,0,5.99222,21.5,0.865834,0.198611,0.124844,0.567918
187,-0.224336,3.57056,0.822748,0,5.99222,21.5,0.865834,0.198611,0.124844,0.567918
1045,-0.26727,3.57122,0.684091,0,5.99222,21.5,0.865834,0.198611,0.124844,0.567918
616,-0.156846,3.57026,0.938547,0,5.99222,21.5,0.865834,0.198611,0.124844,0.567918
187,-0.224336,3.57056,0.822748,0,5.99222,21.5,0.865834,0.198611,0.124844,0.567918
16,-0.0720578,3.57049,1.02786,0,5.99222,21.5,0.865834,0.198611,0.124844,0.567918
616,-0.156846,3.57026,0.938547,0,5.99222,21.5,0.865834,0.198611,0.124844,0.567918
16,-0.0720578,3.57049,1.02786,0,5.99222,21.5,0.865834,0.198611,0.124844,0.567918
615,0.0251948,3.57083,1.07807,0,5.99222,21.5,0.865834,0.198611,0.124844,0.567918
615,0.0251948,3.57083,1.07807,0,5.99222,21.5,0.865834,0.198611,0.124844,0.567918
186,0.124975,3.57106,1.09466,0,5.99222,21.5,0.865834,0.198611,0.124844,0.567918
186,0.124975,3.57106,1.09466,0,5.99222,21.5,0.865834,0.198611,0.124844,0.567918
1044,0.224784,3.57082,1.07819,0,5.99222,21.5,0.865834,0.198611,0.124844,0.567918
1044,0.224784,3.57082,1.07819,0,5.99222,21.5,0.865834,0.198611,0.124844,0.567918
38,0.322098,3.57047,1.02789,0,5.99222,21.5,0.865834,0.198611,0.124844,0.567918
38,0.322098,3.57047,1.02789,0,5.99222,21.5,0.865834,0.198611,0.124844,0.567918
664,0.406813,3.57028,0.938522,0,5.99222,21.5,0.865834,0.198611,0.124844,0.567918
664,0.406813,3.57028,0.938522,0,5.99222,21.5,0.865834,0.198611,0.124844,0.567918
235,0.474386,3.5706,0.822762,0,5.99222,21.5,0.865834,0.198611,0.124844,0.567918
235,0.474386,3.5706,0.822762,0,5.99222,21.5,0.865834,0.198611,0.124844,0.567918
1093,0.517319,3.57126,0.684123,0,5.99222,21.5,0.865834,0.198611,0.124844,0.567918
1093,0.517319,3.57126,0.684123,0,5.99222,21.5,0.865834,0.198611,0.124844,0.567918
60,0.541326,3.57253,0.529064,0,5.99222,21.5,0.865834,0.198611,0.124844,0.567918
1045,-0.312246,3.59248,0.700218,1,5.99222,21.5,0.865834,0.198611,0.124844,0.567918
59,-0.345764,3.5928,0.541884,1,5.99222,21.5,0.865834,0.198611,0.124844,0.567918
187,-0.247913,3.59228,0.835064,1,5.99222,21.5,0.865834,0.198611,0.124844,0.567918
1045,-0.312246,3.59248,0.700218,1,5.99222,21.5,0.865834,0.198611,0.124844,0.567918
616,-0.162716,3.59212,0.939805,1,5.99222,21.5,0.865834,0.198611,0.124844,0.567918
187,-0.247913,3.59228,0.835064,1,5.99222,21.5,0.865834,0.198611,0.124844,0.567918
16,-0.0688002,3.5919,1.01643,1,5.99222,21.5,0.865834,0.198611,0.124844,0.567918
616,-0.162716,3.59212,0.939805,1,5.99222,21.5,0.865834,0.198611,0.124844,0.567918
16,-0.0688002,3.5919,1.01643,1,5.99222,21.5,0.865834,0.198611,0.124844,0.567918
615,0.0287296,3.59175,1.05786,1,5.99222,21.5,0.865834,0.198611,0.124844,0.567918
615,0.0287296,3.59175,1.05786,1,5.99222,21.5,0.865834,0.198611,0.124844,0.567918
186,0.125025,3.59162,1.0719,1,5.99222,21.5,0.865834,0.198611,0.124844,0.567918
186,0.125025,3.59162,1.0719,1,5.99222,21.5,0.865834,0.198611,0.124844,0.567918
1044,0.221333,3.59175,1.05794,1,5.99222,21.5,0.865834,0.198611,0.124844,0.567918
1044,0.221333,3.59175,1.05794,1,5.99222,21.5,0.865834,0.198611,0.124844,0.567918
38,0.318899,3.5919,1.01654,1,5.99222,21.5,0.865834,0.198611,0.124844,0.567918
38,0.318899,3.5919,1.01654,1,5.99222,21.5,0.865834,0.198611,0.124844,0.567918
664,0.41284,3.5921,0.939854,1,5.99222,21.5,0.865834,0.198611,0.124844,0.567918
664,0.41284,3.5921,0.939854,1,5.99222,21.5,0.865834,0.198611,0.124844,0.567918
235,0.497923,3.59225,0.835007,1,5.99222,21.5,0.865834,0.198611,0.124844,0.567918
235,0.497923,3.59225,0.835007,1,5.99222,21.5,0.865834,0.198611,0.124844,0.567918
1093,0.56209,3.59243,0.700143,1,5.99222,21.5,0.865834,0.198611,0.124844,0.567918
1093,0.56209,3.59243,0.700143,1,5.99222,21.5,0.865834,0.198611,0.124844,0.567918
60,0.595573,3.59285,0.541838,1,5.99222,21.5,0.865834,0.198611,0.124844,0.567918
1045,-0.27086,3.6019,0.691346,0,6.49222,21.5,0.875294,0.198611,0.12484,0.577378
59,-0.297286,3.60269,0.53436,0,6.49222,21.5,0.875294,0.198611,0.12484,0.577378
187,-0.227094,3.60149,0.830952,0,6.49222,21.5,0.875294,0.198611,0.12484,0.577378
1045,-0.27086,3.6019,0.691346,0,6.49222,21.5,0.875294,0.198611,0.12484,0.577378
616,-0.158689,3.60134,0.947544,0,6.49222,21.5,0.875294,0.198611,0.12484,0.577378
187,-0.227094,3.60149,0.830952,0,6.49222,21.5,0.875294,0.198611,0.12484,0.577378
16,-0.0730869,3.60154,1.03742,0,6.49222,21.5,0.875294,0.198611,0.12484,0.577378
616,-0.158689,3.60134,0.947544,0,6.49222,21.5,0.875294,0.198611,0.12484,0.577378
16,-0.0730869,3.60154,1.03742,0,6.49222,21.5,0.875294,0.198611,0.12484,0.577378
615,0.0248857,3.60182,1.08826,0,6.49222,21.5,0.875294,0.198611,0.12484,0.577378
615,0.0248857,3.60182,1.08826,0,6.49222,21.5,0.875294,0.198611,0.12484,0.577378
186,0.124995,3.60207,1.10523,0,6.49222,21.5,0.875294,0.198611,0.12484,0.577378
186,0.124995,3.60207,1.10523,0,6.49222,21.5,0.875294,0.198611,0.12484,0.577378
1044,0.2251,3.60184,1.08825,0,6.49222,21.5,0.875294,0.198611,0.12484,0.577378
1044,0.2251,3.60184,1.08825,0,6.49222,21.5,0.875294,0.198611,0.12484,0.577378
38,0.323013,3.60155,1.03742,0,6.49222,21.5,0.875294,0.198611,0.12484,0.577378
38,0.323013,3.60155,1.03742,0,6.49222,21.5,0.875294,0.198611,0.12484,0.577378
664,0.408643,3.60137,0.947576,0,6.49222,21.5,0.875294,0.198611,0.12484,0.577378
664,0.408643,3.60137,0.947576,0,6.49222,21.5,0.875294,0.198611,0.12484,0.577378
235,0.477098,3.60149,0.830963,0,6.49222,21.5,0.875294,0.198611,0.12484,0.577378
235,0.477098,3.60149,0.830963,0,6.49222,21.5,0.875294,0.198611,0.12484,0.577378
1093,0.520853,3.60187,0.691361,0,6.49222,21.5,0.875294,0.198611,0.12484,0.577378
1093,0.520853,3.60187,0.691361,0,6.49222,21.5,0.875294,0.198611,0.12484,0.577378
60,0.547329,3.60282,0.53444,0,6.49222,21.5,0.875294,0.198611,0.12484,0.577378
1045,-0.320407,3.62098,0.708606,1,6.49222,21.5,0.875294,0.198611,0.12484,0.577378
59,-0.355455,3.62121,0.547215,1,6.49222,21.5,0.875294,0.198611,0.12484,0.577378
187,-0.253779,3.62084,0.844914,1,6.49222,21.5,0.875294,0.198611,0.12484,0.577378
1045,-0.320407,3.62098,0.708606,1,6.49222,21.5,0.875294,0.198611,0.12484,0.577378
616,-0.16609,3.62073,0.949985,1,6.49222,21.5,0.875294,0.198611,0.12484,0.577378
187,-0.253779,3.62084,0.844914,1,6.49222,21.5,0.875294,0.198611,0.12484,0.577378
16,-0.0701568,3.62059,1.02618,1,6.49222,21.5,0.875294,0.198611,0.12484,0.577378
616,-0.16609,3.62073,0.949985,1,6.49222,21.5,0.875294,0.198611,0.12484,0.577378
16,-0.0701568,3.62059,1.02618,1,6.49222,21.5,0.875294,0.198611,0.12484,0.577378
615,0.0284376,3.62044,1.06728,1,6.49222,21.5,0.875294,0.198611,0.12484,0.577378
615,0.0284376,3.62044,1.06728,1,6.49222,21.5,0.875294,0.198611,0.12484,0.577378
186,0.125012,3.62033,1.08149,1,6.49222,21.5,0.875294,0.198611,0.12484,0.577378
186,0.125012,3.62033,1.08149,1,6.49222,21.5,0.875294,0.198611,0.12484,0.577378
1044,0.221602,3.62043,1.06738,1,6.49222,21.5,0.875294,0.198611,0.12484,0.577378
1044,0.221602,3.62043,1.06738,1,6.49222,21.5,0.875294,0.198611,0.12484,0.577378
38,0.320262,3.62057,1.02631,1,6.49222,21.5,0.875294,0.198611,0.12484,0.577378
38,0.320262,3.62057,1.02631,1,6.49222,21.5,0.875294,0.198611,0.12484,0.577378
664,0.416198,3.62071,0.950033,1,6.49222,21.5,0.875294,0.198611,0.12484,0.577378
664,0.416198,3.62071,0.950033,1,6.49222,21.5,0.875294,0.198611,0.12484,0.577378
235,0.503747,3.62082,0.84484,1,6.49222,21.5,0.875294,0.198611,0.12484,0.577378
235,0.503747,3.62082,0.84484,1,6.49222,21.5,0.875294,0.198611,0.12484,0.577378
1093,0.570211,3.62097,0.708527,1,6.49222,21.5,0.875294,0.198611,0.12484,0.577378
1093,0.570211,3.62097,0.708527,1,6.49222,21.5,0.875294,0.198611,0.12484,0.577378
60,0.605268,3.62136,0.547183,1,6.49222,21.5,0.875294,0.198611,0.12484,0.577378
1045,-0.274776,3.63418,0.699086,0,6.99222,21.5,0.886941,0.198611,0.124834,0.589024
59,-0.303455,3.63479,0.540015,0,6.99222,21.5,0.886941,0.198611,0.124834,0.589024
187,-0.229698,3.6339,0.839824,0,6.99222,21.5,0.886941,0.198611,0.124834,0.589024
1045,-0.274776,3.63418,0.699086,0,6.99222,21.5,0.886941,0.198611,0.124834,0.589024
616,-0.160392,3.63406,0.957461,0,6.99222,21.5,0.886941,0.198611,0.124834,0.589024
187,-0.229698,3.6339,0.839824,0,6.99222,21.5,0.886941,0.198611,0.124834,0.589024
16,-0.0740308,3.63454,1.04824,0,6.99222,21.5,0.886941,0.198611,0.124834,0.589024
616,-0.160392,3.63406,0.957461,0,6.99222,21.5,0.886941,0.198611,0.124834,0.589024
16,-0.0740308,3.63454,1.04824,0,6.99222,21.5,0.886941,0.198611,0.124834,0.589024
615,0.0245052,3.63495,1.10011,0,6.99222,21.5,0.886941,0.198611,0.124834,0.589024
615,0.0245052,3.63495,1.10011,0,6.99222,21.5,0.886941,0.198611,0.124834,0.589024
186,0.125053,3.63525,1.11784,0,6.99222,21.5,0.886941,0.198611,0.124834,0.589024
186,0.125053,3.63525,1.11784,0,6.99222,21.5,0.886941,0.198611,0.124834,0.589024
1044,0.225583,3.63498,1.10009,0,6.99222,21.5,0.886941,0.198611,0.124834,0.589024
1044,0.225583,3.63498,1.10009,0,6.99222,21.5,0.886941,0.198611,0.124834,0.589024
38,0.324125,3.63456,1.04821,0,6.99222,21.5,0.886941,0.198611,0.124834,0.589024
38,0.324125,3.63456,1.04821,0,6.99222,21.5,0.886941,0.198611,0.124834,0.589024
664,0.410468,3.63403,0.957421,0,6.99222,21.5,0.886941,0.198611,0.124834,0.589024
664,0.410468,3.63403,0.957421,0,6.99222,21.5,0.886941,0.198611,0.124834,0.589024
235,0.479732,3.63386,0.839882,0,6.99222,21.5,0.886941,0.198611,0.124834,0.589024
235,0.479732,3.63386,0.839882,0,6.99222,21.5,0.886941,0.198611,0.124834,0.589024
1093,0.524683,3.63416,0.699126,0,6.99222,21.5,0.886941,0.198611,0.124834,0.589024
1093,0.524683,3.63416,0.699126,0,6.99222,21.5,0.886941,0.198611,0.124834,0.589024
60,0.553481,3.63496,0.540123,0,6.99222,21.5,0.886941,0.198611,0.124834,0.589024
1045,-0.3284,3.64988,0.716357,1,6.99222,21.5,0.886941,0.198611,0.124834,0.589024
59,-0.365144,3.64994,0.552212,1,6.99222,21.5,0.886941,0.198611,0.124834,0.589024
187,-0.259581,3.64993,0.854019,1,6.99222,21.5,0.886941,0.198611,0.124834,0.589024
1045,-0.3284,3.64988,0.716357,1,6.99222,21.5,0.886941,0.198611,0.124834,0.589024
616,-0.169512,3.65001,0.959362,1,6.99222,21.5,0.886941,0.198611,0.124834,0.589024
187,-0.259581,3.64993,0.854019,1,6.99222,21.5,0.886941,0.198611,0.124834,0.589024
16,-0.0716558,3.65001,1.03522,1,6.99222,21.5,0.886941,0.198611,0.124834,0.589024
616,-0.169512,3.65001,0.959362,1,6.99222,21.5,0.886941,0.198611,0.124834,0.589024
16,-0.0716558,3.65001,1.03522,1,6.99222,21.5,0.886941,0.198611,0.124834,0.589024
615,0.028084,3.6499,1.07606,1,6.99222,21.5,0.886941,0.198611,0.124834,0.589024
615,0.028084,3.6499,1.07606,1,6.99222,21.5,0.886941,0.198611,0.124834,0.589024
186,0.125008,3.64978,1.0905,1,6.99222,21.5,0.886941,0.198611,0.124834,0.589024
186,0.125008,3.64978,1.0905,1,6.99222,21.5,0.886941,0.198611,0.124834,0.589024
1044,0.221964,3.64989,1.07617,1,6.99222,21.5,0.886941,0.198611,0.124834,0.589024
1044,0.221964,3.64989,1.07617,1,6.99222,21.5,0.886941,0.198611,0.124834,0.589024
38,0.321741,3.65002,1.03538,1,6.99222,21.5,0.886941,0.198611,0.124834,0.589024
38,0.321741,3.65002,1.03538,1,6.99222,21.5,0.886941,0.198611,0.124834,0.589024
664,0.419586,3.65004,0.959447,1,6.99222,21.5,0.886941,0.198611,0.124834,0.589024
664,0.419586,3.65004,0.959447,1,6.99222,21.5,0.886941,0.198611,0.124834,0.589024
235,0.509516,3.64999,0.853973,1,6.99222,21.5,0.886941,0.198611,0.124834,0.589024
235,0.509516,3.64999,0.853973,1,6.99222,21.5,0.886941,0.198611,0.124834,0.589024
1093,0.578206,3.64992,0.716344,1,6.99222,21.5,0.886941,0.198611,0.124834,0.589024
1093,0.578206,3.64992,0.716344,1,6.99222,21.5,0.886941,0.198611,0.124834,0.589024
60,0.614926,3.65021,0.552187,1,6.99222,21.5,0.886941,0.198611,0.124834,0.589024
1045,-0.279182,3.66099,0.70547,0,7.49222,21.5,0.896934,0.198611,0.124835,0.599017
59,-0.309542,3.66151,0.544507,0,7.49222,21.5,0.896934,0.198611,0.124835,0.599017
187,-0.233335,3.66086,0.847485,0,7.49222,21.5,0.896934,0.198611,0.124835,0.599017
1045,-0.279182,3.66099,0.70547,0,7.49222,21.5,0.896934,0.198611,0.124835,0.599017
616,-0.162762,3.66096,0.965842,0,7.49222,21.5,0.896934,0.198611,0.124835,0.599017
187,-0.233335,3.66086,0.847485,0,7.49222,21.5,0.896934,0.198611,0.124835,0.599017
16,-0.0750626,3.66127,1.05662,0,7.49222,21.5,0.896934,0.198611,0.124835,0.599017
616,-0.162762,3.66096,0.965842,0,7.49222,21.5,0.896934,0.198611,0.124835,0.599017
16,-0.0750626,3.66127,1.05662,0,7.49222,21.5,0.896934,0.198611,0.124835,0.599017
615,0.0242929,3.66162,1.10836,0,7.49222,21.5,0.896934,0.198611,0.124835,0.599017
615,0.0242929,3.66162,1.10836,0,7.49222,21.5,0.896934,0.198611,0.124835,0.599017
186,0.124985,3.66188,1.12629,0,7.49222,21.5,0.896934,0.198611,0.124835,0.599017
186,0.124985,3.66188,1.12629,0,7.49222,21.5,0.896934,0.198611,0.124835,0.599017
1044,0.225698,3.66166,1.10836,0,7.49222,21.5,0.896934,0.198611,0.124835,0.599017
1044,0.225698,3.66166,1.10836,0,7.49222,21.5,0.896934,0.198611,0.124835,0.599017
38,0.325077,3.66126,1.05659,0,7.49222,21.5,0.896934,0.198611,0.124835,0.599017
38,0.325077,3.66126,1.05659,0,7.49222,21.5,0.896934,0.198611,0.124835,0.599017
664,0.412824,3.66089,0.965805,0,7.49222,21.5,0.896934,0.198611,0.124835,0.599017
664,0.412824,3.66089,0.965805,0,7.49222,21.5,0.896934,0.198611,0.124835,0.599017
235,0.483394,3.66082,0.84745,0,7.49222,21.5,0.896934,0.198611,0.124835,0.599017
235,0.483394,3.66082,0.84745,0,7.49222,21.5,0.896934,0.198611,0.124835,0.599017
1093,0.529207,3.66092,0.705456,0,7.49222,21.5,0.896934,0.198611,0.124835,0.599017
1093,0.529207,3.66092,0.705456,0,7.49222,21.5,0.896934,0.198611,0.124835,0.599017
60,0.559602,3.66163,0.544556,0,7.49222,21.5,0.896934,0.198611,0.124835,0.599017
1045,-0.340663,3.67555,0.724599,1,7.49222,21.5,0.896934,0.198611,0.124835,0.599017
59,-0.378969,3.67556,0.557293,1,7.49222,21.5,0.896934,0.198611,0.124835,0.599017
187,-0.268876,3.67565,0.863968,1,7.49222,21.5,0.896934,0.198611,0.124835,0.599017
1045,-0.340663,3.67555,0.724599,1,7.49222,21.5,0.896934,0.198611,0.124835,0.599017
616,-0.175075,3.67575,0.969503,1,7.49222,21.5,0.896934,0.198611,0.124835,0.599017
187,-0.268876,3.67565,0.863968,1,7.49222,21.5,0.896934,0.198611,0.124835,0.599017
16,-0.0738934,3.67574,1.04415,1,7.49222,21.5,0.896934,0.198611,0.124835,0.599017
616,-0.175075,3.67575,0.969503,1,7.49222,21.5,0.896934,0.198611,0.124835,0.599017
16,-0.0738934,3.67574,1.04415,1,7.49222,21.5,0.896934,0.198611,0.124835,0.599017
615,0.0276497,3.67566,1.08367,1,7.49222,21.5,0.896934,0.198611,0.124835,0.599017
615,0.0276497,3.67566,1.08367,1,7.49222,21.5,0.896934,0.198611,0.124835,0.599017
186,0.124976,3.67559,1.09786,1,7.49222,21.5,0.896934,0.198611,0.124835,0.599017
186,0.124976,3.67559,1.09786,1,7.49222,21.5,0.896934,0.198611,0.124835,0.599017
1044,0.222338,3.67568,1.08382,1,7.49222,21.5,0.896934,0.198611,0.124835,0.599017
1044,0.222338,3.67568,1.08382,1,7.49222,21.5,0.896934,0.198611,0.124835,0.599017
38,0.323988,3.67575,1.04441,1,7.49222,21.5,0.896934,0.198611,0.124835,0.599017
38,0.323988,3.67575,1.04441,1,7.49222,21.5,0.896934,0.198611,0.124835,0.599017
664,0.425208,3.67576,0.969658,1,7.49222,21.5,0.896934,0.198611,0.124835,0.599017
664,0.425208,3.67576,0.969658,1,7.49222,21.5,0.896934,0.198611,0.124835,0.599017
235,0.518819,3.67571,0.86397,1,7.49222,21.5,0.896934,0.198611,0.124835,0.599017
235,0.518819,3.67571,0.86397,1,7.49222,21.5,0.896934,0.198611,0.124835,0.599017
1093,0.590421,3.67564,0.724634,1,7.49222,21.5,0.896934,0.198611,0.124835,0.599017
1093,0.590421,3.67564,0.724634,1,7.49222,21.5,0.896934,0.198611,0.124835,0.599017
60,0.628692,3.67587,0.557332,1,7.49222,21.5,0.896934,0.198611,0.124835,0.599017
