id,x,y,z,ablated,v,bulkheadyoungs,nickdepth,nickw,nickc,bbmin
1045,-0.246345,3.42472,0.639566,0,3.49222,46.4,0.799356,0.198611,0.124845,0.50144
59,-0.264452,3.42484,0.499365,0,3.49222,46.4,0.799356,0.198611,0.124845,0.50144
187,-0.207334,3.42464,0.770958,0,3.49222,46.4,0.799356,0.198611,0.124845,0.50144
1045,-0.246345,3.42472,0.639566,0,3.49222,46.4,0.799356,0.198611,0.124845,0.50144
616,-0.145359,3.4245,0.882489,0,3.49222,46.4,0.799356,0.198611,0.124845,0.50144
187,-0.207334,3.42464,0.770958,0,3.49222,46.4,0.799356,0.198611,0.124845,0.50144
16,-0.0672317,3.42432,0.971166,0,3.49222,46.4,0.799356,0.198611,0.124845,0.50144
616,-0.145359,3.4245,0.882489,0,3.49222,46.4,0.799356,0.198611,0.124845,0.50144
16,-0.0672317,3.42432,0.971166,0,3.49222,46.4,0.799356,0.198611,0.124845,0.50144
615,0.0258374,3.42425,1.02228,0,3.49222,46.4,0.799356,0.198611,0.124845,0.50144
615,0.0258374,3.42425,1.02228,0,3.49222,46.4,0.799356,0.198611,0.124845,0.50144
186,0.125006,3.42424,1.03885,0,3.49222,46.4,0.799356,0.198611,0.124845,0.50144
186,0.125006,3.42424,1.03885,0,3.49222,46.4,0.799356,0.198611,0.124845,0.50144
1044,0.22416,3.42425,1.02228,0,3.49222,46.4,0.799356,0.198611,0.124845,0.50144
1044,0.22416,3.42425,1.02228,0,3.49222,46.4,0.799356,0.198611,0.124845,0.50144
38,0.317242,3.42433,0.971173,0,3.49222,46.4,0.799356,0.198611,0.124845,0.50144
38,0.317242,3.42433,0.971173,0,3.49222,46.4,0.799356,0.198611,0.124845,0.50144
664,0.395367,3.42449,0.882511,0,3.49222,46.4,0.799356,0.198611,0.124845,0.50144
664,0.395367,3.42449,0.882511,0,3.49222,46.4,0.799356,0.198611,0.124845,0.50144
235,0.457344,3.42465,0.770987,0,3.49222,46.4,0.799356,0.198611,0.124845,0.50144
235,0.457344,3.42465,0.770987,0,3.49222,46.4,0.799356,0.198611,0.124845,0.50144
1093,0.496335,3.42469,0.639588,0,3.49222,46.4,0.799356,0.198611,0.124845,0.50144
1093,0.496335,3.42469,0.639588,0,3.49222,46.4,0.799356,0.198611,0.124845,0.50144
60,0.514476,3.4248,0.499419,0,3.49222,46.4,0.799356,0.198611,0.124845,0.50144
1045,-0.255413,3.43097,0.641737,1,3.49222,46.4,0.799356,0.198611,0.124845,0.50144
59,-0.278618,3.4314,0.502171,1,3.49222,46.4,0.799356,0.198611,0.124845,0.50144
187,-0.210946,3.43064,0.77117,1,3.49222,46.4,0.799356,0.198611,0.124845,0.50144
1045,-0.255413,3.43097,0.641737,1,3.49222,46.4,0.799356,0.198611,0.124845,0.50144
616,-0.144848,3.43038,0.879516,1,3.49222,46.4,0.799356,0.198611,0.124845,0.50144
187,-0.210946,3.43064,0.77117,1,3.49222,46.4,0.799356,0.198611,0.124845,0.50144
16,-0.0646496,3.42978,0.96448,1,3.49222,46.4,0.799356,0.198611,0.124845,0.50144
616,-0.144848,3.43038,0.879516,1,3.49222,46.4,0.799356,0.198611,0.124845,0.50144
16,-0.0646496,3.42978,0.96448,1,3.49222,46.4,0.799356,0.198611,0.124845,0.50144
615,0.0279041,3.43004,1.01242,1,3.49222,46.4,0.799356,0.198611,0.124845,0.50144
615,0.0279041,3.43004,1.01242,1,3.49222,46.4,0.799356,0.198611,0.124845,0.50144
186,0.125082,3.43009,1.02827,1,3.49222,46.4,0.799356,0.198611,0.124845,0.50144
186,0.125082,3.43009,1.02827,1,3.49222,46.4,0.799356,0.198611,0.124845,0.50144
1044,0.22235,3.43026,1.01229,1,3.49222,46.4,0.799356,0.198611,0.124845,0.50144
1044,0.22235,3.43026,1.01229,1,3.49222,46.4,0.799356,0.198611,0.124845,0.50144
38,0.314901,3.42964,0.964332,1,3.49222,46.4,0.799356,0.198611,0.124845,0.50144
38,0.314901,3.42964,0.964332,1,3.49222,46.4,0.799356,0.198611,0.124845,0.50144
664,0.394815,3.4306,0.879262,1,3.49222,46.4,0.799356,0.198611,0.124845,0.50144
664,0.394815,3.4306,0.879262,1,3.49222,46.4,0.799356,0.198611,0.124845,0.50144
235,0.460878,3.43079,0.771126,1,3.49222,46.4,0.799356,0.198611,0.124845,0.50144
235,0.460878,3.43079,0.771126,1,3.49222,46.4,0.799356,0.198611,0.124845,0.50144
1093,0.50543,3.4312,0.641914,1,3.49222,46.4,0.799356,0.198611,0.124845,0.50144
1093,0.50543,3.4312,0.641914,1,3.49222,46.4,0.799356,0.198611,0.124845,0.50144
60,0.528507,3.43126,0.502332,1,3.49222,46.4,0.799356,0.198611,0.124845,0.50144
1045,-0.248079,3.4324,0.640911,0,3.99222,46.4,0.800126,0.198611,0.124853,0.502209
59,-0.267637,3.43259,0.499791,0,3.99222,46.4,0.800126,0.198611,0.124853,0.502209
187,-0.208262,3.43217,0.772308,0,3.99222,46.4,0.800126,0.198611,0.124853,0.502209
1045,-0.248079,3.4324,0.640911,0,3.99222,46.4,0.800126,0.198611,0.124853,0.502209
616,-0.145706,3.43198,0.88386,0,3.99222,46.4,0.800126,0.198611,0.124853,0.502209
187,-0.208262,3.43217,0.772308,0,3.99222,46.4,0.800126,0.198611,0.124853,0.502209
16,-0.0669586,3.43193,0.972113,0,3.99222,46.4,0.800126,0.198611,0.124853,0.502209
616,-0.145706,3.43198,0.88386,0,3.99222,46.4,0.800126,0.198611,0.124853,0.502209
16,-0.0669586,3.43193,0.972113,0,3.99222,46.4,0.800126,0.198611,0.124853,0.502209
615,0.0262629,3.43202,1.02278,0,3.99222,46.4,0.800126,0.198611,0.124853,0.502209
615,0.0262629,3.43202,1.02278,0,3.99222,46.4,0.800126,0.198611,0.124853,0.502209
186,0.125018,3.43227,1.03908,0,3.99222,46.4,0.800126,0.198611,0.124853,0.502209
186,0.125018,3.43227,1.03908,0,3.99222,46.4,0.800126,0.198611,0.124853,0.502209
1044,0.223808,3.43199,1.02278,0,3.99222,46.4,0.800126,0.198611,0.124853,0.502209
1044,0.223808,3.43199,1.02278,0,3.99222,46.4,0.800126,0.198611,0.124853,0.502209
38,0.31703,3.43191,0.972112,0,3.99222,46.4,0.800126,0.198611,0.124853,0.502209
38,0.31703,3.43191,0.972112,0,3.99222,46.4,0.800126,0.198611,0.124853,0.502209
664,0.395741,3.43198,0.883788,0,3.99222,46.4,0.800126,0.198611,0.124853,0.502209
664,0.395741,3.43198,0.883788,0,3.99222,46.4,0.800126,0.198611,0.124853,0.502209
235,0.458303,3.4321,0.772252,0,3.99222,46.4,0.800126,0.198611,0.124853,0.502209
235,0.458303,3.4321,0.772252,0,3.99222,46.4,0.800126,0.198611,0.124853,0.502209
1093,0.498067,3.43224,0.640854,0,3.99222,46.4,0.800126,0.198611,0.124853,0.502209
1093,0.498067,3.43224,0.640854,0,3.99222,46.4,0.800126,0.198611,0.124853,0.502209
60,0.51763,3.43272,0.499827,0,3.99222,46.4,0.800126,0.198611,0.124853,0.502209
1045,-0.26331,3.45828,0.654345,1,3.99222,46.4,0.800126,0.198611,0.124853,0.502209
59,-0.288275,3.45852,0.512666,1,3.99222,46.4,0.800126,0.198611,0.124853,0.502209
187,-0.2155,3.45794,0.783817,1,3.99222,46.4,0.800126,0.198611,0.124853,0.502209
1045,-0.26331,3.45828,0.654345,1,3.99222,46.4,0.800126,0.198611,0.124853,0.502209
616,-0.146467,3.45765,0.890984,1,3.99222,46.4,0.800126,0.198611,0.124853,0.502209
187,-0.2155,3.45794,0.783817,1,3.99222,46.4,0.800126,0.198611,0.124853,0.502209
16,-0.0642415,3.45703,0.974149,1,3.99222,46.4,0.800126,0.198611,0.124853,0.502209
616,-0.146467,3.45765,0.890984,1,3.99222,46.4,0.800126,0.198611,0.124853,0.502209
16,-0.0642415,3.45703,0.974149,1,3.99222,46.4,0.800126,0.198611,0.124853,0.502209
615,0.0285797,3.45681,1.02028,1,3.99222,46.4,0.800126,0.198611,0.124853,0.502209
615,0.0285797,3.45681,1.02028,1,3.99222,46.4,0.800126,0.198611,0.124853,0.502209
186,0.124975,3.4567,1.03574,1,3.99222,46.4,0.800126,0.198611,0.124853,0.502209
186,0.124975,3.4567,1.03574,1,3.99222,46.4,0.800126,0.198611,0.124853,0.502209
1044,0.221253,3.4569,1.02052,1,3.99222,46.4,0.800126,0.198611,0.124853,0.502209
1044,0.221253,3.4569,1.02052,1,3.99222,46.4,0.800126,0.198611,0.124853,0.502209
38,0.314076,3.4569,0.974493,1,3.99222,46.4,0.800126,0.198611,0.124853,0.502209
38,0.314076,3.4569,0.974493,1,3.99222,46.4,0.800126,0.198611,0.124853,0.502209
664,0.396475,3.45724,0.891361,1,3.99222,46.4,0.800126,0.198611,0.124853,0.502209
664,0.396475,3.45724,0.891361,1,3.99222,46.4,0.800126,0.198611,0.124853,0.502209
235,0.465586,3.45788,0.784154,1,3.99222,46.4,0.800126,0.198611,0.124853,0.502209
235,0.465586,3.45788,0.784154,1,3.99222,46.4,0.800126,0.198611,0.124853,0.502209
1093,0.513407,3.45841,0.654558,1,3.99222,46.4,0.800126,0.198611,0.124853,0.502209
1093,0.513407,3.45841,0.654558,1,3.99222,46.4,0.800126,0.198611,0.124853,0.502209
60,0.538301,3.45849,0.512866,1,3.99222,46.4,0.800126,0.198611,0.124853,0.502209
1045,-0.250548,3.46197,0.654794,0,4.49222,46.4,0.817434,0.198611,0.124848,0.519517
59,-0.270389,3.46208,0.511544,0,4.49222,46.4,0.817434,0.198611,0.124848,0.519517
187,-0.210309,3.46227,0.787152,0,4.49222,46.4,0.817434,0.198611,0.124848,0.519517
1045,-0.250548,3.46197,0.654794,0,4.49222,46.4,0.817434,0.198611,0.124848,0.519517
616,-0.146881,3.4621,0.898753,0,4.49222,46.4,0.817434,0.198611,0.124848,0.519517
187,-0.210309,3.46227,0.787152,0,4.49222,46.4,0.817434,0.198611,0.124848,0.519517
16,-0.0672138,3.46167,0.98666,0,4.49222,46.4,0.817434,0.198611,0.124848,0.519517
616,-0.146881,3.4621,0.898753,0,4.49222,46.4,0.817434,0.198611,0.124848,0.519517
16,-0.0672138,3.46167,0.98666,0,4.49222,46.4,0.817434,0.198611,0.124848,0.519517
615,0.0264074,3.46199,1.03691,0,4.49222,46.4,0.817434,0.198611,0.124848,0.519517
615,0.0264074,3.46199,1.03691,0,4.49222,46.4,0.817434,0.198611,0.124848,0.519517
186,0.125069,3.4623,1.05346,0,4.49222,46.4,0.817434,0.198611,0.124848,0.519517
186,0.125069,3.4623,1.05346,0,4.49222,46.4,0.817434,0.198611,0.124848,0.519517
1044,0.223667,3.46188,1.0371,0,4.49222,46.4,0.817434,0.198611,0.124848,0.519517
1044,0.223667,3.46188,1.0371,0,4.49222,46.4,0.817434,0.198611,0.124848,0.519517
38,0.317204,3.46162,0.986783,0,4.49222,46.4,0.817434,0.198611,0.124848,0.519517
38,0.317204,3.46162,0.986783,0,4.49222,46.4,0.817434,0.198611,0.124848,0.519517
664,0.396813,3.46189,0.898784,0,4.49222,46.4,0.817434,0.198611,0.124848,0.519517
664,0.396813,3.46189,0.898784,0,4.49222,46.4,0.817434,0.198611,0.124848,0.519517
235,0.460325,3.46211,0.787208,0,4.49222,46.4,0.817434,0.198611,0.124848,0.519517
235,0.460325,3.46211,0.787208,0,4.49222,46.4,0.817434,0.198611,0.124848,0.519517
1093,0.500614,3.4622,0.654884,0,4.49222,46.4,0.817434,0.198611,0.124848,0.519517
1093,0.500614,3.4622,0.654884,0,4.49222,46.4,0.817434,0.198611,0.124848,0.519517
60,0.520434,3.46242,0.511669,0,4.49222,46.4,0.817434,0.198611,0.124848,0.519517
1045,-0.271914,3.48986,0.665687,1,4.49222,46.4,0.817434,0.198611,0.124848,0.519517
59,-0.299263,3.49003,0.521929,1,4.49222,46.4,0.817434,0.198611,0.124848,0.519517
187,-0.220449,3.48915,0.795247,1,4.49222,46.4,0.817434,0.198611,0.124848,0.519517
1045,-0.271914,3.48986,0.665687,1,4.49222,46.4,0.817434,0.198611,0.124848,0.519517
616,-0.148318,3.48852,0.901039,1,4.49222,46.4,0.817434,0.198611,0.124848,0.519517
187,-0.220449,3.48915,0.795247,1,4.49222,46.4,0.817434,0.198611,0.124848,0.519517
16,-0.0640093,3.4879,0.982595,1,4.49222,46.4,0.817434,0.198611,0.124848,0.519517
616,-0.148318,3.48852,0.901039,1,4.49222,46.4,0.817434,0.198611,0.124848,0.519517
16,-0.0640093,3.4879,0.982595,1,4.49222,46.4,0.817434,0.198611,0.124848,0.519517
615,0.0293054,3.48722,1.02734,1,4.49222,46.4,0.817434,0.198611,0.124848,0.519517
615,0.0293054,3.48722,1.02734,1,4.49222,46.4,0.817434,0.198611,0.124848,0.519517
186,0.124957,3.4875,1.04201,1,4.49222,46.4,0.817434,0.198611,0.124848,0.519517
186,0.124957,3.4875,1.04201,1,4.49222,46.4,0.817434,0.198611,0.124848,0.519517
1044,0.22086,3.48738,1.02751,1,4.49222,46.4,0.817434,0.198611,0.124848,0.519517
1044,0.22086,3.48738,1.02751,1,4.49222,46.4,0.817434,0.198611,0.124848,0.519517
38,0.31418,3.48795,0.982673,1,4.49222,46.4,0.817434,0.198611,0.124848,0.519517
38,0.31418,3.48795,0.982673,1,4.49222,46.4,0.817434,0.198611,0.124848,0.519517
664,0.39826,3.48855,0.901172,1,4.49222,46.4,0.817434,0.198611,0.124848,0.519517
664,0.39826,3.48855,0.901172,1,4.49222,46.4,0.817434,0.198611,0.124848,0.519517
235,0.470406,3.48908,0.795354,1,4.49222,46.4,0.817434,0.198611,0.124848,0.519517
235,0.470406,3.48908,0.795354,1,4.49222,46.4,0.817434,0.198611,0.124848,0.519517
1093,0.521943,3.48998,0.665753,1,4.49222,46.4,0.817434,0.198611,0.124848,0.519517
1093,0.521943,3.48998,0.665753,1,4.49222,46.4,0.817434,0.198611,0.124848,0.519517
60,0.548899,3.48989,0.521791,1,4.49222,46.4,0.817434,0.198611,0.124848,0.519517
1045,-0.252343,3.49534,0.665282,0,4.99222,46.4,0.830715,0.198611,0.12485,0.532798
59,-0.272919,3.49555,0.519992,0,4.99222,46.4,0.830715,0.198611,0.12485,0.532798
187,-0.211464,3.49491,0.798384,0,4.99222,46.4,0.830715,0.198611,0.12485,0.532798
1045,-0.252343,3.49534,0.665282,0,4.99222,46.4,0.830715,0.198611,0.12485,0.532798
616,-0.147641,3.494,0.910551,0,4.99222,46.4,0.830715,0.198611,0.12485,0.532798
187,-0.211464,3.49491,0.798384,0,4.99222,46.4,0.830715,0.198611,0.12485,0.532798
16,-0.0677418,3.49332,0.999071,0,4.99222,46.4,0.830715,0.198611,0.12485,0.532798
616,-0.147641,3.494,0.910551,0,4.99222,46.4,0.830715,0.198611,0.12485,0.532798
16,-0.0677418,3.49332,0.999071,0,4.99222,46.4,0.830715,0.198611,0.12485,0.532798
615,0.0260669,3.49334,1.04983,0,4.99222,46.4,0.830715,0.198611,0.12485,0.532798
615,0.0260669,3.49334,1.04983,0,4.99222,46.4,0.830715,0.198611,0.12485,0.532798
186,0.125064,3.49352,1.06642,0,4.99222,46.4,0.830715,0.198611,0.12485,0.532798
186,0.125064,3.49352,1.06642,0,4.99222,46.4,0.830715,0.198611,0.12485,0.532798
1044,0.224046,3.49316,1.04983,0,4.99222,46.4,0.830715,0.198611,0.12485,0.532798
1044,0.224046,3.49316,1.04983,0,4.99222,46.4,0.830715,0.198611,0.12485,0.532798
38,0.317792,3.49326,0.999084,0,4.99222,46.4,0.830715,0.198611,0.12485,0.532798
38,0.317792,3.49326,0.999084,0,4.99222,46.4,0.830715,0.198611,0.12485,0.532798
664,0.397631,3.49424,0.91067,0,4.99222,46.4,0.830715,0.198611,0.12485,0.532798
664,0.397631,3.49424,0.91067,0,4.99222,46.4,0.830715,0.198611,0.12485,0.532798
235,0.461461,3.49501,0.79841,0,4.99222,46.4,0.830715,0.198611,0.12485,0.532798
235,0.461461,3.49501,0.79841,0,4.99222,46.4,0.830715,0.198611,0.12485,0.532798
1093,0.502289,3.49539,0.665377,0,4.99222,46.4,0.830715,0.198611,0.12485,0.532798
1093,0.502289,3.49539,0.665377,0,4.99222,46.4,0.830715,0.198611,0.12485,0.532798
60,0.523095,3.49543,0.520242,0,4.99222,46.4,0.830715,0.198611,0.12485,0.532798
1045,-0.278875,3.52178,0.677162,1,4.99222,46.4,0.830715,0.198611,0.12485,0.532798
59,-0.307782,3.52228,0.530953,1,4.99222,46.4,0.830715,0.198611,0.12485,0.532798
187,-0.224671,3.52072,0.807217,1,4.99222,46.4,0.830715,0.198611,0.12485,0.532798
1045,-0.278875,3.52178,0.677162,1,4.99222,46.4,0.830715,0.198611,0.12485,0.532798
616,-0.150213,3.51993,0.912297,1,4.99222,46.4,0.830715,0.198611,0.12485,0.532798
187,-0.224671,3.52072,0.807217,1,4.99222,46.4,0.830715,0.198611,0.12485,0.532798
16,-0.0645176,3.51911,0.992629,1,4.99222,46.4,0.830715,0.198611,0.12485,0.532798
616,-0.150213,3.51993,0.912297,1,4.99222,46.4,0.830715,0.198611,0.12485,0.532798
16,-0.0645176,3.51911,0.992629,1,4.99222,46.4,0.830715,0.198611,0.12485,0.532798
615,0.0295057,3.51862,1.03667,1,4.99222,46.4,0.830715,0.198611,0.12485,0.532798
615,0.0295057,3.51862,1.03667,1,4.99222,46.4,0.830715,0.198611,0.12485,0.532798
186,0.125007,3.51869,1.0509,1,4.99222,46.4,0.830715,0.198611,0.12485,0.532798
186,0.125007,3.51869,1.0509,1,4.99222,46.4,0.830715,0.198611,0.12485,0.532798
1044,0.220486,3.5187,1.03673,1,4.99222,46.4,0.830715,0.198611,0.12485,0.532798
1044,0.220486,3.5187,1.03673,1,4.99222,46.4,0.830715,0.198611,0.12485,0.532798
38,0.314551,3.51903,0.992662,1,4.99222,46.4,0.830715,0.198611,0.12485,0.532798
38,0.314551,3.51903,0.992662,1,4.99222,46.4,0.830715,0.198611,0.12485,0.532798
664,0.400268,3.51997,0.912312,1,4.99222,46.4,0.830715,0.198611,0.12485,0.532798
664,0.400268,3.51997,0.912312,1,4.99222,46.4,0.830715,0.198611,0.12485,0.532798
235,0.474624,3.52097,0.80714,1,4.99222,46.4,0.830715,0.198611,0.12485,0.532798
235,0.474624,3.52097,0.80714,1,4.99222,46.4,0.830715,0.198611,0.12485,0.532798
1093,0.528823,3.52189,0.677142,1,4.99222,46.4,0.830715,0.198611,0.12485,0.532798
1093,0.528823,3.52189,0.677142,1,4.99222,46.4,0.830715,0.198611,0.12485,0.532798
60,0.557706,3.52214,0.530993,1,4.99222,46.4,0.830715,0.198611,0.12485,0.532798
1045,-0.2544,3.527,0.673681,0,5.49222,46.4,0.841986,0.198611,0.12486,0.544069
59,-0.27484,3.52817,0.526406,0,5.49222,46.4,0.841986,0.198611,0.12486,0.544069
187,-0.213979,3.52636,0.808049,0,5.49222,46.4,0.841986,0.198611,0.12486,0.544069
1045,-0.2544,3.527,0.673681,0,5.49222,46.4,0.841986,0.198611,0.12486,0.544069
616,-0.149733,3.52585,0.921291,0,5.49222,46.4,0.841986,0.198611,0.12486,0.544069
187,-0.213979,3.52636,0.808049,0,5.49222,46.4,0.841986,0.198611,0.12486,0.544069
16,-0.0687895,3.52584,1.01004,0,5.49222,46.4,0.841986,0.198611,0.12486,0.544069
616,-0.149733,3.52585,0.921291,0,5.49222,46.4,0.841986,0.198611,0.12486,0.544069
16,-0.0687895,3.52584,1.01004,0,5.49222,46.4,0.841986,0.198611,0.12486,0.544069
615,0.0259692,3.52619,1.06051,0,5.49222,46.4,0.841986,0.198611,0.12486,0.544069
615,0.0259692,3.52619,1.06051,0,5.49222,46.4,0.841986,0.198611,0.12486,0.544069
186,0.125014,3.52651,1.07701,0,5.49222,46.4,0.841986,0.198611,0.12486,0.544069
186,0.125014,3.52651,1.07701,0,5.49222,46.4,0.841986,0.198611,0.12486,0.544069
1044,0.224094,3.52614,1.0606,0,5.49222,46.4,0.841986,0.198611,0.12486,0.544069
1044,0.224094,3.52614,1.0606,0,5.49222,46.4,0.841986,0.198611,0.12486,0.544069
38,0.318805,3.52585,1.01005,0,5.49222,46.4,0.841986,0.198611,0.12486,0.544069
38,0.318805,3.52585,1.01005,0,5.49222,46.4,0.841986,0.198611,0.12486,0.544069
664,0.399806,3.52588,0.921317,0,5.49222,46.4,0.841986,0.198611,0.12486,0.544069
664,0.399806,3.52588,0.921317,0,5.49222,46.4,0.841986,0.198611,0.12486,0.544069
235,0.463965,3.52635,0.808017,0,5.49222,46.4,0.841986,0.198611,0.12486,0.544069
235,0.463965,3.52635,0.808017,0,5.49222,46.4,0.841986,0.198611,0.12486,0.544069
1093,0.504491,3.52698,0.673734,0,5.49222,46.4,0.841986,0.198611,0.12486,0.544069
1093,0.504491,3.52698,0.673734,0,5.49222,46.4,0.841986,0.198611,0.12486,0.544069
60,0.524912,3.52804,0.526453,0,5.49222,46.4,0.841986,0.198611,0.12486,0.544069
1045,-0.285926,3.55815,0.68799,1,5.49222,46.4,0.841986,0.198611,0.12486,0.544069
59,-0.316911,3.55885,0.539612,1,5.49222,46.4,0.841986,0.198611,0.12486,0.544069
187,-0.228997,3.5572,0.818359,1,5.49222,46.4,0.841986,0.198611,0.12486,0.544069
1045,-0.285926,3.55815,0.68799,1,5.49222,46.4,0.841986,0.198611,0.12486,0.544069
616,-0.15204,3.55618,0.92281,1,5.49222,46.4,0.841986,0.198611,0.12486,0.544069
187,-0.228997,3.5572,0.818359,1,5.49222,46.4,0.841986,0.198611,0.12486,0.544069
16,-0.0647798,3.55548,1.00188,1,5.49222,46.4,0.841986,0.198611,0.12486,0.544069
616,-0.15204,3.55618,0.92281,1,5.49222,46.4,0.841986,0.198611,0.12486,0.544069
16,-0.0647798,3.55548,1.00188,1,5.49222,46.4,0.841986,0.198611,0.12486,0.544069
615,0.0296878,3.55524,1.04516,1,5.49222,46.4,0.841986,0.198611,0.12486,0.544069
615,0.0296878,3.55524,1.04516,1,5.49222,46.4,0.841986,0.198611,0.12486,0.544069
186,0.125,3.55514,1.05922,1,5.49222,46.4,0.841986,0.198611,0.12486,0.544069
186,0.125,3.55514,1.05922,1,5.49222,46.4,0.841986,0.198611,0.12486,0.544069
1044,0.220358,3.55522,1.04525,1,5.49222,46.4,0.841986,0.198611,0.12486,0.544069
1044,0.220358,3.55522,1.04525,1,5.49222,46.4,0.841986,0.198611,0.12486,0.544069
38,0.314887,3.55549,1.00198,1,5.49222,46.4,0.841986,0.198611,0.12486,0.544069
38,0.314887,3.55549,1.00198,1,5.49222,46.4,0.841986,0.198611,0.12486,0.544069
664,0.40219,3.5561,0.922888,1,5.49222,46.4,0.841986,0.198611,0.12486,0.544069
664,0.40219,3.5561,0.922888,1,5.49222,46.4,0.841986,0.198611,0.12486,0.544069
235,0.479081,3.55723,0.818371,1,5.49222,46.4,0.841986,0.198611,0.12486,0.544069
235,0.479081,3.55723,0.818371,1,5.49222,46.4,0.841986,0.198611,0.12486,0.544069
1093,0.535885,3.55823,0.68802,1,5.49222,46.4,0.841986,0.198611,0.12486,0.544069
1093,0.535885,3.55823,0.68802,1,5.49222,46.4,0.841986,0.198611,0.12486,0.544069
60,0.566779,3.55892,0.539638,1,5.49222,46.4,0.841986,0.198611,0.12486,0.544069
1045,-0.25684,3.56083,0.680599,0,5.99222,46.4,0.850662,0.198611,0.124854,0.552746
59,-0.278524,3.56179,0.531687,0,5.99222,46.4,0.850662,0.198611,0.124854,0.552746
187,-0.215777,3.56023,0.815727,0,5.99222,46.4,0.850662,0.198611,0.124854,0.552746
1045,-0.25684,3.56083,0.680599,0,5.99222,46.4,0.850662,0.198611,0.124854,0.552746
616,-0.150775,3.55978,0.929389,0,5.99222,46.4,0.850662,0.198611,0.124854,0.552746
187,-0.215777,3.56023,0.815727,0,5.99222,46.4,0.850662,0.198611,0.124854,0.552746
16,-0.0690636,3.55946,1.01813,0,5.99222,46.4,0.850662,0.198611,0.124854,0.552746
616,-0.150775,3.55978,0.929389,0,5.99222,46.4,0.850662,0.198611,0.124854,0.552746
16,-0.0690636,3.55946,1.01813,0,5.99222,46.4,0.850662,0.198611,0.124854,0.552746
615,0.0258917,3.55957,1.06859,0,5.99222,46.4,0.850662,0.198611,0.124854,0.552746
615,0.0258917,3.55957,1.06859,0,5.99222,46.4,0.850662,0.198611,0.124854,0.552746
186,0.125024,3.55994,1.08521,0,5.99222,46.4,0.850662,0.198611,0.124854,0.552746
186,0.125024,3.55994,1.08521,0,5.99222,46.4,0.850662,0.198611,0.124854,0.552746
1044,0.224147,3.55956,1.06858,0,5.99222,46.4,0.850662,0.198611,0.124854,0.552746
1044,0.224147,3.55956,1.06858,0,5.99222,46.4,0.850662,0.198611,0.124854,0.552746
38,0.319119,3.55947,1.01814,0,5.99222,46.4,0.850662,0.198611,0.124854,0.552746
38,0.319119,3.55947,1.01814,0,5.99222,46.4,0.850662,0.198611,0.124854,0.552746
664,0.400825,3.55977,0.929403,0,5.99222,46.4,0.850662,0.198611,0.124854,0.552746
664,0.400825,3.55977,0.929403,0,5.99222,46.4,0.850662,0.198611,0.124854,0.552746
235,0.465818,3.56025,0.815728,0,5.99222,46.4,0.850662,0.198611,0.124854,0.552746
235,0.465818,3.56025,0.815728,0,5.99222,46.4,0.850662,0.198611,0.124854,0.552746
1093,0.506867,3.56085,0.680604,0,5.99222,46.4,0.850662,0.198611,0.124854,0.552746
1093,0.506867,3.56085,0.680604,0,5.99222,46.4,0.850662,0.198611,0.124854,0.552746
60,0.528567,3.56183,0.531775,0,5.99222,46.4,0.850662,0.198611,0.124854,0.552746
1045,-0.291754,3.59159,0.69744,1,5.99222,46.4,0.850662,0.198611,0.124854,0.552746
59,-0.323651,3.59242,0.546618,1,5.99222,46.4,0.850662,0.198611,0.124854,0.552746
187,-0.232915,3.59048,0.828675,1,5.99222,46.4,0.850662,0.198611,0.124854,0.552746
1045,-0.291754,3.59159,0.69744,1,5.99222,46.4,0.850662,0.198611,0.124854,0.552746
616,-0.154105,3.58944,0.932976,1,5.99222,46.4,0.850662,0.198611,0.124854,0.552746
187,-0.232915,3.59048,0.828675,1,5.99222,46.4,0.850662,0.198611,0.124854,0.552746
16,-0.0654693,3.58871,1.01123,1,5.99222,46.4,0.850662,0.198611,0.124854,0.552746
616,-0.154105,3.58944,0.932976,1,5.99222,46.4,0.850662,0.198611,0.124854,0.552746
16,-0.0654693,3.58871,1.01123,1,5.99222,46.4,0.850662,0.198611,0.124854,0.552746
615,0.0294777,3.58846,1.05418,1,5.99222,46.4,0.850662,0.198611,0.124854,0.552746
615,0.0294777,3.58846,1.05418,1,5.99222,46.4,0.850662,0.198611,0.124854,0.552746
186,0.125002,3.58839,1.06825,1,5.99222,46.4,0.850662,0.198611,0.124854,0.552746
186,0.125002,3.58839,1.06825,1,5.99222,46.4,0.850662,0.198611,0.124854,0.552746
1044,0.220575,3.58846,1.05424,1,5.99222,46.4,0.850662,0.198611,0.124854,0.552746
1044,0.220575,3.58846,1.05424,1,5.99222,46.4,0.850662,0.198611,0.124854,0.552746
38,0.315567,3.5887,1.01142,1,5.99222,46.4,0.850662,0.198611,0.124854,0.552746
38,0.315567,3.5887,1.01142,1,5.99222,46.4,0.850662,0.198611,0.124854,0.552746
664,0.404197,3.58953,0.933098,1,5.99222,46.4,0.850662,0.198611,0.124854,0.552746
664,0.404197,3.58953,0.933098,1,5.99222,46.4,0.850662,0.198611,0.124854,0.552746
235,0.483014,3.59061,0.828767,1,5.99222,46.4,0.850662,0.198611,0.124854,0.552746
235,0.483014,3.59061,0.828767,1,5.99222,46.4,0.850662,0.198611,0.124854,0.552746
1093,0.541784,3.59169,0.697559,1,5.99222,46.4,0.850662,0.198611,0.124854,0.552746
1093,0.541784,3.59169,0.697559,1,5.99222,46.4,0.850662,0.198611,0.124854,0.552746
60,0.573609,3.59247,0.546776,1,5.99222,46.4,0.850662,0.198611,0.124854,0.552746
1045,-0.259806,3.59579,0.689344,0,6.49222,46.4,0.864167,0.198611,0.124851,0.56625
59,-0.282154,3.59688,0.538555,0,6.49222,46.4,0.864167,0.198611,0.124851,0.56625
187,-0.218267,3.59506,0.825445,0,6.49222,46.4,0.864167,0.198611,0.124851,0.56625
1045,-0.259806,3.59579,0.689344,0,6.49222,46.4,0.864167,0.198611,0.124851,0.56625
616,-0.152456,3.59453,0.939639,0,6.49222,46.4,0.864167,0.198611,0.124851,0.56625
187,-0.218267,3.59506,0.825445,0,6.49222,46.4,0.864167,0.198611,0.124851,0.56625
16,-0.0699399,3.59392,1.02871,0,6.49222,46.4,0.864167,0.198611,0.124851,0.56625
616,-0.152456,3.59453,0.939639,0,6.49222,46.4,0.864167,0.198611,0.124851,0.56625
16,-0.0699399,3.59392,1.02871,0,6.49222,46.4,0.864167,0.198611,0.124851,0.56625
615,0.0255756,3.59376,1.0793,0,6.49222,46.4,0.864167,0.198611,0.124851,0.56625
615,0.0255756,3.59376,1.0793,0,6.49222,46.4,0.864167,0.198611,0.124851,0.56625
186,0.12504,3.59409,1.09616,0,6.49222,46.4,0.864167,0.198611,0.124851,0.56625
186,0.12504,3.59409,1.09616,0,6.49222,46.4,0.864167,0.198611,0.124851,0.56625
1044,0.224411,3.59386,1.0792,0,6.49222,46.4,0.864167,0.198611,0.124851,0.56625
1044,0.224411,3.59386,1.0792,0,6.49222,46.4,0.864167,0.198611,0.124851,0.56625
38,0.31997,3.59399,1.02869,0,6.49222,46.4,0.864167,0.198611,0.124851,0.56625
38,0.31997,3.59399,1.02869,0,6.49222,46.4,0.864167,0.198611,0.124851,0.56625
664,0.402476,3.59452,0.939686,0,6.49222,46.4,0.864167,0.198611,0.124851,0.56625
664,0.402476,3.59452,0.939686,0,6.49222,46.4,0.864167,0.198611,0.124851,0.56625
235,0.468276,3.5951,0.825451,0,6.49222,46.4,0.864167,0.198611,0.124851,0.56625
235,0.468276,3.5951,0.825451,0,6.49222,46.4,0.864167,0.198611,0.124851,0.56625
1093,0.509901,3.59576,0.689292,0,6.49222,46.4,0.864167,0.198611,0.124851,0.56625
1093,0.509901,3.59576,0.689292,0,6.49222,46.4,0.864167,0.198611,0.124851,0.56625
60,0.532173,3.59681,0.538585,0,6.49222,46.4,0.864167,0.198611,0.124851,0.56625
1045,-0.298217,3.62407,0.70662,1,6.49222,46.4,0.864167,0.198611,0.124851,0.56625
59,-0.331597,3.62485,0.553629,1,6.49222,46.4,0.864167,0.198611,0.124851,0.56625
187,-0.237191,3.62308,0.838536,1,6.49222,46.4,0.864167,0.198611,0.124851,0.56625
1045,-0.298217,3.62407,0.70662,1,6.49222,46.4,0.864167,0.198611,0.124851,0.56625
616,-0.156189,3.62233,0.942561,1,6.49222,46.4,0.864167,0.198611,0.124851,0.56625
187,-0.237191,3.62308,0.838536,1,6.49222,46.4,0.864167,0.198611,0.124851,0.56625
16,-0.0661109,3.62183,1.02006,1,6.49222,46.4,0.864167,0.198611,0.124851,0.56625
616,-0.156189,3.62233,0.942561,1,6.49222,46.4,0.864167,0.198611,0.124851,0.56625
16,-0.0661109,3.62183,1.02006,1,6.49222,46.4,0.864167,0.198611,0.124851,0.56625
615,0.029331,3.62163,1.06235,1,6.49222,46.4,0.864167,0.198611,0.124851,0.56625
615,0.029331,3.62163,1.06235,1,6.49222,46.4,0.864167,0.198611,0.124851,0.56625
186,0.12497,3.62161,1.07649,1,6.49222,46.4,0.864167,0.198611,0.124851,0.56625
186,0.12497,3.62161,1.07649,1,6.49222,46.4,0.864167,0.198611,0.124851,0.56625
1044,0.220616,3.6217,1.06244,1,6.49222,46.4,0.864167,0.198611,0.124851,0.56625
1044,0.220616,3.6217,1.06244,1,6.49222,46.4,0.864167,0.198611,0.124851,0.56625
38,0.316149,3.62186,1.02016,1,6.49222,46.4,0.864167,0.198611,0.124851,0.56625
38,0.316149,3.62186,1.02016,1,6.49222,46.4,0.864167,0.198611,0.124851,0.56625
664,0.406233,3.62234,0.942605,1,6.49222,46.4,0.864167,0.198611,0.124851,0.56625
664,0.406233,3.62234,0.942605,1,6.49222,46.4,0.864167,0.198611,0.124851,0.56625
235,0.487123,3.62306,0.838522,1,6.49222,46.4,0.864167,0.198611,0.124851,0.56625
235,0.487123,3.62306,0.838522,1,6.49222,46.4,0.864167,0.198611,0.124851,0.56625
1093,0.548073,3.62408,0.706623,1,6.49222,46.4,0.864167,0.198611,0.124851,0.56625
1093,0.548073,3.62408,0.706623,1,6.49222,46.4,0.864167,0.198611,0.124851,0.56625
60,0.581389,3.62496,0.553666,1,6.49222,46.4,0.864167,0.198611,0.124851,0.56625
1045,-0.26223,3.62625,0.696454,0,6.99222,46.4,0.871833,0.198611,0.12486,0.573917
59,-0.286353,3.62733,0.54438,0,6.99222,46.4,0.871833,0.198611,0.12486,0.573917
187,-0.219943,3.62564,0.833114,0,6.99222,46.4,0.871833,0.198611,0.12486,0.573917
1045,-0.26223,3.62625,0.696454,0,6.99222,46.4,0.871833,0.198611,0.12486,0.573917
616,-0.153474,3.62511,0.947735,0,6.99222,46.4,0.871833,0.198611,0.12486,0.573917
187,-0.219943,3.62564,0.833114,0,6.99222,46.4,0.871833,0.198611,0.12486,0.573917
16,-0.0703957,3.62476,1.03684,0,6.99222,46.4,0.871833,0.198611,0.12486,0.573917
616,-0.153474,3.62511,0.947735,0,6.99222,46.4,0.871833,0.198611,0.12486,0.573917
16,-0.0703957,3.62476,1.03684,0,6.99222,46.4,0.871833,0.198611,0.12486,0.573917
615,0.0256018,3.62473,1.08762,0,6.99222,46.4,0.871833,0.198611,0.12486,0.573917
615,0.0256018,3.62473,1.08762,0,6.99222,46.4,0.871833,0.198611,0.12486,0.573917
186,0.125027,3.62494,1.10466,0,6.99222,46.4,0.871833,0.198611,0.12486,0.573917
186,0.125027,3.62494,1.10466,0,6.99222,46.4,0.871833,0.198611,0.12486,0.573917
1044,0.224426,3.62474,1.08769,0,6.99222,46.4,0.871833,0.198611,0.12486,0.573917
1044,0.224426,3.62474,1.08769,0,6.99222,46.4,0.871833,0.198611,0.12486,0.573917
38,0.320433,3.62481,1.0369,0,6.99222,46.4,0.871833,0.198611,0.12486,0.573917
38,0.320433,3.62481,1.0369,0,6.99222,46.4,0.871833,0.198611,0.12486,0.573917
664,0.40355,3.62517,0.94769,0,6.99222,46.4,0.871833,0.198611,0.12486,0.573917
664,0.40355,3.62517,0.94769,0,6.99222,46.4,0.871833,0.198611,0.12486,0.573917
235,0.469996,3.62569,0.833001,0,6.99222,46.4,0.871833,0.198611,0.12486,0.573917
235,0.469996,3.62569,0.833001,0,6.99222,46.4,0.871833,0.198611,0.12486,0.573917
1093,0.512315,3.62622,0.696412,0,6.99222,46.4,0.871833,0.198611,0.12486,0.573917
1093,0.512315,3.62622,0.696412,0,6.99222,46.4,0.871833,0.198611,0.12486,0.573917
60,0.536277,3.62729,0.544273,0,6.99222,46.4,0.871833,0.198611,0.12486,0.573917
1045,-0.304055,3.64973,0.71459,1,6.99222,46.4,0.871833,0.198611,0.12486,0.573917
59,-0.338875,3.65053,0.559436,1,6.99222,46.4,0.871833,0.198611,0.12486,0.573917
187,-0.241083,3.64899,0.847248,1,6.99222,46.4,0.871833,0.198611,0.12486,0.573917
1045,-0.304055,3.64973,0.71459,1,6.99222,46.4,0.871833,0.198611,0.12486,0.573917
616,-0.158082,3.64843,0.951127,1,6.99222,46.4,0.871833,0.198611,0.12486,0.573917
187,-0.241083,3.64899,0.847248,1,6.99222,46.4,0.871833,0.198611,0.12486,0.573917
16,-0.0666027,3.64797,1.02794,1,6.99222,46.4,0.871833,0.198611,0.12486,0.573917
616,-0.158082,3.64843,0.951127,1,6.99222,46.4,0.871833,0.198611,0.12486,0.573917
16,-0.0666027,3.64797,1.02794,1,6.99222,46.4,0.871833,0.198611,0.12486,0.573917
615,0.0294092,3.64769,1.06965,1,6.99222,46.4,0.871833,0.198611,0.12486,0.573917
615,0.0294092,3.64769,1.06965,1,6.99222,46.4,0.871833,0.198611,0.12486,0.573917
186,0.125011,3.64767,1.0838,1,6.99222,46.4,0.871833,0.198611,0.12486,0.573917
186,0.125011,3.64767,1.0838,1,6.99222,46.4,0.871833,0.198611,0.12486,0.573917
1044,0.220636,3.64772,1.06982,1,6.99222,46.4,0.871833,0.198611,0.12486,0.573917
1044,0.220636,3.64772,1.06982,1,6.99222,46.4,0.871833,0.198611,0.12486,0.573917
38,0.316748,3.64801,1.02812,1,6.99222,46.4,0.871833,0.198611,0.12486,0.573917
38,0.316748,3.64801,1.02812,1,6.99222,46.4,0.871833,0.198611,0.12486,0.573917
664,0.40826,3.64848,0.951274,1,6.99222,46.4,0.871833,0.198611,0.12486,0.573917
664,0.40826,3.64848,0.951274,1,6.99222,46.4,0.871833,0.198611,0.12486,0.573917
235,0.491175,3.64903,0.847318,1,6.99222,46.4,0.871833,0.198611,0.12486,0.573917
235,0.491175,3.64903,0.847318,1,6.99222,46.4,0.871833,0.198611,0.12486,0.573917
1093,0.55404,3.64979,0.714652,1,6.99222,46.4,0.871833,0.198611,0.12486,0.573917
1093,0.55404,3.64979,0.714652,1,6.99222,46.4,0.871833,0.198611,0.12486,0.573917
60,0.588799,3.65056,0.559528,1,6.99222,46.4,0.871833,0.198611,0.12486,0.573917
1045,-0.265142,3.65601,0.704898,0,7.49222,46.4,0.884008,0.198611,0.124852,0.586091
59,-0.290138,3.65689,0.551,0,7.49222,46.4,0.884008,0.198611,0.124852,0.586091
187,-0.221994,3.6552,0.842445,0,7.49222,46.4,0.884008,0.198611,0.124852,0.586091
1045,-0.265142,3.65601,0.704898,0,7.49222,46.4,0.884008,0.198611,0.124852,0.586091
616,-0.154754,3.65468,0.957559,0,7.49222,46.4,0.884008,0.198611,0.124852,0.586091
187,-0.221994,3.6552,0.842445,0,7.49222,46.4,0.884008,0.198611,0.124852,0.586091
16,-0.0710653,3.65471,1.047,0,7.49222,46.4,0.884008,0.198611,0.124852,0.586091
616,-0.154754,3.65468,0.957559,0,7.49222,46.4,0.884008,0.198611,0.124852,0.586091
16,-0.0710653,3.65471,1.047,0,7.49222,46.4,0.884008,0.198611,0.124852,0.586091
615,0.0253489,3.65476,1.09814,0,7.49222,46.4,0.884008,0.198611,0.124852,0.586091
615,0.0253489,3.65476,1.09814,0,7.49222,46.4,0.884008,0.198611,0.124852,0.586091
186,0.124947,3.65496,1.11536,0,7.49222,46.4,0.884008,0.198611,0.124852,0.586091
186,0.124947,3.65496,1.11536,0,7.49222,46.4,0.884008,0.198611,0.124852,0.586091
1044,0.224707,3.65477,1.09815,0,7.49222,46.4,0.884008,0.198611,0.124852,0.586091
1044,0.224707,3.65477,1.09815,0,7.49222,46.4,0.884008,0.198611,0.124852,0.586091
38,0.321147,3.65477,1.04705,0,7.49222,46.4,0.884008,0.198611,0.124852,0.586091
38,0.321147,3.65477,1.04705,0,7.49222,46.4,0.884008,0.198611,0.124852,0.586091
664,0.404841,3.65483,0.957536,0,7.49222,46.4,0.884008,0.198611,0.124852,0.586091
664,0.404841,3.65483,0.957536,0,7.49222,46.4,0.884008,0.198611,0.124852,0.586091
235,0.472046,3.65525,0.842434,0,7.49222,46.4,0.884008,0.198611,0.124852,0.586091
235,0.472046,3.65525,0.842434,0,7.49222,46.4,0.884008,0.198611,0.124852,0.586091
1093,0.515133,3.65599,0.704917,0,7.49222,46.4,0.884008,0.198611,0.124852,0.586091
1093,0.515133,3.65599,0.704917,0,7.49222,46.4,0.884008,0.198611,0.124852,0.586091
60,0.540114,3.65706,0.550949,0,7.49222,46.4,0.884008,0.198611,0.124852,0.586091
1045,-0.310695,3.68566,0.723785,1,7.49222,46.4,0.884008,0.198611,0.124852,0.586091
59,-0.347146,3.68644,0.566595,1,7.49222,46.4,0.884008,0.198611,0.124852,0.586091
187,-0.245291,3.68526,0.856887,1,7.49222,46.4,0.884008,0.198611,0.124852,0.586091
1045,-0.310695,3.68566,0.723785,1,7.49222,46.4,0.884008,0.198611,0.124852,0.586091
616,-0.160213,3.68522,0.960344,1,7.49222,46.4,0.884008,0.198611,0.124852,0.586091
187,-0.245291,3.68526,0.856887,1,7.49222,46.4,0.884008,0.198611,0.124852,0.586091
16,-0.0671615,3.68519,1.03632,1,7.49222,46.4,0.884008,0.198611,0.124852,0.586091
616,-0.160213,3.68522,0.960344,1,7.49222,46.4,0.884008,0.198611,0.124852,0.586091
16,-0.0671615,3.68519,1.03632,1,7.49222,46.4,0.884008,0.198611,0.124852,0.586091
615,0.0295791,3.6849,1.07736,1,7.49222,46.4,0.884008,0.198611,0.124852,0.586091
615,0.0295791,3.6849,1.07736,1,7.49222,46.4,0.884008,0.198611,0.124852,0.586091
186,0.125052,3.68472,1.09149,1,7.49222,46.4,0.884008,0.198611,0.124852,0.586091
186,0.125052,3.68472,1.09149,1,7.49222,46.4,0.884008,0.198611,0.124852,0.586091
1044,0.220632,3.685,1.07743,1,7.49222,46.4,0.884008,0.198611,0.124852,0.586091
1044,0.220632,3.685,1.07743,1,7.49222,46.4,0.884008,0.198611,0.124852,0.586091
38,0.317298,3.68505,1.03632,1,7.49222,46.4,0.884008,0.198611,0.124852,0.586091
38,0.317298,3.68505,1.03632,1,7.49222,46.4,0.884008,0.198611,0.124852,0.586091
664,0.410312,3.68499,0.960321,1,7.49222,46.4,0.884008,0.198611,0.124852,0.586091
664,0.410312,3.68499,0.960321,1,7.49222,46.4,0.884008,0.198611,0.124852,0.586091
235,0.495276,3.68506,0.856841,1,7.49222,46.4,0.884008,0.198611,0.124852,0.586091
235,0.495276,3.68506,0.856841,1,7.49222,46.4,0.884008,0.198611,0.124852,0.586091
1093,0.560594,3.68555,0.723704,1,7.49222,46.4,0.884008,0.198611,0.124852,0.586091
1093,0.560594,3.68555,0.723704,1,7.49222,46.4,0.884008,0.198611,0.124852,0.586091
60,0.596981,3.68645,0.566607,1,7.49222,46.4,0.884008,0.198611,0.124852,0.586091
