id,x,y,z,ablated,v,bulkheadyoungs,nickdepth,nickw,nickc,bbmin
1045,-0.245686,3.42408,0.639402,0,3.49222,100,0.798906,0.198611,0.124845,0.500989
59,-0.26362,3.4241,0.499756,0,3.49222,100,0.798906,0.198611,0.124845,0.500989
187,-0.206992,3.42399,0.770656,0,3.49222,100,0.798906,0.198611,0.124845,0.500989
1045,-0.245686,3.42408,0.639402,0,3.49222,100,0.798906,0.198611,0.124845,0.500989
616,-0.145226,3.42379,0.882191,0,3.49222,100,0.798906,0.198611,0.124845,0.500989
187,-0.206992,3.42399,0.770656,0,3.49222,100,0.798906,0.198611,0.124845,0.500989
16,-0.0672333,3.42363,0.970908,0,3.49222,100,0.798906,0.198611,0.124845,0.500989
616,-0.145226,3.42379,0.882191,0,3.49222,100,0.798906,0.198611,0.124845,0.500989
16,-0.0672333,3.42363,0.970908,0,3.49222,100,0.798906,0.198611,0.124845,0.500989
615,0.0258804,3.4234,1.02207,0,3.49222,100,0.798906,0.198611,0.124845,0.500989
615,0.0258804,3.4234,1.02207,0,3.49222,100,0.798906,0.198611,0.124845,0.500989
186,0.125003,3.42338,1.03862,0,3.49222,100,0.798906,0.198611,0.124845,0.500989
186,0.125003,3.42338,1.03862,0,3.49222,100,0.798906,0.198611,0.124845,0.500989
1044,0.224137,3.42342,1.02206,0,3.49222,100,0.798906,0.198611,0.124845,0.500989
1044,0.224137,3.42342,1.02206,0,3.49222,100,0.798906,0.198611,0.124845,0.500989
38,0.317248,3.42352,0.97092,0,3.49222,100,0.798906,0.198611,0.124845,0.500989
38,0.317248,3.42352,0.97092,0,3.49222,100,0.798906,0.198611,0.124845,0.500989
664,0.395229,3.42374,0.882201,0,3.49222,100,0.798906,0.198611,0.124845,0.500989
664,0.395229,3.42374,0.882201,0,3.49222,100,0.798906,0.198611,0.124845,0.500989
235,0.456986,3.42392,0.770676,0,3.49222,100,0.798906,0.198611,0.124845,0.500989
235,0.456986,3.42392,0.770676,0,3.49222,100,0.798906,0.198611,0.124845,0.500989
1093,0.495694,3.42401,0.639423,0,3.49222,100,0.798906,0.198611,0.124845,0.500989
1093,0.495694,3.42401,0.639423,0,3.49222,100,0.798906,0.198611,0.124845,0.500989
60,0.513614,3.42399,0.499771,0,3.49222,100,0.798906,0.198611,0.124845,0.500989
1045,-0.253121,3.42712,0.644839,1,3.49222,100,0.798906,0.198611,0.124845,0.500989
59,-0.275323,3.42748,0.50558,1,3.49222,100,0.798906,0.198611,0.124845,0.500989
187,-0.209848,3.42678,0.774633,1,3.49222,100,0.798906,0.198611,0.124845,0.500989
1045,-0.253121,3.42712,0.644839,1,3.49222,100,0.798906,0.198611,0.124845,0.500989
616,-0.144556,3.42666,0.882797,1,3.49222,100,0.798906,0.198611,0.124845,0.500989
187,-0.209848,3.42678,0.774633,1,3.49222,100,0.798906,0.198611,0.124845,0.500989
16,-0.0651302,3.42641,0.968179,1,3.49222,100,0.798906,0.198611,0.124845,0.500989
616,-0.144556,3.42666,0.882797,1,3.49222,100,0.798906,0.198611,0.124845,0.500989
16,-0.0651302,3.42641,0.968179,1,3.49222,100,0.798906,0.198611,0.124845,0.500989
615,0.0273849,3.42648,1.01688,1,3.49222,100,0.798906,0.198611,0.124845,0.500989
615,0.0273849,3.42648,1.01688,1,3.49222,100,0.798906,0.198611,0.124845,0.500989
186,0.124906,3.42627,1.03334,1,3.49222,100,0.798906,0.198611,0.124845,0.500989
186,0.124906,3.42627,1.03334,1,3.49222,100,0.798906,0.198611,0.124845,0.500989
1044,0.222498,3.42576,1.01719,1,3.49222,100,0.798906,0.198611,0.124845,0.500989
1044,0.222498,3.42576,1.01719,1,3.49222,100,0.798906,0.198611,0.124845,0.500989
38,0.314875,3.42639,0.968442,1,3.49222,100,0.798906,0.198611,0.124845,0.500989
38,0.314875,3.42639,0.968442,1,3.49222,100,0.798906,0.198611,0.124845,0.500989
664,0.394506,3.42669,0.882882,1,3.49222,100,0.798906,0.198611,0.124845,0.500989
664,0.394506,3.42669,0.882882,1,3.49222,100,0.798906,0.198611,0.124845,0.500989
235,0.459992,3.42683,0.774569,1,3.49222,100,0.798906,0.198611,0.124845,0.500989
235,0.459992,3.42683,0.774569,1,3.49222,100,0.798906,0.198611,0.124845,0.500989
1093,0.503194,3.42712,0.644739,1,3.49222,100,0.798906,0.198611,0.124845,0.500989
1093,0.503194,3.42712,0.644739,1,3.49222,100,0.798906,0.198611,0.124845,0.500989
60,0.525308,3.4276,0.505504,1,3.49222,100,0.798906,0.198611,0.124845,0.500989
1045,-0.246756,3.42694,0.641207,0,3.99222,100,0.800234,0.198611,0.124849,0.502317
59,-0.265852,3.42724,0.501118,0,3.99222,100,0.800234,0.198611,0.124849,0.502317
187,-0.207457,3.42692,0.772394,0,3.99222,100,0.800234,0.198611,0.124849,0.502317
1045,-0.246756,3.42694,0.641207,0,3.99222,100,0.800234,0.198611,0.124849,0.502317
616,-0.145267,3.42678,0.883767,0,3.99222,100,0.800234,0.198611,0.124849,0.502317
187,-0.207457,3.42692,0.772394,0,3.99222,100,0.800234,0.198611,0.124849,0.502317
16,-0.0670512,3.42669,0.972209,0,3.99222,100,0.800234,0.198611,0.124849,0.502317
616,-0.145267,3.42678,0.883767,0,3.99222,100,0.800234,0.198611,0.124849,0.502317
16,-0.0670512,3.42669,0.972209,0,3.99222,100,0.800234,0.198611,0.124849,0.502317
615,0.0260556,3.42665,1.02316,0,3.99222,100,0.800234,0.198611,0.124849,0.502317
615,0.0260556,3.42665,1.02316,0,3.99222,100,0.800234,0.198611,0.124849,0.502317
186,0.124997,3.42678,1.03964,0,3.99222,100,0.800234,0.198611,0.124849,0.502317
186,0.124997,3.42678,1.03964,0,3.99222,100,0.800234,0.198611,0.124849,0.502317
1044,0.223957,3.42678,1.02311,0,3.99222,100,0.800234,0.198611,0.124849,0.502317
1044,0.223957,3.42678,1.02311,0,3.99222,100,0.800234,0.198611,0.124849,0.502317
38,0.31704,3.42686,0.97224,0,3.99222,100,0.800234,0.198611,0.124849,0.502317
38,0.31704,3.42686,0.97224,0,3.99222,100,0.800234,0.198611,0.124849,0.502317
664,0.395275,3.4269,0.883778,0,3.99222,100,0.800234,0.198611,0.124849,0.502317
664,0.395275,3.4269,0.883778,0,3.99222,100,0.800234,0.198611,0.124849,0.502317
235,0.457463,3.42691,0.772386,0,3.99222,100,0.800234,0.198611,0.124849,0.502317
235,0.457463,3.42691,0.772386,0,3.99222,100,0.800234,0.198611,0.124849,0.502317
1093,0.496757,3.427,0.641221,0,3.99222,100,0.800234,0.198611,0.124849,0.502317
1093,0.496757,3.427,0.641221,0,3.99222,100,0.800234,0.198611,0.124849,0.502317
60,0.515927,3.42688,0.501189,0,3.99222,100,0.800234,0.198611,0.124849,0.502317
1045,-0.255117,3.44344,0.653678,1,3.99222,100,0.800234,0.198611,0.124849,0.502317
59,-0.277945,3.4439,0.51343,1,3.99222,100,0.800234,0.198611,0.124849,0.502317
187,-0.210845,3.44272,0.783289,1,3.99222,100,0.800234,0.198611,0.124849,0.502317
1045,-0.255117,3.44344,0.653678,1,3.99222,100,0.800234,0.198611,0.124849,0.502317
616,-0.144935,3.4439,0.891372,1,3.99222,100,0.800234,0.198611,0.124849,0.502317
187,-0.210845,3.44272,0.783289,1,3.99222,100,0.800234,0.198611,0.124849,0.502317
16,-0.0649161,3.44376,0.975765,1,3.99222,100,0.800234,0.198611,0.124849,0.502317
616,-0.144935,3.4439,0.891372,1,3.99222,100,0.800234,0.198611,0.124849,0.502317
16,-0.0649161,3.44376,0.975765,1,3.99222,100,0.800234,0.198611,0.124849,0.502317
615,0.0272012,3.4431,1.02458,1,3.99222,100,0.800234,0.198611,0.124849,0.502317
615,0.0272012,3.4431,1.02458,1,3.99222,100,0.800234,0.198611,0.124849,0.502317
186,0.12459,3.44503,1.04051,1,3.99222,100,0.800234,0.198611,0.124849,0.502317
186,0.12459,3.44503,1.04051,1,3.99222,100,0.800234,0.198611,0.124849,0.502317
1044,0.222028,3.44442,1.02497,1,3.99222,100,0.800234,0.198611,0.124849,0.502317
1044,0.222028,3.44442,1.02497,1,3.99222,100,0.800234,0.198611,0.124849,0.502317
38,0.314702,3.44232,0.976638,1,3.99222,100,0.800234,0.198611,0.124849,0.502317
38,0.314702,3.44232,0.976638,1,3.99222,100,0.800234,0.198611,0.124849,0.502317
664,0.394828,3.44443,0.891338,1,3.99222,100,0.800234,0.198611,0.124849,0.502317
664,0.394828,3.44443,0.891338,1,3.99222,100,0.800234,0.198611,0.124849,0.502317
235,0.460824,3.44408,0.782765,1,3.99222,100,0.800234,0.198611,0.124849,0.502317
235,0.460824,3.44408,0.782765,1,3.99222,100,0.800234,0.198611,0.124849,0.502317
1093,0.50525,3.44379,0.653101,1,3.99222,100,0.800234,0.198611,0.124849,0.502317
1093,0.50525,3.44379,0.653101,1,3.99222,100,0.800234,0.198611,0.124849,0.502317
60,0.52795,3.44413,0.513034,1,3.99222,100,0.800234,0.198611,0.124849,0.502317
1045,-0.247427,3.44363,0.649374,0,4.49222,100,0.809442,0.198611,0.124853,0.511526
59,-0.26654,3.44383,0.508295,0,4.49222,100,0.809442,0.198611,0.124853,0.511526
187,-0.207898,3.4438,0.781012,0,4.49222,100,0.809442,0.198611,0.124853,0.511526
1045,-0.247427,3.44363,0.649374,0,4.49222,100,0.809442,0.198611,0.124853,0.511526
616,-0.145507,3.44409,0.892561,0,4.49222,100,0.809442,0.198611,0.124853,0.511526
187,-0.207898,3.4438,0.781012,0,4.49222,100,0.809442,0.198611,0.124853,0.511526
16,-0.0670094,3.44485,0.980994,0,4.49222,100,0.809442,0.198611,0.124853,0.511526
616,-0.145507,3.44409,0.892561,0,4.49222,100,0.809442,0.198611,0.124853,0.511526
16,-0.0670094,3.44485,0.980994,0,4.49222,100,0.809442,0.198611,0.124853,0.511526
615,0.0261267,3.44525,1.03172,0,4.49222,100,0.809442,0.198611,0.124853,0.511526
615,0.0261267,3.44525,1.03172,0,4.49222,100,0.809442,0.198611,0.124853,0.511526
186,0.12499,3.44558,1.04823,0,4.49222,100,0.809442,0.198611,0.124853,0.511526
186,0.12499,3.44558,1.04823,0,4.49222,100,0.809442,0.198611,0.124853,0.511526
1044,0.223851,3.44528,1.03174,0,4.49222,100,0.809442,0.198611,0.124853,0.511526
1044,0.223851,3.44528,1.03174,0,4.49222,100,0.809442,0.198611,0.124853,0.511526
38,0.316995,3.44496,0.981007,0,4.49222,100,0.809442,0.198611,0.124853,0.511526
38,0.316995,3.44496,0.981007,0,4.49222,100,0.809442,0.198611,0.124853,0.511526
664,0.395488,3.44427,0.892611,0,4.49222,100,0.809442,0.198611,0.124853,0.511526
664,0.395488,3.44427,0.892611,0,4.49222,100,0.809442,0.198611,0.124853,0.511526
235,0.457925,3.44385,0.781094,0,4.49222,100,0.809442,0.198611,0.124853,0.511526
235,0.457925,3.44385,0.781094,0,4.49222,100,0.809442,0.198611,0.124853,0.511526
1093,0.497465,3.44366,0.649528,0,4.49222,100,0.809442,0.198611,0.124853,0.511526
1093,0.497465,3.44366,0.649528,0,4.49222,100,0.809442,0.198611,0.124853,0.511526
60,0.516609,3.44376,0.508394,0,4.49222,100,0.809442,0.198611,0.124853,0.511526
1045,-0.261303,3.47746,0.664032,1,4.49222,100,0.809442,0.198611,0.124853,0.511526
59,-0.285926,3.47815,0.522583,1,4.49222,100,0.809442,0.198611,0.124853,0.511526
187,-0.214404,3.47687,0.793932,1,4.49222,100,0.809442,0.198611,0.124853,0.511526
1045,-0.261303,3.47746,0.664032,1,4.49222,100,0.809442,0.198611,0.124853,0.511526
616,-0.146021,3.47493,0.901509,1,4.49222,100,0.809442,0.198611,0.124853,0.511526
187,-0.214404,3.47687,0.793932,1,4.49222,100,0.809442,0.198611,0.124853,0.511526
16,-0.0641623,3.47371,0.985186,1,4.49222,100,0.809442,0.198611,0.124853,0.511526
616,-0.146021,3.47493,0.901509,1,4.49222,100,0.809442,0.198611,0.124853,0.511526
16,-0.0641623,3.47371,0.985186,1,4.49222,100,0.809442,0.198611,0.124853,0.511526
615,0.0288822,3.475,1.0315,1,4.49222,100,0.809442,0.198611,0.124853,0.511526
615,0.0288822,3.475,1.0315,1,4.49222,100,0.809442,0.198611,0.124853,0.511526
186,0.125141,3.4753,1.04678,1,4.49222,100,0.809442,0.198611,0.124853,0.511526
186,0.125141,3.4753,1.04678,1,4.49222,100,0.809442,0.198611,0.124853,0.511526
1044,0.221464,3.47501,1.03148,1,4.49222,100,0.809442,0.198611,0.124853,0.511526
1044,0.221464,3.47501,1.03148,1,4.49222,100,0.809442,0.198611,0.124853,0.511526
38,0.314097,3.47456,0.984874,1,4.49222,100,0.809442,0.198611,0.124853,0.511526
38,0.314097,3.47456,0.984874,1,4.49222,100,0.809442,0.198611,0.124853,0.511526
664,0.395916,3.47551,0.901583,1,4.49222,100,0.809442,0.198611,0.124853,0.511526
664,0.395916,3.47551,0.901583,1,4.49222,100,0.809442,0.198611,0.124853,0.511526
235,0.464364,3.47628,0.794072,1,4.49222,100,0.809442,0.198611,0.124853,0.511526
235,0.464364,3.47628,0.794072,1,4.49222,100,0.809442,0.198611,0.124853,0.511526
1093,0.511365,3.47732,0.664328,1,4.49222,100,0.809442,0.198611,0.124853,0.511526
1093,0.511365,3.47732,0.664328,1,4.49222,100,0.809442,0.198611,0.124853,0.511526
60,0.535879,3.47777,0.522704,1,4.49222,100,0.809442,0.198611,0.124853,0.511526
1045,-0.248369,3.47531,0.658668,0,4.99222,100,0.820469,0.198611,0.12485,0.522553
59,-0.267427,3.47565,0.516222,0,4.99222,100,0.820469,0.198611,0.12485,0.522553
187,-0.208648,3.4758,0.790685,0,4.99222,100,0.820469,0.198611,0.12485,0.522553
1045,-0.248369,3.47531,0.658668,0,4.99222,100,0.820469,0.198611,0.12485,0.522553
616,-0.146024,3.47644,0.902538,0,4.99222,100,0.820469,0.198611,0.12485,0.522553
187,-0.208648,3.4758,0.790685,0,4.99222,100,0.820469,0.198611,0.12485,0.522553
16,-0.0671519,3.47713,0.990973,0,4.99222,100,0.820469,0.198611,0.12485,0.522553
616,-0.146024,3.47644,0.902538,0,4.99222,100,0.820469,0.198611,0.12485,0.522553
16,-0.0671519,3.47713,0.990973,0,4.99222,100,0.820469,0.198611,0.12485,0.522553
615,0.0262127,3.47758,1.0418,0,4.99222,100,0.820469,0.198611,0.12485,0.522553
615,0.0262127,3.47758,1.0418,0,4.99222,100,0.820469,0.198611,0.12485,0.522553
186,0.125008,3.4778,1.05836,0,4.99222,100,0.820469,0.198611,0.12485,0.522553
186,0.125008,3.4778,1.05836,0,4.99222,100,0.820469,0.198611,0.12485,0.522553
1044,0.223783,3.47754,1.04179,0,4.99222,100,0.820469,0.198611,0.12485,0.522553
1044,0.223783,3.47754,1.04179,0,4.99222,100,0.820469,0.198611,0.12485,0.522553
38,0.317201,3.47716,0.991008,0,4.99222,100,0.820469,0.198611,0.12485,0.522553
38,0.317201,3.47716,0.991008,0,4.99222,100,0.820469,0.198611,0.12485,0.522553
664,0.396051,3.47643,0.902545,0,4.99222,100,0.820469,0.198611,0.12485,0.522553
664,0.396051,3.47643,0.902545,0,4.99222,100,0.820469,0.198611,0.12485,0.522553
235,0.458644,3.47575,0.790698,0,4.99222,100,0.820469,0.198611,0.12485,0.522553
235,0.458644,3.47575,0.790698,0,4.99222,100,0.820469,0.198611,0.12485,0.522553
1093,0.498376,3.47537,0.658742,0,4.99222,100,0.820469,0.198611,0.12485,0.522553
1093,0.498376,3.47537,0.658742,0,4.99222,100,0.820469,0.198611,0.12485,0.522553
60,0.517497,3.47545,0.516364,0,4.99222,100,0.820469,0.198611,0.12485,0.522553
1045,-0.267399,3.51581,0.674302,1,4.99222,100,0.820469,0.198611,0.12485,0.522553
59,-0.294542,3.51654,0.531871,1,4.99222,100,0.820469,0.198611,0.12485,0.522553
187,-0.217391,3.51441,0.803403,1,4.99222,100,0.820469,0.198611,0.12485,0.522553
1045,-0.267399,3.51581,0.674302,1,4.99222,100,0.820469,0.198611,0.12485,0.522553
616,-0.146988,3.51275,0.909713,1,4.99222,100,0.820469,0.198611,0.12485,0.522553
187,-0.217391,3.51441,0.803403,1,4.99222,100,0.820469,0.198611,0.12485,0.522553
16,-0.0638405,3.51121,0.991897,1,4.99222,100,0.820469,0.198611,0.12485,0.522553
616,-0.146988,3.51275,0.909713,1,4.99222,100,0.820469,0.198611,0.12485,0.522553
16,-0.0638405,3.51121,0.991897,1,4.99222,100,0.820469,0.198611,0.12485,0.522553
615,0.0290864,3.51215,1.03783,1,4.99222,100,0.820469,0.198611,0.12485,0.522553
615,0.0290864,3.51215,1.03783,1,4.99222,100,0.820469,0.198611,0.12485,0.522553
186,0.124961,3.51163,1.0529,1,4.99222,100,0.820469,0.198611,0.12485,0.522553
186,0.124961,3.51163,1.0529,1,4.99222,100,0.820469,0.198611,0.12485,0.522553
1044,0.220822,3.51144,1.03807,1,4.99222,100,0.820469,0.198611,0.12485,0.522553
1044,0.220822,3.51144,1.03807,1,4.99222,100,0.820469,0.198611,0.12485,0.522553
38,0.314056,3.51146,0.992321,1,4.99222,100,0.820469,0.198611,0.12485,0.522553
38,0.314056,3.51146,0.992321,1,4.99222,100,0.820469,0.198611,0.12485,0.522553
664,0.397259,3.51281,0.909785,1,4.99222,100,0.820469,0.198611,0.12485,0.522553
664,0.397259,3.51281,0.909785,1,4.99222,100,0.820469,0.198611,0.12485,0.522553
235,0.467405,3.51415,0.803113,1,4.99222,100,0.820469,0.198611,0.12485,0.522553
235,0.467405,3.51415,0.803113,1,4.99222,100,0.820469,0.198611,0.12485,0.522553
1093,0.517301,3.51611,0.674181,1,4.99222,100,0.820469,0.198611,0.12485,0.522553
1093,0.517301,3.51611,0.674181,1,4.99222,100,0.820469,0.198611,0.12485,0.522553
60,0.54447,3.51643,0.531901,1,4.99222,100,0.820469,0.198611,0.12485,0.522553
1045,-0.249933,3.51612,0.667851,0,5.49222,100,0.831066,0.198611,0.12486,0.533149
59,-0.269798,3.51614,0.524444,0,5.49222,100,0.831066,0.198611,0.12486,0.533149
187,-0.210121,3.5162,0.800476,0,5.49222,100,0.831066,0.198611,0.12486,0.533149
1045,-0.249933,3.51612,0.667851,0,5.49222,100,0.831066,0.198611,0.12486,0.533149
616,-0.146732,3.51574,0.912477,0,5.49222,100,0.831066,0.198611,0.12486,0.533149
187,-0.210121,3.5162,0.800476,0,5.49222,100,0.831066,0.198611,0.12486,0.533149
16,-0.0673717,3.51571,1.00105,0,5.49222,100,0.831066,0.198611,0.12486,0.533149
616,-0.146732,3.51574,0.912477,0,5.49222,100,0.831066,0.198611,0.12486,0.533149
16,-0.0673717,3.51571,1.00105,0,5.49222,100,0.831066,0.198611,0.12486,0.533149
615,0.0261576,3.51631,1.05163,0,5.49222,100,0.831066,0.198611,0.12486,0.533149
615,0.0261576,3.51631,1.05163,0,5.49222,100,0.831066,0.198611,0.12486,0.533149
186,0.125068,3.51682,1.06819,0,5.49222,100,0.831066,0.198611,0.12486,0.533149
186,0.125068,3.51682,1.06819,0,5.49222,100,0.831066,0.198611,0.12486,0.533149
1044,0.223978,3.51628,1.05166,0,5.49222,100,0.831066,0.198611,0.12486,0.533149
1044,0.223978,3.51628,1.05166,0,5.49222,100,0.831066,0.198611,0.12486,0.533149
38,0.317476,3.51579,1.00096,0,5.49222,100,0.831066,0.198611,0.12486,0.533149
38,0.317476,3.51579,1.00096,0,5.49222,100,0.831066,0.198611,0.12486,0.533149
664,0.396777,3.51573,0.912517,0,5.49222,100,0.831066,0.198611,0.12486,0.533149
664,0.396777,3.51573,0.912517,0,5.49222,100,0.831066,0.198611,0.12486,0.533149
235,0.460028,3.51606,0.800561,0,5.49222,100,0.831066,0.198611,0.12486,0.533149
235,0.460028,3.51606,0.800561,0,5.49222,100,0.831066,0.198611,0.12486,0.533149
1093,0.500088,3.5162,0.668113,0,5.49222,100,0.831066,0.198611,0.12486,0.533149
1093,0.500088,3.5162,0.668113,0,5.49222,100,0.831066,0.198611,0.12486,0.533149
60,0.519896,3.51626,0.524638,0,5.49222,100,0.831066,0.198611,0.12486,0.533149
1045,-0.27153,3.55281,0.683157,1,5.49222,100,0.831066,0.198611,0.12486,0.533149
59,-0.299278,3.55318,0.53932,1,5.49222,100,0.831066,0.198611,0.12486,0.533149
187,-0.220177,3.55152,0.812695,1,5.49222,100,0.831066,0.198611,0.12486,0.533149
1045,-0.27153,3.55281,0.683157,1,5.49222,100,0.831066,0.198611,0.12486,0.533149
616,-0.148322,3.55079,0.918661,1,5.49222,100,0.831066,0.198611,0.12486,0.533149
187,-0.220177,3.55152,0.812695,1,5.49222,100,0.831066,0.198611,0.12486,0.533149
16,-0.0643696,3.54998,1.00047,1,5.49222,100,0.831066,0.198611,0.12486,0.533149
616,-0.148322,3.55079,0.918661,1,5.49222,100,0.831066,0.198611,0.12486,0.533149
16,-0.0643696,3.54998,1.00047,1,5.49222,100,0.831066,0.198611,0.12486,0.533149
615,0.0293461,3.5495,1.04557,1,5.49222,100,0.831066,0.198611,0.12486,0.533149
615,0.0293461,3.5495,1.04557,1,5.49222,100,0.831066,0.198611,0.12486,0.533149
186,0.124945,3.54877,1.06007,1,5.49222,100,0.831066,0.198611,0.12486,0.533149
186,0.124945,3.54877,1.06007,1,5.49222,100,0.831066,0.198611,0.12486,0.533149
1044,0.220539,3.54983,1.04546,1,5.49222,100,0.831066,0.198611,0.12486,0.533149
1044,0.220539,3.54983,1.04546,1,5.49222,100,0.831066,0.198611,0.12486,0.533149
38,0.314137,3.54983,1.00012,1,5.49222,100,0.831066,0.198611,0.12486,0.533149
38,0.314137,3.54983,1.00012,1,5.49222,100,0.831066,0.198611,0.12486,0.533149
664,0.398031,3.55056,0.918192,1,5.49222,100,0.831066,0.198611,0.12486,0.533149
664,0.398031,3.55056,0.918192,1,5.49222,100,0.831066,0.198611,0.12486,0.533149
235,0.469712,3.55171,0.812193,1,5.49222,100,0.831066,0.198611,0.12486,0.533149
235,0.469712,3.55171,0.812193,1,5.49222,100,0.831066,0.198611,0.12486,0.533149
1093,0.520991,3.55356,0.68275,1,5.49222,100,0.831066,0.198611,0.12486,0.533149
1093,0.520991,3.55356,0.68275,1,5.49222,100,0.831066,0.198611,0.12486,0.533149
60,0.548872,3.55317,0.538835,1,5.49222,100,0.831066,0.198611,0.12486,0.533149
1045,-0.251021,3.55299,0.676194,0,5.99222,100,0.840116,0.198611,0.124864,0.542199
59,-0.271138,3.55384,0.531587,0,5.99222,100,0.840116,0.198611,0.124864,0.542199
187,-0.210862,3.5524,0.809217,0,5.99222,100,0.840116,0.198611,0.124864,0.542199
1045,-0.251021,3.55299,0.676194,0,5.99222,100,0.840116,0.198611,0.124864,0.542199
616,-0.147418,3.55201,0.921699,0,5.99222,100,0.840116,0.198611,0.124864,0.542199
187,-0.210862,3.5524,0.809217,0,5.99222,100,0.840116,0.198611,0.124864,0.542199
16,-0.0677447,3.55209,1.01031,0,5.99222,100,0.840116,0.198611,0.124864,0.542199
616,-0.147418,3.55201,0.921699,0,5.99222,100,0.840116,0.198611,0.124864,0.542199
16,-0.0677447,3.55209,1.01031,0,5.99222,100,0.840116,0.198611,0.124864,0.542199
615,0.0260725,3.55222,1.06116,0,5.99222,100,0.840116,0.198611,0.124864,0.542199
615,0.0260725,3.55222,1.06116,0,5.99222,100,0.840116,0.198611,0.124864,0.542199
186,0.124998,3.55228,1.07782,0,5.99222,100,0.840116,0.198611,0.124864,0.542199
186,0.124998,3.55228,1.07782,0,5.99222,100,0.840116,0.198611,0.124864,0.542199
1044,0.223976,3.55241,1.06117,0,5.99222,100,0.840116,0.198611,0.124864,0.542199
1044,0.223976,3.55241,1.06117,0,5.99222,100,0.840116,0.198611,0.124864,0.542199
38,0.317792,3.5521,1.01035,0,5.99222,100,0.840116,0.198611,0.124864,0.542199
38,0.317792,3.5521,1.01035,0,5.99222,100,0.840116,0.198611,0.124864,0.542199
664,0.397493,3.55204,0.921696,0,5.99222,100,0.840116,0.198611,0.124864,0.542199
664,0.397493,3.55204,0.921696,0,5.99222,100,0.840116,0.198611,0.124864,0.542199
235,0.460828,3.55239,0.809271,0,5.99222,100,0.840116,0.198611,0.124864,0.542199
235,0.460828,3.55239,0.809271,0,5.99222,100,0.840116,0.198611,0.124864,0.542199
1093,0.501065,3.55307,0.676305,0,5.99222,100,0.840116,0.198611,0.124864,0.542199
1093,0.501065,3.55307,0.676305,0,5.99222,100,0.840116,0.198611,0.124864,0.542199
60,0.521272,3.55381,0.531723,0,5.99222,100,0.840116,0.198611,0.124864,0.542199
1045,-0.276613,3.57802,0.692206,1,5.99222,100,0.840116,0.198611,0.124864,0.542199
59,-0.306375,3.57853,0.546971,1,5.99222,100,0.840116,0.198611,0.124864,0.542199
187,-0.223037,3.57708,0.821659,1,5.99222,100,0.840116,0.198611,0.124864,0.542199
1045,-0.276613,3.57802,0.692206,1,5.99222,100,0.840116,0.198611,0.124864,0.542199
616,-0.149226,3.57581,0.92682,1,5.99222,100,0.840116,0.198611,0.124864,0.542199
187,-0.223037,3.57708,0.821659,1,5.99222,100,0.840116,0.198611,0.124864,0.542199
16,-0.0641296,3.57509,1.00737,1,5.99222,100,0.840116,0.198611,0.124864,0.542199
616,-0.149226,3.57581,0.92682,1,5.99222,100,0.840116,0.198611,0.124864,0.542199
16,-0.0641296,3.57509,1.00737,1,5.99222,100,0.840116,0.198611,0.124864,0.542199
615,0.0295694,3.57475,1.05177,1,5.99222,100,0.840116,0.198611,0.124864,0.542199
615,0.0295694,3.57475,1.05177,1,5.99222,100,0.840116,0.198611,0.124864,0.542199
186,0.124874,3.57449,1.06629,1,5.99222,100,0.840116,0.198611,0.124864,0.542199
186,0.124874,3.57449,1.06629,1,5.99222,100,0.840116,0.198611,0.124864,0.542199
1044,0.220204,3.57473,1.05204,1,5.99222,100,0.840116,0.198611,0.124864,0.542199
1044,0.220204,3.57473,1.05204,1,5.99222,100,0.840116,0.198611,0.124864,0.542199
38,0.31412,3.57511,1.00787,1,5.99222,100,0.840116,0.198611,0.124864,0.542199
38,0.31412,3.57511,1.00787,1,5.99222,100,0.840116,0.198611,0.124864,0.542199
664,0.39947,3.57563,0.927252,1,5.99222,100,0.840116,0.198611,0.124864,0.542199
664,0.39947,3.57563,0.927252,1,5.99222,100,0.840116,0.198611,0.124864,0.542199
235,0.473328,3.57687,0.822011,1,5.99222,100,0.840116,0.198611,0.124864,0.542199
235,0.473328,3.57687,0.822011,1,5.99222,100,0.840116,0.198611,0.124864,0.542199
1093,0.52672,3.57819,0.692356,1,5.99222,100,0.840116,0.198611,0.124864,0.542199
1093,0.52672,3.57819,0.692356,1,5.99222,100,0.840116,0.198611,0.124864,0.542199
60,0.556509,3.5787,0.547274,1,5.99222,100,0.840116,0.198611,0.124864,0.542199
1045,-0.253437,3.58343,0.686804,0,6.49222,100,0.851661,0.198611,0.124861,0.553744
59,-0.274819,3.58423,0.541347,0,6.49222,100,0.851661,0.198611,0.124861,0.553744
187,-0.212462,3.58275,0.819974,0,6.49222,100,0.851661,0.198611,0.124861,0.553744
1045,-0.253437,3.58343,0.686804,0,6.49222,100,0.851661,0.198611,0.124861,0.553744
616,-0.148047,3.58205,0.932135,0,6.49222,100,0.851661,0.198611,0.124861,0.553744
187,-0.212462,3.58275,0.819974,0,6.49222,100,0.851661,0.198611,0.124861,0.553744
16,-0.0680388,3.58086,1.02072,0,6.49222,100,0.851661,0.198611,0.124861,0.553744
616,-0.148047,3.58205,0.932135,0,6.49222,100,0.851661,0.198611,0.124861,0.553744
16,-0.0680388,3.58086,1.02072,0,6.49222,100,0.851661,0.198611,0.124861,0.553744
615,0.0261528,3.57992,1.07139,0,6.49222,100,0.851661,0.198611,0.124861,0.553744
615,0.0261528,3.57992,1.07139,0,6.49222,100,0.851661,0.198611,0.124861,0.553744
186,0.125114,3.57979,1.08792,0,6.49222,100,0.851661,0.198611,0.124861,0.553744
186,0.125114,3.57979,1.08792,0,6.49222,100,0.851661,0.198611,0.124861,0.553744
1044,0.22399,3.57977,1.07115,0,6.49222,100,0.851661,0.198611,0.124861,0.553744
1044,0.22399,3.57977,1.07115,0,6.49222,100,0.851661,0.198611,0.124861,0.553744
38,0.318023,3.58089,1.02058,0,6.49222,100,0.851661,0.198611,0.124861,0.553744
38,0.318023,3.58089,1.02058,0,6.49222,100,0.851661,0.198611,0.124861,0.553744
664,0.398213,3.58204,0.932165,0,6.49222,100,0.851661,0.198611,0.124861,0.553744
664,0.398213,3.58204,0.932165,0,6.49222,100,0.851661,0.198611,0.124861,0.553744
235,0.462607,3.58282,0.81986,0,6.49222,100,0.851661,0.198611,0.124861,0.553744
235,0.462607,3.58282,0.81986,0,6.49222,100,0.851661,0.198611,0.124861,0.553744
1093,0.50364,3.58372,0.686796,0,6.49222,100,0.851661,0.198611,0.124861,0.553744
1093,0.50364,3.58372,0.686796,0,6.49222,100,0.851661,0.198611,0.124861,0.553744
60,0.524678,3.58483,0.541316,0,6.49222,100,0.851661,0.198611,0.124861,0.553744
1045,-0.281615,3.61585,0.701926,1,6.49222,100,0.851661,0.198611,0.124861,0.553744
59,-0.312492,3.61706,0.55515,1,6.49222,100,0.851661,0.198611,0.124861,0.553744
187,-0.226056,3.61452,0.831744,1,6.49222,100,0.851661,0.198611,0.124861,0.553744
1045,-0.281615,3.61585,0.701926,1,6.49222,100,0.851661,0.198611,0.124861,0.553744
616,-0.150614,3.61355,0.936469,1,6.49222,100,0.851661,0.198611,0.124861,0.553744
187,-0.226056,3.61452,0.831744,1,6.49222,100,0.851661,0.198611,0.124861,0.553744
16,-0.0644419,3.61249,1.01626,1,6.49222,100,0.851661,0.198611,0.124861,0.553744
616,-0.150614,3.61355,0.936469,1,6.49222,100,0.851661,0.198611,0.124861,0.553744
16,-0.0644419,3.61249,1.01626,1,6.49222,100,0.851661,0.198611,0.124861,0.553744
615,0.0296435,3.61203,1.06009,1,6.49222,100,0.851661,0.198611,0.124861,0.553744
615,0.0296435,3.61203,1.06009,1,6.49222,100,0.851661,0.198611,0.124861,0.553744
186,0.12489,3.61199,1.07437,1,6.49222,100,0.851661,0.198611,0.124861,0.553744
186,0.12489,3.61199,1.07437,1,6.49222,100,0.851661,0.198611,0.124861,0.553744
1044,0.220079,3.61186,1.06025,1,6.49222,100,0.851661,0.198611,0.124861,0.553744
1044,0.220079,3.61186,1.06025,1,6.49222,100,0.851661,0.198611,0.124861,0.553744
38,0.314305,3.61249,1.01653,1,6.49222,100,0.851661,0.198611,0.124861,0.553744
38,0.314305,3.61249,1.01653,1,6.49222,100,0.851661,0.198611,0.124861,0.553744
664,0.400431,3.61359,0.936695,1,6.49222,100,0.851661,0.198611,0.124861,0.553744
664,0.400431,3.61359,0.936695,1,6.49222,100,0.851661,0.198611,0.124861,0.553744
235,0.475818,3.61445,0.832006,1,6.49222,100,0.851661,0.198611,0.124861,0.553744
235,0.475818,3.61445,0.832006,1,6.49222,100,0.851661,0.198611,0.124861,0.553744
1093,0.531409,3.61609,0.702319,1,6.49222,100,0.851661,0.198611,0.124861,0.553744
1093,0.531409,3.61609,0.702319,1,6.49222,100,0.851661,0.198611,0.124861,0.553744
60,0.562377,3.61697,0.555629,1,6.49222,100,0.851661,0.198611,0.124861,0.553744
1045,-0.25347,3.61727,0.692838,0,6.99222,100,0.860461,0.198611,0.124885,0.562545
59,-0.274786,3.61864,0.546076,0,6.99222,100,0.860461,0.198611,0.124885,0.562545
187,-0.212705,3.61634,0.826987,0,6.99222,100,0.860461,0.198611,0.124885,0.562545
1045,-0.25347,3.61727,0.692838,0,6.99222,100,0.860461,0.198611,0.124885,0.562545
616,-0.148686,3.61576,0.940078,0,6.99222,100,0.860461,0.198611,0.124885,0.562545
187,-0.212705,3.61634,0.826987,0,6.99222,100,0.860461,0.198611,0.124885,0.562545
16,-0.0684407,3.61536,1.02901,0,6.99222,100,0.860461,0.198611,0.124885,0.562545
616,-0.148686,3.61576,0.940078,0,6.99222,100,0.860461,0.198611,0.124885,0.562545
16,-0.0684407,3.61536,1.02901,0,6.99222,100,0.860461,0.198611,0.124885,0.562545
615,0.0258057,3.61537,1.08008,0,6.99222,100,0.860461,0.198611,0.124885,0.562545
615,0.0258057,3.61537,1.08008,0,6.99222,100,0.860461,0.198611,0.124885,0.562545
186,0.125113,3.61562,1.09705,0,6.99222,100,0.860461,0.198611,0.124885,0.562545
186,0.125113,3.61562,1.09705,0,6.99222,100,0.860461,0.198611,0.124885,0.562545
1044,0.224341,3.61528,1.08006,0,6.99222,100,0.860461,0.198611,0.124885,0.562545
1044,0.224341,3.61528,1.08006,0,6.99222,100,0.860461,0.198611,0.124885,0.562545
38,0.318617,3.61525,1.02903,0,6.99222,100,0.860461,0.198611,0.124885,0.562545
38,0.318617,3.61525,1.02903,0,6.99222,100,0.860461,0.198611,0.124885,0.562545
664,0.398873,3.61576,0.940023,0,6.99222,100,0.860461,0.198611,0.124885,0.562545
664,0.398873,3.61576,0.940023,0,6.99222,100,0.860461,0.198611,0.124885,0.562545
235,0.462897,3.61638,0.826956,0,6.99222,100,0.860461,0.198611,0.124885,0.562545
235,0.462897,3.61638,0.826956,0,6.99222,100,0.860461,0.198611,0.124885,0.562545
1093,0.503553,3.61743,0.692886,0,6.99222,100,0.860461,0.198611,0.124885,0.562545
1093,0.503553,3.61743,0.692886,0,6.99222,100,0.860461,0.198611,0.124885,0.562545
60,0.524851,3.61874,0.546003,0,6.99222,100,0.860461,0.198611,0.124885,0.562545
1045,-0.284967,3.64476,0.711494,1,6.99222,100,0.860461,0.198611,0.124885,0.562545
59,-0.316508,3.64592,0.563135,1,6.99222,100,0.860461,0.198611,0.124885,0.562545
187,-0.228246,3.64356,0.841699,1,6.99222,100,0.860461,0.198611,0.124885,0.562545
1045,-0.284967,3.64476,0.711494,1,6.99222,100,0.860461,0.198611,0.124885,0.562545
616,-0.151746,3.6427,0.946338,1,6.99222,100,0.860461,0.198611,0.124885,0.562545
187,-0.228246,3.64356,0.841699,1,6.99222,100,0.860461,0.198611,0.124885,0.562545
16,-0.0648361,3.64171,1.0257,1,6.99222,100,0.860461,0.198611,0.124885,0.562545
616,-0.151746,3.6427,0.946338,1,6.99222,100,0.860461,0.198611,0.124885,0.562545
16,-0.0648361,3.64171,1.0257,1,6.99222,100,0.860461,0.198611,0.124885,0.562545
615,0.0296864,3.6411,1.06922,1,6.99222,100,0.860461,0.198611,0.124885,0.562545
615,0.0296864,3.6411,1.06922,1,6.99222,100,0.860461,0.198611,0.124885,0.562545
186,0.125065,3.64115,1.08339,1,6.99222,100,0.860461,0.198611,0.124885,0.562545
186,0.125065,3.64115,1.08339,1,6.99222,100,0.860461,0.198611,0.124885,0.562545
1044,0.220372,3.64113,1.06915,1,6.99222,100,0.860461,0.198611,0.124885,0.562545
1044,0.220372,3.64113,1.06915,1,6.99222,100,0.860461,0.198611,0.124885,0.562545
38,0.31482,3.64163,1.02554,1,6.99222,100,0.860461,0.198611,0.124885,0.562545
38,0.31482,3.64163,1.02554,1,6.99222,100,0.860461,0.198611,0.124885,0.562545
664,0.401635,3.64254,0.946103,1,6.99222,100,0.860461,0.198611,0.124885,0.562545
664,0.401635,3.64254,0.946103,1,6.99222,100,0.860461,0.198611,0.124885,0.562545
235,0.478108,3.64339,0.841591,1,6.99222,100,0.860461,0.198611,0.124885,0.562545
235,0.478108,3.64339,0.841591,1,6.99222,100,0.860461,0.198611,0.124885,0.562545
1093,0.534888,3.645,0.711541,1,6.99222,100,0.860461,0.198611,0.124885,0.562545
1093,0.534888,3.645,0.711541,1,6.99222,100,0.860461,0.198611,0.124885,0.562545
60,0.566571,3.64605,0.563257,1,6.99222,100,0.860461,0.198611,0.124885,0.562545
1045,-0.255179,3.64961,0.701864,0,7.49222,100,0.870657,0.198611,0.124865,0.572741
59,-0.277003,3.65116,0.553837,0,7.49222,100,0.870657,0.198611,0.124865,0.572741
187,-0.214102,3.64849,0.836416,0,7.49222,100,0.870657,0.198611,0.124865,0.572741
1045,-0.255179,3.64961,0.701864,0,7.49222,100,0.870657,0.198611,0.124865,0.572741
616,-0.14955,3.64753,0.949872,0,7.49222,100,0.870657,0.198611,0.124865,0.572741
187,-0.214102,3.64849,0.836416,0,7.49222,100,0.870657,0.198611,0.124865,0.572741
16,-0.068761,3.64677,1.03874,0,7.49222,100,0.870657,0.198611,0.124865,0.572741
616,-0.14955,3.64753,0.949872,0,7.49222,100,0.870657,0.198611,0.124865,0.572741
16,-0.068761,3.64677,1.03874,0,7.49222,100,0.870657,0.198611,0.124865,0.572741
615,0.02585,3.6463,1.0897,0,7.49222,100,0.870657,0.198611,0.124865,0.572741
615,0.02585,3.6463,1.0897,0,7.49222,100,0.870657,0.198611,0.124865,0.572741
186,0.12503,3.64599,1.10668,0,7.49222,100,0.870657,0.198611,0.124865,0.572741
186,0.12503,3.64599,1.10668,0,7.49222,100,0.870657,0.198611,0.124865,0.572741
1044,0.224233,3.64599,1.08968,0,7.49222,100,0.870657,0.198611,0.124865,0.572741
1044,0.224233,3.64599,1.08968,0,7.49222,100,0.870657,0.198611,0.124865,0.572741
38,0.318814,3.64657,1.03874,0,7.49222,100,0.870657,0.198611,0.124865,0.572741
38,0.318814,3.64657,1.03874,0,7.49222,100,0.870657,0.198611,0.124865,0.572741
664,0.399601,3.64763,0.949894,0,7.49222,100,0.870657,0.198611,0.124865,0.572741
664,0.399601,3.64763,0.949894,0,7.49222,100,0.870657,0.198611,0.124865,0.572741
235,0.464196,3.64868,0.836459,0,7.49222,100,0.870657,0.198611,0.124865,0.572741
235,0.464196,3.64868,0.836459,0,7.49222,100,0.870657,0.198611,0.124865,0.572741
1093,0.505202,3.64985,0.701878,0,7.49222,100,0.870657,0.198611,0.124865,0.572741
1093,0.505202,3.64985,0.701878,0,7.49222,100,0.870657,0.198611,0.124865,0.572741
60,0.527076,3.65132,0.553889,0,7.49222,100,0.870657,0.198611,0.124865,0.572741
1045,-0.289321,3.67676,0.718607,1,7.49222,100,0.870657,0.198611,0.124865,0.572741
59,-0.322493,3.67759,0.569203,1,7.49222,100,0.870657,0.198611,0.124865,0.572741
187,-0.230923,3.67545,0.848921,1,7.49222,100,0.870657,0.198611,0.124865,0.572741
1045,-0.289321,3.67676,0.718607,1,7.49222,100,0.870657,0.198611,0.124865,0.572741
616,-0.152783,3.67436,0.952932,1,7.49222,100,0.870657,0.198611,0.124865,0.572741
187,-0.230923,3.67545,0.848921,1,7.49222,100,0.870657,0.198611,0.124865,0.572741
16,-0.064871,3.67324,1.03136,1,7.49222,100,0.870657,0.198611,0.124865,0.572741
616,-0.152783,3.67436,0.952932,1,7.49222,100,0.870657,0.198611,0.124865,0.572741
16,-0.064871,3.67324,1.03136,1,7.49222,100,0.870657,0.198611,0.124865,0.572741
615,0.0298165,3.67272,1.07423,1,7.49222,100,0.870657,0.198611,0.124865,0.572741
615,0.0298165,3.67272,1.07423,1,7.49222,100,0.870657,0.198611,0.124865,0.572741
186,0.124996,3.67268,1.08834,1,7.49222,100,0.870657,0.198611,0.124865,0.572741
186,0.124996,3.67268,1.08834,1,7.49222,100,0.870657,0.198611,0.124865,0.572741
1044,0.220177,3.67277,1.07429,1,7.49222,100,0.870657,0.198611,0.124865,0.572741
1044,0.220177,3.67277,1.07429,1,7.49222,100,0.870657,0.198611,0.124865,0.572741
38,0.314936,3.67329,1.03138,1,7.49222,100,0.870657,0.198611,0.124865,0.572741
38,0.314936,3.67329,1.03138,1,7.49222,100,0.870657,0.198611,0.124865,0.572741
664,0.402744,3.67444,0.952843,1,7.49222,100,0.870657,0.198611,0.124865,0.572741
664,0.402744,3.67444,0.952843,1,7.49222,100,0.870657,0.198611,0.124865,0.572741
235,0.480837,3.67552,0.848842,1,7.49222,100,0.870657,0.198611,0.124865,0.572741
235,0.480837,3.67552,0.848842,1,7.49222,100,0.870657,0.198611,0.124865,0.572741
1093,0.539318,3.67685,0.718687,1,7.49222,100,0.870657,0.198611,0.124865,0.572741
1093,0.539318,3.67685,0.718687,1,7.49222,100,0.870657,0.198611,0.124865,0.572741
60,0.572701,3.67772,0.5694,1,7.49222,100,0.870657,0.198611,0.124865,0.572741
