id,x,y,z,ablated,v,bulkheadyoungs,nickdepth,nickw,nickc,bbmin
1045,-0.253716,3.43251,0.639404,0,3.49222,4.64,0.802906,0.198611,0.124846,0.504989
59,-0.274814,3.43284,0.496651,0,3.49222,4.64,0.802906,0.198611,0.124846,0.504989
187,-0.212819,3.4322,0.771645,0,3.49222,4.64,0.802906,0.198611,0.124846,0.504989
1045,-0.253716,3.43251,0.639404,0,3.49222,4.64,0.802906,0.198611,0.124846,0.504989
616,-0.148976,3.43194,0.88337,0,3.49222,4.64,0.802906,0.198611,0.124846,0.504989
187,-0.212819,3.4322,0.771645,0,3.49222,4.64,0.802906,0.198611,0.124846,0.504989
16,-0.0684685,3.43185,0.971456,0,3.49222,4.64,0.802906,0.198611,0.124846,0.504989
616,-0.148976,3.43194,0.88337,0,3.49222,4.64,0.802906,0.198611,0.124846,0.504989
16,-0.0684685,3.43185,0.971456,0,3.49222,4.64,0.802906,0.198611,0.124846,0.504989
615,0.0257465,3.43172,1.02181,0,3.49222,4.64,0.802906,0.198611,0.124846,0.504989
615,0.0257465,3.43172,1.02181,0,3.49222,4.64,0.802906,0.198611,0.124846,0.504989
186,0.125022,3.43169,1.03795,0,3.49222,4.64,0.802906,0.198611,0.124846,0.504989
186,0.125022,3.43169,1.03795,0,3.49222,4.64,0.802906,0.198611,0.124846,0.504989
1044,0.224285,3.43172,1.02179,0,3.49222,4.64,0.802906,0.198611,0.124846,0.504989
1044,0.224285,3.43172,1.02179,0,3.49222,4.64,0.802906,0.198611,0.124846,0.504989
38,0.318508,3.43181,0.971432,0,3.49222,4.64,0.802906,0.198611,0.124846,0.504989
38,0.318508,3.43181,0.971432,0,3.49222,4.64,0.802906,0.198611,0.124846,0.504989
664,0.399,3.43189,0.88334,0,3.49222,4.64,0.802906,0.198611,0.124846,0.504989
664,0.399,3.43189,0.88334,0,3.49222,4.64,0.802906,0.198611,0.124846,0.504989
235,0.46283,3.43216,0.771606,0,3.49222,4.64,0.802906,0.198611,0.124846,0.504989
235,0.46283,3.43216,0.771606,0,3.49222,4.64,0.802906,0.198611,0.124846,0.504989
1093,0.503743,3.43243,0.639375,0,3.49222,4.64,0.802906,0.198611,0.124846,0.504989
1093,0.503743,3.43243,0.639375,0,3.49222,4.64,0.802906,0.198611,0.124846,0.504989
60,0.52479,3.43277,0.496647,0,3.49222,4.64,0.802906,0.198611,0.124846,0.504989
1045,-0.279796,3.43501,0.64702,1,3.49222,4.64,0.802906,0.198611,0.124846,0.504989
59,-0.308255,3.43498,0.503792,1,3.49222,4.64,0.802906,0.198611,0.124846,0.504989
187,-0.226247,3.43482,0.776142,1,3.49222,4.64,0.802906,0.198611,0.124846,0.504989
1045,-0.279796,3.43501,0.64702,1,3.49222,4.64,0.802906,0.198611,0.124846,0.504989
616,-0.151978,3.43451,0.880934,1,3.49222,4.64,0.802906,0.198611,0.124846,0.504989
187,-0.226247,3.43482,0.776142,1,3.49222,4.64,0.802906,0.198611,0.124846,0.504989
16,-0.0658699,3.43419,0.960995,1,3.49222,4.64,0.802906,0.198611,0.124846,0.504989
616,-0.151978,3.43451,0.880934,1,3.49222,4.64,0.802906,0.198611,0.124846,0.504989
16,-0.0658699,3.43419,0.960995,1,3.49222,4.64,0.802906,0.198611,0.124846,0.504989
615,0.0279075,3.43395,1.00528,1,3.49222,4.64,0.802906,0.198611,0.124846,0.504989
615,0.0279075,3.43395,1.00528,1,3.49222,4.64,0.802906,0.198611,0.124846,0.504989
186,0.125021,3.43386,1.01969,1,3.49222,4.64,0.802906,0.198611,0.124846,0.504989
186,0.125021,3.43386,1.01969,1,3.49222,4.64,0.802906,0.198611,0.124846,0.504989
1044,0.222133,3.43395,1.00534,1,3.49222,4.64,0.802906,0.198611,0.124846,0.504989
1044,0.222133,3.43395,1.00534,1,3.49222,4.64,0.802906,0.198611,0.124846,0.504989
38,0.315968,3.43421,0.961049,1,3.49222,4.64,0.802906,0.198611,0.124846,0.504989
38,0.315968,3.43421,0.961049,1,3.49222,4.64,0.802906,0.198611,0.124846,0.504989
664,0.402047,3.43451,0.880951,1,3.49222,4.64,0.802906,0.198611,0.124846,0.504989
664,0.402047,3.43451,0.880951,1,3.49222,4.64,0.802906,0.198611,0.124846,0.504989
235,0.476298,3.4348,0.776199,1,3.49222,4.64,0.802906,0.198611,0.124846,0.504989
235,0.476298,3.4348,0.776199,1,3.49222,4.64,0.802906,0.198611,0.124846,0.504989
1093,0.529851,3.43503,0.647086,1,3.49222,4.64,0.802906,0.198611,0.124846,0.504989
1093,0.529851,3.43503,0.647086,1,3.49222,4.64,0.802906,0.198611,0.124846,0.504989
60,0.558151,3.435,0.503848,1,3.49222,4.64,0.802906,0.198611,0.124846,0.504989
1045,-0.26407,3.45071,0.647094,0,3.99222,4.64,0.820578,0.198611,0.124847,0.522662
59,-0.286807,3.4511,0.498545,0,3.99222,4.64,0.820578,0.198611,0.124847,0.522662
187,-0.221702,3.45062,0.782708,0,3.99222,4.64,0.820578,0.198611,0.124847,0.522662
1045,-0.26407,3.45071,0.647094,0,3.99222,4.64,0.820578,0.198611,0.124847,0.522662
616,-0.155112,3.4506,0.896406,0,3.99222,4.64,0.820578,0.198611,0.124847,0.522662
187,-0.221702,3.45062,0.782708,0,3.99222,4.64,0.820578,0.198611,0.124847,0.522662
16,-0.0710222,3.45074,0.984348,0,3.99222,4.64,0.820578,0.198611,0.124847,0.522662
616,-0.155112,3.4506,0.896406,0,3.99222,4.64,0.820578,0.198611,0.124847,0.522662
16,-0.0710222,3.45074,0.984348,0,3.99222,4.64,0.820578,0.198611,0.124847,0.522662
615,0.0253475,3.45082,1.03388,0,3.99222,4.64,0.820578,0.198611,0.124847,0.522662
615,0.0253475,3.45082,1.03388,0,3.99222,4.64,0.820578,0.198611,0.124847,0.522662
186,0.125033,3.45088,1.04966,0,3.99222,4.64,0.820578,0.198611,0.124847,0.522662
186,0.125033,3.45088,1.04966,0,3.99222,4.64,0.820578,0.198611,0.124847,0.522662
1044,0.224705,3.45083,1.03386,0,3.99222,4.64,0.820578,0.198611,0.124847,0.522662
1044,0.224705,3.45083,1.03386,0,3.99222,4.64,0.820578,0.198611,0.124847,0.522662
38,0.321102,3.45075,0.984251,0,3.99222,4.64,0.820578,0.198611,0.124847,0.522662
38,0.321102,3.45075,0.984251,0,3.99222,4.64,0.820578,0.198611,0.124847,0.522662
664,0.405172,3.45055,0.896354,0,3.99222,4.64,0.820578,0.198611,0.124847,0.522662
664,0.405172,3.45055,0.896354,0,3.99222,4.64,0.820578,0.198611,0.124847,0.522662
235,0.471737,3.45059,0.782685,0,3.99222,4.64,0.820578,0.198611,0.124847,0.522662
235,0.471737,3.45059,0.782685,0,3.99222,4.64,0.820578,0.198611,0.124847,0.522662
1093,0.514097,3.45073,0.647116,0,3.99222,4.64,0.820578,0.198611,0.124847,0.522662
1093,0.514097,3.45073,0.647116,0,3.99222,4.64,0.820578,0.198611,0.124847,0.522662
60,0.536878,3.45112,0.498597,0,3.99222,4.64,0.820578,0.198611,0.124847,0.522662
1045,-0.301164,3.46091,0.660107,1,3.99222,4.64,0.820578,0.198611,0.124847,0.522662
59,-0.329983,3.46098,0.508993,1,3.99222,4.64,0.820578,0.198611,0.124847,0.522662
187,-0.241857,3.46074,0.792879,1,3.99222,4.64,0.820578,0.198611,0.124847,0.522662
1045,-0.301164,3.46091,0.660107,1,3.99222,4.64,0.820578,0.198611,0.124847,0.522662
616,-0.160896,3.46051,0.897867,1,3.99222,4.64,0.820578,0.198611,0.124847,0.522662
187,-0.241857,3.46074,0.792879,1,3.99222,4.64,0.820578,0.198611,0.124847,0.522662
16,-0.069067,3.46023,0.975671,1,3.99222,4.64,0.820578,0.198611,0.124847,0.522662
616,-0.160896,3.46051,0.897867,1,3.99222,4.64,0.820578,0.198611,0.124847,0.522662
16,-0.069067,3.46023,0.975671,1,3.99222,4.64,0.820578,0.198611,0.124847,0.522662
615,0.0275794,3.46002,1.01816,1,3.99222,4.64,0.820578,0.198611,0.124847,0.522662
615,0.0275794,3.46002,1.01816,1,3.99222,4.64,0.820578,0.198611,0.124847,0.522662
186,0.12503,3.45994,1.03197,1,3.99222,4.64,0.820578,0.198611,0.124847,0.522662
186,0.12503,3.45994,1.03197,1,3.99222,4.64,0.820578,0.198611,0.124847,0.522662
1044,0.222492,3.46002,1.01823,1,3.99222,4.64,0.820578,0.198611,0.124847,0.522662
1044,0.222492,3.46002,1.01823,1,3.99222,4.64,0.820578,0.198611,0.124847,0.522662
38,0.319207,3.46022,0.975806,1,3.99222,4.64,0.820578,0.198611,0.124847,0.522662
38,0.319207,3.46022,0.975806,1,3.99222,4.64,0.820578,0.198611,0.124847,0.522662
664,0.41105,3.4605,0.897984,1,3.99222,4.64,0.820578,0.198611,0.124847,0.522662
664,0.41105,3.4605,0.897984,1,3.99222,4.64,0.820578,0.198611,0.124847,0.522662
235,0.491973,3.46073,0.792955,1,3.99222,4.64,0.820578,0.198611,0.124847,0.522662
235,0.491973,3.46073,0.792955,1,3.99222,4.64,0.820578,0.198611,0.124847,0.522662
1093,0.551152,3.4609,0.660132,1,3.99222,4.64,0.820578,0.198611,0.124847,0.522662
1093,0.551152,3.4609,0.660132,1,3.99222,4.64,0.820578,0.198611,0.124847,0.522662
60,0.579922,3.461,0.509064,1,3.99222,4.64,0.820578,0.198611,0.124847,0.522662
1045,-0.27643,3.48102,0.657602,0,4.49222,4.64,0.841432,0.198611,0.124845,0.543515
59,-0.302465,3.48172,0.503853,0,4.49222,4.64,0.841432,0.198611,0.124845,0.543515
187,-0.231129,3.48074,0.796261,0,4.49222,4.64,0.841432,0.198611,0.124845,0.543515
1045,-0.27643,3.48102,0.657602,0,4.49222,4.64,0.841432,0.198611,0.124845,0.543515
616,-0.161324,3.48066,0.911703,0,4.49222,4.64,0.841432,0.198611,0.124845,0.543515
187,-0.231129,3.48074,0.796261,0,4.49222,4.64,0.841432,0.198611,0.124845,0.543515
16,-0.0738938,3.48078,1.00014,0,4.49222,4.64,0.841432,0.198611,0.124845,0.543515
616,-0.161324,3.48066,0.911703,0,4.49222,4.64,0.841432,0.198611,0.124845,0.543515
16,-0.0738938,3.48078,1.00014,0,4.49222,4.64,0.841432,0.198611,0.124845,0.543515
615,0.0247203,3.4809,1.05033,0,4.49222,4.64,0.841432,0.198611,0.124845,0.543515
615,0.0247203,3.4809,1.05033,0,4.49222,4.64,0.841432,0.198611,0.124845,0.543515
186,0.125015,3.48106,1.06633,0,4.49222,4.64,0.841432,0.198611,0.124845,0.543515
186,0.125015,3.48106,1.06633,0,4.49222,4.64,0.841432,0.198611,0.124845,0.543515
1044,0.225323,3.48091,1.05028,0,4.49222,4.64,0.841432,0.198611,0.124845,0.543515
1044,0.225323,3.48091,1.05028,0,4.49222,4.64,0.841432,0.198611,0.124845,0.543515
38,0.323992,3.48076,1.00018,0,4.49222,4.64,0.841432,0.198611,0.124845,0.543515
38,0.323992,3.48076,1.00018,0,4.49222,4.64,0.841432,0.198611,0.124845,0.543515
664,0.411359,3.48068,0.911687,0,4.49222,4.64,0.841432,0.198611,0.124845,0.543515
664,0.411359,3.48068,0.911687,0,4.49222,4.64,0.841432,0.198611,0.124845,0.543515
235,0.481141,3.48077,0.796224,0,4.49222,4.64,0.841432,0.198611,0.124845,0.543515
235,0.481141,3.48077,0.796224,0,4.49222,4.64,0.841432,0.198611,0.124845,0.543515
1093,0.526443,3.48105,0.657562,0,4.49222,4.64,0.841432,0.198611,0.124845,0.543515
1093,0.526443,3.48105,0.657562,0,4.49222,4.64,0.841432,0.198611,0.124845,0.543515
60,0.552549,3.48173,0.503921,0,4.49222,4.64,0.841432,0.198611,0.124845,0.543515
1045,-0.322962,3.49009,0.671407,1,4.49222,4.64,0.841432,0.198611,0.124845,0.543515
59,-0.352695,3.49017,0.513237,1,4.49222,4.64,0.841432,0.198611,0.124845,0.543515
187,-0.258784,3.48998,0.808276,1,4.49222,4.64,0.841432,0.198611,0.124845,0.543515
1045,-0.322962,3.49009,0.671407,1,4.49222,4.64,0.841432,0.198611,0.124845,0.543515
616,-0.171289,3.4898,0.914221,1,4.49222,4.64,0.841432,0.198611,0.124845,0.543515
187,-0.258784,3.48998,0.808276,1,4.49222,4.64,0.841432,0.198611,0.124845,0.543515
16,-0.0734347,3.48958,0.990366,1,4.49222,4.64,0.841432,0.198611,0.124845,0.543515
616,-0.171289,3.4898,0.914221,1,4.49222,4.64,0.841432,0.198611,0.124845,0.543515
16,-0.0734347,3.48958,0.990366,1,4.49222,4.64,0.841432,0.198611,0.124845,0.543515
615,0.0267974,3.48941,1.03108,1,4.49222,4.64,0.841432,0.198611,0.124845,0.543515
615,0.0267974,3.48941,1.03108,1,4.49222,4.64,0.841432,0.198611,0.124845,0.543515
186,0.125037,3.48934,1.04444,1,4.49222,4.64,0.841432,0.198611,0.124845,0.543515
186,0.125037,3.48934,1.04444,1,4.49222,4.64,0.841432,0.198611,0.124845,0.543515
1044,0.223299,3.48941,1.03119,1,4.49222,4.64,0.841432,0.198611,0.124845,0.543515
1044,0.223299,3.48941,1.03119,1,4.49222,4.64,0.841432,0.198611,0.124845,0.543515
38,0.323597,3.48958,0.990544,1,4.49222,4.64,0.841432,0.198611,0.124845,0.543515
38,0.323597,3.48958,0.990544,1,4.49222,4.64,0.841432,0.198611,0.124845,0.543515
664,0.421456,3.4898,0.914347,1,4.49222,4.64,0.841432,0.198611,0.124845,0.543515
664,0.421456,3.4898,0.914347,1,4.49222,4.64,0.841432,0.198611,0.124845,0.543515
235,0.508862,3.48997,0.808331,1,4.49222,4.64,0.841432,0.198611,0.124845,0.543515
235,0.508862,3.48997,0.808331,1,4.49222,4.64,0.841432,0.198611,0.124845,0.543515
1093,0.572905,3.49008,0.671429,1,4.49222,4.64,0.841432,0.198611,0.124845,0.543515
1093,0.572905,3.49008,0.671429,1,4.49222,4.64,0.841432,0.198611,0.124845,0.543515
60,0.602594,3.49018,0.513298,1,4.49222,4.64,0.841432,0.198611,0.124845,0.543515
1045,-0.286631,3.51265,0.666033,0,4.99222,4.64,0.859072,0.198611,0.124841,0.561155
59,-0.315627,3.51333,0.507913,0,4.99222,4.64,0.859072,0.198611,0.124841,0.561155
187,-0.239335,3.51244,0.807614,0,4.99222,4.64,0.859072,0.198611,0.124841,0.561155
1045,-0.286631,3.51265,0.666033,0,4.99222,4.64,0.859072,0.198611,0.124841,0.561155
616,-0.166998,3.51251,0.925035,0,4.99222,4.64,0.859072,0.198611,0.124841,0.561155
187,-0.239335,3.51244,0.807614,0,4.99222,4.64,0.859072,0.198611,0.124841,0.561155
16,-0.0770251,3.51271,1.01454,0,4.99222,4.64,0.859072,0.198611,0.124841,0.561155
616,-0.166998,3.51251,0.925035,0,4.99222,4.64,0.859072,0.198611,0.124841,0.561155
16,-0.0770251,3.51271,1.01454,0,4.99222,4.64,0.859072,0.198611,0.124841,0.561155
615,0.0237853,3.51292,1.06529,0,4.99222,4.64,0.859072,0.198611,0.124841,0.561155
615,0.0237853,3.51292,1.06529,0,4.99222,4.64,0.859072,0.198611,0.124841,0.561155
186,0.124959,3.51306,1.08179,0,4.99222,4.64,0.859072,0.198611,0.124841,0.561155
186,0.124959,3.51306,1.08179,0,4.99222,4.64,0.859072,0.198611,0.124841,0.561155
1044,0.226151,3.51289,1.06526,0,4.99222,4.64,0.859072,0.198611,0.124841,0.561155
1044,0.226151,3.51289,1.06526,0,4.99222,4.64,0.859072,0.198611,0.124841,0.561155
38,0.327087,3.51273,1.0145,0,4.99222,4.64,0.859072,0.198611,0.124841,0.561155
38,0.327087,3.51273,1.0145,0,4.99222,4.64,0.859072,0.198611,0.124841,0.561155
664,0.417003,3.51251,0.925037,0,4.99222,4.64,0.859072,0.198611,0.124841,0.561155
664,0.417003,3.51251,0.925037,0,4.99222,4.64,0.859072,0.198611,0.124841,0.561155
235,0.48931,3.51247,0.807636,0,4.99222,4.64,0.859072,0.198611,0.124841,0.561155
235,0.48931,3.51247,0.807636,0,4.99222,4.64,0.859072,0.198611,0.124841,0.561155
1093,0.536666,3.51263,0.666031,0,4.99222,4.64,0.859072,0.198611,0.124841,0.561155
1093,0.536666,3.51263,0.666031,0,4.99222,4.64,0.859072,0.198611,0.124841,0.561155
60,0.565608,3.51337,0.507947,0,4.99222,4.64,0.859072,0.198611,0.124841,0.561155
1045,-0.339199,3.51962,0.680583,1,4.99222,4.64,0.859072,0.198611,0.124841,0.561155
59,-0.370427,3.5196,0.516502,1,4.99222,4.64,0.859072,0.198611,0.124841,0.561155
187,-0.271536,3.51961,0.82119,1,4.99222,4.64,0.859072,0.198611,0.124841,0.561155
1045,-0.339199,3.51962,0.680583,1,4.99222,4.64,0.859072,0.198611,0.124841,0.561155
616,-0.179622,3.51953,0.928805,1,4.99222,4.64,0.859072,0.198611,0.124841,0.561155
187,-0.271536,3.51961,0.82119,1,4.99222,4.64,0.859072,0.198611,0.124841,0.561155
16,-0.0776125,3.51938,1.00503,1,4.99222,4.64,0.859072,0.198611,0.124841,0.561155
616,-0.179622,3.51953,0.928805,1,4.99222,4.64,0.859072,0.198611,0.124841,0.561155
16,-0.0776125,3.51938,1.00503,1,4.99222,4.64,0.859072,0.198611,0.124841,0.561155
615,0.0257094,3.51924,1.04569,1,4.99222,4.64,0.859072,0.198611,0.124841,0.561155
615,0.0257094,3.51924,1.04569,1,4.99222,4.64,0.859072,0.198611,0.124841,0.561155
186,0.125104,3.51919,1.05931,1,4.99222,4.64,0.859072,0.198611,0.124841,0.561155
186,0.125104,3.51919,1.05931,1,4.99222,4.64,0.859072,0.198611,0.124841,0.561155
1044,0.224531,3.51925,1.04583,1,4.99222,4.64,0.859072,0.198611,0.124841,0.561155
1044,0.224531,3.51925,1.04583,1,4.99222,4.64,0.859072,0.198611,0.124841,0.561155
38,0.327919,3.51939,1.00522,1,4.99222,4.64,0.859072,0.198611,0.124841,0.561155
38,0.327919,3.51939,1.00522,1,4.99222,4.64,0.859072,0.198611,0.124841,0.561155
664,0.429928,3.51954,0.928928,1,4.99222,4.64,0.859072,0.198611,0.124841,0.561155
664,0.429928,3.51954,0.928928,1,4.99222,4.64,0.859072,0.198611,0.124841,0.561155
235,0.521747,3.51962,0.821239,1,4.99222,4.64,0.859072,0.198611,0.124841,0.561155
235,0.521747,3.51962,0.821239,1,4.99222,4.64,0.859072,0.198611,0.124841,0.561155
1093,0.589274,3.51962,0.680617,1,4.99222,4.64,0.859072,0.198611,0.124841,0.561155
1093,0.589274,3.51962,0.680617,1,4.99222,4.64,0.859072,0.198611,0.124841,0.561155
60,0.620456,3.51968,0.516569,1,4.99222,4.64,0.859072,0.198611,0.124841,0.561155
1045,-0.297167,3.54284,0.673333,0,5.49222,4.64,0.874425,0.198611,0.124823,0.576509
59,-0.329104,3.54334,0.511247,0,5.49222,4.64,0.874425,0.198611,0.124823,0.576509
187,-0.247736,3.54277,0.817726,0,5.49222,4.64,0.874425,0.198611,0.124823,0.576509
1045,-0.297167,3.54284,0.673333,0,5.49222,4.64,0.874425,0.198611,0.124823,0.576509
616,-0.172826,3.54281,0.936951,0,5.49222,4.64,0.874425,0.198611,0.124823,0.576509
187,-0.247736,3.54277,0.817726,0,5.49222,4.64,0.874425,0.198611,0.124823,0.576509
16,-0.0800568,3.54293,1.02717,0,5.49222,4.64,0.874425,0.198611,0.124823,0.576509
616,-0.172826,3.54281,0.936951,0,5.49222,4.64,0.874425,0.198611,0.124823,0.576509
16,-0.0800568,3.54293,1.02717,0,5.49222,4.64,0.874425,0.198611,0.124823,0.576509
615,0.022983,3.54314,1.07856,0,5.49222,4.64,0.874425,0.198611,0.124823,0.576509
615,0.022983,3.54314,1.07856,0,5.49222,4.64,0.874425,0.198611,0.124823,0.576509
186,0.125009,3.54319,1.09541,0,5.49222,4.64,0.874425,0.198611,0.124823,0.576509
186,0.125009,3.54319,1.09541,0,5.49222,4.64,0.874425,0.198611,0.124823,0.576509
1044,0.227059,3.54312,1.07855,0,5.49222,4.64,0.874425,0.198611,0.124823,0.576509
1044,0.227059,3.54312,1.07855,0,5.49222,4.64,0.874425,0.198611,0.124823,0.576509
38,0.330041,3.54297,1.02718,0,5.49222,4.64,0.874425,0.198611,0.124823,0.576509
38,0.330041,3.54297,1.02718,0,5.49222,4.64,0.874425,0.198611,0.124823,0.576509
664,0.422777,3.54281,0.936976,0,5.49222,4.64,0.874425,0.198611,0.124823,0.576509
664,0.422777,3.54281,0.936976,0,5.49222,4.64,0.874425,0.198611,0.124823,0.576509
235,0.49773,3.54276,0.817729,0,5.49222,4.64,0.874425,0.198611,0.124823,0.576509
235,0.49773,3.54276,0.817729,0,5.49222,4.64,0.874425,0.198611,0.124823,0.576509
1093,0.547149,3.5428,0.673359,0,5.49222,4.64,0.874425,0.198611,0.124823,0.576509
1093,0.547149,3.5428,0.673359,0,5.49222,4.64,0.874425,0.198611,0.124823,0.576509
60,0.579146,3.54339,0.511278,0,5.49222,4.64,0.874425,0.198611,0.124823,0.576509
1045,-0.354099,3.54947,0.688307,1,5.49222,4.64,0.874425,0.198611,0.124823,0.576509
59,-0.387148,3.54932,0.51901,1,5.49222,4.64,0.874425,0.198611,0.124823,0.576509
187,-0.283355,3.54952,0.832383,1,5.49222,4.64,0.874425,0.198611,0.124823,0.576509
1045,-0.354099,3.54947,0.688307,1,5.49222,4.64,0.874425,0.198611,0.124823,0.576509
616,-0.187628,3.5495,0.941825,1,5.49222,4.64,0.874425,0.198611,0.124823,0.576509
187,-0.283355,3.54952,0.832383,1,5.49222,4.64,0.874425,0.198611,0.124823,0.576509
16,-0.0819568,3.54938,1.01858,1,5.49222,4.64,0.874425,0.198611,0.124823,0.576509
616,-0.187628,3.5495,0.941825,1,5.49222,4.64,0.874425,0.198611,0.124823,0.576509
16,-0.0819568,3.54938,1.01858,1,5.49222,4.64,0.874425,0.198611,0.124823,0.576509
615,0.0243275,3.54925,1.05953,1,5.49222,4.64,0.874425,0.198611,0.124823,0.576509
615,0.0243275,3.54925,1.05953,1,5.49222,4.64,0.874425,0.198611,0.124823,0.576509
186,0.125016,3.5492,1.07347,1,5.49222,4.64,0.874425,0.198611,0.124823,0.576509
186,0.125016,3.5492,1.07347,1,5.49222,4.64,0.874425,0.198611,0.124823,0.576509
1044,0.225738,3.54926,1.05968,1,5.49222,4.64,0.874425,0.198611,0.124823,0.576509
1044,0.225738,3.54926,1.05968,1,5.49222,4.64,0.874425,0.198611,0.124823,0.576509
38,0.332098,3.54938,1.01879,1,5.49222,4.64,0.874425,0.198611,0.124823,0.576509
38,0.332098,3.54938,1.01879,1,5.49222,4.64,0.874425,0.198611,0.124823,0.576509
664,0.437772,3.5495,0.941982,1,5.49222,4.64,0.874425,0.198611,0.124823,0.576509
664,0.437772,3.5495,0.941982,1,5.49222,4.64,0.874425,0.198611,0.124823,0.576509
235,0.533396,3.54952,0.832454,1,5.49222,4.64,0.874425,0.198611,0.124823,0.576509
235,0.533396,3.54952,0.832454,1,5.49222,4.64,0.874425,0.198611,0.124823,0.576509
1093,0.604001,3.54945,0.688371,1,5.49222,4.64,0.874425,0.198611,0.124823,0.576509
1093,0.604001,3.54945,0.688371,1,5.49222,4.64,0.874425,0.198611,0.124823,0.576509
60,0.637002,3.5494,0.519083,1,5.49222,4.64,0.874425,0.198611,0.124823,0.576509
1045,-0.306648,3.57063,0.680013,0,5.99222,4.64,0.887901,0.198611,0.124838,0.589984
59,-0.341262,3.57094,0.514106,0,5.99222,4.64,0.887901,0.198611,0.124838,0.589984
187,-0.255484,3.57061,0.827056,0,5.99222,4.64,0.887901,0.198611,0.124838,0.589984
1045,-0.306648,3.57063,0.680013,0,5.99222,4.64,0.887901,0.198611,0.124838,0.589984
616,-0.178293,3.57062,0.948061,0,5.99222,4.64,0.887901,0.198611,0.124838,0.589984
187,-0.255484,3.57061,0.827056,0,5.99222,4.64,0.887901,0.198611,0.124838,0.589984
16,-0.0828092,3.57068,1.03878,0,5.99222,4.64,0.887901,0.198611,0.124838,0.589984
616,-0.178293,3.57062,0.948061,0,5.99222,4.64,0.887901,0.198611,0.124838,0.589984
16,-0.0828092,3.57068,1.03878,0,5.99222,4.64,0.887901,0.198611,0.124838,0.589984
615,0.0223517,3.57078,1.09015,0,5.99222,4.64,0.887901,0.198611,0.124838,0.589984
615,0.0223517,3.57078,1.09015,0,5.99222,4.64,0.887901,0.198611,0.124838,0.589984
186,0.125011,3.57091,1.10734,0,5.99222,4.64,0.887901,0.198611,0.124838,0.589984
186,0.125011,3.57091,1.10734,0,5.99222,4.64,0.887901,0.198611,0.124838,0.589984
1044,0.227682,3.57079,1.09014,0,5.99222,4.64,0.887901,0.198611,0.124838,0.589984
1044,0.227682,3.57079,1.09014,0,5.99222,4.64,0.887901,0.198611,0.124838,0.589984
38,0.332831,3.5707,1.03883,0,5.99222,4.64,0.887901,0.198611,0.124838,0.589984
38,0.332831,3.5707,1.03883,0,5.99222,4.64,0.887901,0.198611,0.124838,0.589984
664,0.428299,3.57062,0.948056,0,5.99222,4.64,0.887901,0.198611,0.124838,0.589984
664,0.428299,3.57062,0.948056,0,5.99222,4.64,0.887901,0.198611,0.124838,0.589984
235,0.505514,3.57057,0.82707,0,5.99222,4.64,0.887901,0.198611,0.124838,0.589984
235,0.505514,3.57057,0.82707,0,5.99222,4.64,0.887901,0.198611,0.124838,0.589984
1093,0.556664,3.57053,0.680078,0,5.99222,4.64,0.887901,0.198611,0.124838,0.589984
1093,0.556664,3.57053,0.680078,0,5.99222,4.64,0.887901,0.198611,0.124838,0.589984
60,0.591303,3.57103,0.514175,0,5.99222,4.64,0.887901,0.198611,0.124838,0.589984
1045,-0.367866,3.5769,0.695689,1,5.99222,4.64,0.887901,0.198611,0.124838,0.589984
59,-0.402861,3.57664,0.521581,1,5.99222,4.64,0.887901,0.198611,0.124838,0.589984
187,-0.294315,3.5771,0.843044,1,5.99222,4.64,0.887901,0.198611,0.124838,0.589984
1045,-0.367866,3.5769,0.695689,1,5.99222,4.64,0.887901,0.198611,0.124838,0.589984
616,-0.19516,3.57718,0.954393,1,5.99222,4.64,0.887901,0.198611,0.124838,0.589984
187,-0.294315,3.5771,0.843044,1,5.99222,4.64,0.887901,0.198611,0.124838,0.589984
16,-0.0861448,3.57714,1.0319,1,5.99222,4.64,0.887901,0.198611,0.124838,0.589984
616,-0.19516,3.57718,0.954393,1,5.99222,4.64,0.887901,0.198611,0.124838,0.589984
16,-0.0861448,3.57714,1.0319,1,5.99222,4.64,0.887901,0.198611,0.124838,0.589984
615,0.022987,3.57705,1.07331,1,5.99222,4.64,0.887901,0.198611,0.124838,0.589984
615,0.022987,3.57705,1.07331,1,5.99222,4.64,0.887901,0.198611,0.124838,0.589984
186,0.125055,3.57701,1.08762,1,5.99222,4.64,0.887901,0.198611,0.124838,0.589984
186,0.125055,3.57701,1.08762,1,5.99222,4.64,0.887901,0.198611,0.124838,0.589984
1044,0.227157,3.57706,1.07346,1,5.99222,4.64,0.887901,0.198611,0.124838,0.589984
1044,0.227157,3.57706,1.07346,1,5.99222,4.64,0.887901,0.198611,0.124838,0.589984
38,0.336365,3.57713,1.03212,1,5.99222,4.64,0.887901,0.198611,0.124838,0.589984
38,0.336365,3.57713,1.03212,1,5.99222,4.64,0.887901,0.198611,0.124838,0.589984
664,0.445388,3.57717,0.954554,1,5.99222,4.64,0.887901,0.198611,0.124838,0.589984
664,0.445388,3.57717,0.954554,1,5.99222,4.64,0.887901,0.198611,0.124838,0.589984
235,0.544437,3.57708,0.843124,1,5.99222,4.64,0.887901,0.198611,0.124838,0.589984
235,0.544437,3.57708,0.843124,1,5.99222,4.64,0.887901,0.198611,0.124838,0.589984
1093,0.617816,3.57687,0.695723,1,5.99222,4.64,0.887901,0.198611,0.124838,0.589984
1093,0.617816,3.57687,0.695723,1,5.99222,4.64,0.887901,0.198611,0.124838,0.589984
60,0.652755,3.57673,0.521693,1,5.99222,4.64,0.887901,0.198611,0.124838,0.589984
1045,-0.316286,3.59989,0.686723,0,6.49222,4.64,0.901601,0.198611,0.124834,0.603684
59,-0.35363,3.6001,0.517351,0,6.49222,4.64,0.901601,0.198611,0.124834,0.603684
187,-0.263079,3.59994,0.836154,0,6.49222,4.64,0.901601,0.198611,0.124834,0.603684
1045,-0.316286,3.59989,0.686723,0,6.49222,4.64,0.901601,0.198611,0.124834,0.603684
616,-0.183579,3.6,0.958897,0,6.49222,4.64,0.901601,0.198611,0.124834,0.603684
187,-0.263079,3.59994,0.836154,0,6.49222,4.64,0.901601,0.198611,0.124834,0.603684
16,-0.0857579,3.60006,1.05063,0,6.49222,4.64,0.901601,0.198611,0.124834,0.603684
616,-0.183579,3.6,0.958897,0,6.49222,4.64,0.901601,0.198611,0.124834,0.603684
16,-0.0857579,3.60006,1.05063,0,6.49222,4.64,0.901601,0.198611,0.124834,0.603684
615,0.0214359,3.60013,1.10253,0,6.49222,4.64,0.901601,0.198611,0.124834,0.603684
615,0.0214359,3.60013,1.10253,0,6.49222,4.64,0.901601,0.198611,0.124834,0.603684
186,0.125019,3.60019,1.12004,0,6.49222,4.64,0.901601,0.198611,0.124834,0.603684
186,0.125019,3.60019,1.12004,0,6.49222,4.64,0.901601,0.198611,0.124834,0.603684
1044,0.228644,3.60014,1.10251,0,6.49222,4.64,0.901601,0.198611,0.124834,0.603684
1044,0.228644,3.60014,1.10251,0,6.49222,4.64,0.901601,0.198611,0.124834,0.603684
38,0.335867,3.60007,1.05061,0,6.49222,4.64,0.901601,0.198611,0.124834,0.603684
38,0.335867,3.60007,1.05061,0,6.49222,4.64,0.901601,0.198611,0.124834,0.603684
664,0.433647,3.6,0.95887,0,6.49222,4.64,0.901601,0.198611,0.124834,0.603684
664,0.433647,3.6,0.95887,0,6.49222,4.64,0.901601,0.198611,0.124834,0.603684
235,0.513167,3.59994,0.836151,0,6.49222,4.64,0.901601,0.198611,0.124834,0.603684
235,0.513167,3.59994,0.836151,0,6.49222,4.64,0.901601,0.198611,0.124834,0.603684
1093,0.566364,3.59984,0.686734,0,6.49222,4.64,0.901601,0.198611,0.124834,0.603684
1093,0.566364,3.59984,0.686734,0,6.49222,4.64,0.901601,0.198611,0.124834,0.603684
60,0.603664,3.60018,0.517442,0,6.49222,4.64,0.901601,0.198611,0.124834,0.603684
1045,-0.385605,3.60463,0.702646,1,6.49222,4.64,0.901601,0.198611,0.124834,0.603684
59,-0.42189,3.60423,0.523591,1,6.49222,4.64,0.901601,0.198611,0.124834,0.603684
187,-0.308948,3.60493,0.853714,1,6.49222,4.64,0.901601,0.198611,0.124834,0.603684
1045,-0.385605,3.60463,0.702646,1,6.49222,4.64,0.901601,0.198611,0.124834,0.603684
616,-0.205227,3.60509,0.966938,1,6.49222,4.64,0.901601,0.198611,0.124834,0.603684
187,-0.308948,3.60493,0.853714,1,6.49222,4.64,0.901601,0.198611,0.124834,0.603684
16,-0.0914589,3.6051,1.04437,1,6.49222,4.64,0.901601,0.198611,0.124834,0.603684
616,-0.205227,3.60509,0.966938,1,6.49222,4.64,0.901601,0.198611,0.124834,0.603684
16,-0.0914589,3.6051,1.04437,1,6.49222,4.64,0.901601,0.198611,0.124834,0.603684
615,0.0213345,3.60503,1.08513,1,6.49222,4.64,0.901601,0.198611,0.124834,0.603684
615,0.0213345,3.60503,1.08513,1,6.49222,4.64,0.901601,0.198611,0.124834,0.603684
186,0.125045,3.60499,1.09936,1,6.49222,4.64,0.901601,0.198611,0.124834,0.603684
186,0.125045,3.60499,1.09936,1,6.49222,4.64,0.901601,0.198611,0.124834,0.603684
1044,0.228794,3.60504,1.0853,1,6.49222,4.64,0.901601,0.198611,0.124834,0.603684
1044,0.228794,3.60504,1.0853,1,6.49222,4.64,0.901601,0.198611,0.124834,0.603684
38,0.341662,3.6051,1.04462,1,6.49222,4.64,0.901601,0.198611,0.124834,0.603684
38,0.341662,3.6051,1.04462,1,6.49222,4.64,0.901601,0.198611,0.124834,0.603684
664,0.455415,3.6051,0.967118,1,6.49222,4.64,0.901601,0.198611,0.124834,0.603684
664,0.455415,3.6051,0.967118,1,6.49222,4.64,0.901601,0.198611,0.124834,0.603684
235,0.559,3.60494,0.853801,1,6.49222,4.64,0.901601,0.198611,0.124834,0.603684
235,0.559,3.60494,0.853801,1,6.49222,4.64,0.901601,0.198611,0.124834,0.603684
1093,0.635497,3.60463,0.702727,1,6.49222,4.64,0.901601,0.198611,0.124834,0.603684
1093,0.635497,3.60463,0.702727,1,6.49222,4.64,0.901601,0.198611,0.124834,0.603684
60,0.671715,3.60436,0.523681,1,6.49222,4.64,0.901601,0.198611,0.124834,0.603684
1045,-0.325381,3.626,0.692559,0,6.99222,4.64,0.914213,0.198611,0.124833,0.616296
59,-0.365125,3.62609,0.51981,0,6.99222,4.64,0.914213,0.198611,0.124833,0.616296
187,-0.270373,3.6261,0.844451,0,6.99222,4.64,0.914213,0.198611,0.124833,0.616296
1045,-0.325381,3.626,0.692559,0,6.99222,4.64,0.914213,0.198611,0.124833,0.616296
616,-0.188775,3.62622,0.968914,0,6.99222,4.64,0.914213,0.198611,0.124833,0.616296
187,-0.270373,3.6261,0.844451,0,6.99222,4.64,0.914213,0.198611,0.124833,0.616296
16,-0.0887459,3.6263,1.06165,0,6.99222,4.64,0.914213,0.198611,0.124833,0.616296
616,-0.188775,3.62622,0.968914,0,6.99222,4.64,0.914213,0.198611,0.124833,0.616296
16,-0.0887459,3.6263,1.06165,0,6.99222,4.64,0.914213,0.198611,0.124833,0.616296
615,0.0204756,3.62637,1.11422,0,6.99222,4.64,0.914213,0.198611,0.124833,0.616296
615,0.0204756,3.62637,1.11422,0,6.99222,4.64,0.914213,0.198611,0.124833,0.616296
186,0.125033,3.62644,1.13214,0,6.99222,4.64,0.914213,0.198611,0.124833,0.616296
186,0.125033,3.62644,1.13214,0,6.99222,4.64,0.914213,0.198611,0.124833,0.616296
1044,0.229607,3.62638,1.11421,0,6.99222,4.64,0.914213,0.198611,0.124833,0.616296
1044,0.229607,3.62638,1.11421,0,6.99222,4.64,0.914213,0.198611,0.124833,0.616296
38,0.338833,3.6263,1.06164,0,6.99222,4.64,0.914213,0.198611,0.124833,0.616296
38,0.338833,3.6263,1.06164,0,6.99222,4.64,0.914213,0.198611,0.124833,0.616296
664,0.438839,3.62621,0.968892,0,6.99222,4.64,0.914213,0.198611,0.124833,0.616296
664,0.438839,3.62621,0.968892,0,6.99222,4.64,0.914213,0.198611,0.124833,0.616296
235,0.520408,3.62609,0.844423,0,6.99222,4.64,0.914213,0.198611,0.124833,0.616296
235,0.520408,3.62609,0.844423,0,6.99222,4.64,0.914213,0.198611,0.124833,0.616296
1093,0.575421,3.62594,0.692567,0,6.99222,4.64,0.914213,0.198611,0.124833,0.616296
1093,0.575421,3.62594,0.692567,0,6.99222,4.64,0.914213,0.198611,0.124833,0.616296
60,0.615156,3.6262,0.519838,0,6.99222,4.64,0.914213,0.198611,0.124833,0.616296
1045,-0.397902,3.63067,0.708641,1,6.99222,4.64,0.914213,0.198611,0.124833,0.616296
59,-0.436146,3.63017,0.52545,1,6.99222,4.64,0.914213,0.198611,0.124833,0.616296
187,-0.318839,3.63105,0.862699,1,6.99222,4.64,0.914213,0.198611,0.124833,0.616296
1045,-0.397902,3.63067,0.708641,1,6.99222,4.64,0.914213,0.198611,0.124833,0.616296
616,-0.212215,3.63128,0.977861,1,6.99222,4.64,0.914213,0.198611,0.124833,0.616296
187,-0.318839,3.63105,0.862699,1,6.99222,4.64,0.914213,0.198611,0.124833,0.616296
16,-0.0955168,3.63132,1.05627,1,6.99222,4.64,0.914213,0.198611,0.124833,0.616296
616,-0.212215,3.63128,0.977861,1,6.99222,4.64,0.914213,0.198611,0.124833,0.616296
16,-0.0955168,3.63132,1.05627,1,6.99222,4.64,0.914213,0.198611,0.124833,0.616296
615,0.0199092,3.63128,1.09767,1,6.99222,4.64,0.914213,0.198611,0.124833,0.616296
615,0.0199092,3.63128,1.09767,1,6.99222,4.64,0.914213,0.198611,0.124833,0.616296
186,0.12509,3.63124,1.1123,1,6.99222,4.64,0.914213,0.198611,0.124833,0.616296
186,0.12509,3.63124,1.1123,1,6.99222,4.64,0.914213,0.198611,0.124833,0.616296
1044,0.230317,3.63128,1.09783,1,6.99222,4.64,0.914213,0.198611,0.124833,0.616296
1044,0.230317,3.63128,1.09783,1,6.99222,4.64,0.914213,0.198611,0.124833,0.616296
38,0.345818,3.63133,1.0565,1,6.99222,4.64,0.914213,0.198611,0.124833,0.616296
38,0.345818,3.63133,1.0565,1,6.99222,4.64,0.914213,0.198611,0.124833,0.616296
664,0.46249,3.63128,0.97801,1,6.99222,4.64,0.914213,0.198611,0.124833,0.616296
664,0.46249,3.63128,0.97801,1,6.99222,4.64,0.914213,0.198611,0.124833,0.616296
235,0.568989,3.63106,0.862767,1,6.99222,4.64,0.914213,0.198611,0.124833,0.616296
235,0.568989,3.63106,0.862767,1,6.99222,4.64,0.914213,0.198611,0.124833,0.616296
1093,0.647901,3.63066,0.708712,1,6.99222,4.64,0.914213,0.198611,0.124833,0.616296
1093,0.647901,3.63066,0.708712,1,6.99222,4.64,0.914213,0.198611,0.124833,0.616296
60,0.68606,3.6303,0.525523,1,6.99222,4.64,0.914213,0.198611,0.124833,0.616296
1045,-0.333783,3.65447,0.69818,0,7.49222,4.64,0.927035,0.198611,0.124817,0.629118
59,-0.375583,3.65454,0.522201,0,7.49222,4.64,0.927035,0.198611,0.124817,0.629118
187,-0.277354,3.65461,0.852512,0,7.49222,4.64,0.927035,0.198611,0.124817,0.629118
1045,-0.333783,3.65447,0.69818,0,7.49222,4.64,0.927035,0.198611,0.124817,0.629118
616,-0.193945,3.65476,0.978895,0,7.49222,4.64,0.927035,0.198611,0.124817,0.629118
187,-0.277354,3.65461,0.852512,0,7.49222,4.64,0.927035,0.198611,0.124817,0.629118
16,-0.0918142,3.65486,1.07277,0,7.49222,4.64,0.927035,0.198611,0.124817,0.629118
616,-0.193945,3.65476,0.978895,0,7.49222,4.64,0.927035,0.198611,0.124817,0.629118
16,-0.0918142,3.65486,1.07277,0,7.49222,4.64,0.927035,0.198611,0.124817,0.629118
615,0.0194232,3.65493,1.12605,0,7.49222,4.64,0.927035,0.198611,0.124817,0.629118
615,0.0194232,3.65493,1.12605,0,7.49222,4.64,0.927035,0.198611,0.124817,0.629118
186,0.125017,3.65498,1.14435,0,7.49222,4.64,0.927035,0.198611,0.124817,0.629118
186,0.125017,3.65498,1.14435,0,7.49222,4.64,0.927035,0.198611,0.124817,0.629118
1044,0.230618,3.65494,1.12603,0,7.49222,4.64,0.927035,0.198611,0.124817,0.629118
1044,0.230618,3.65494,1.12603,0,7.49222,4.64,0.927035,0.198611,0.124817,0.629118
38,0.341865,3.65487,1.07276,0,7.49222,4.64,0.927035,0.198611,0.124817,0.629118
38,0.341865,3.65487,1.07276,0,7.49222,4.64,0.927035,0.198611,0.124817,0.629118
664,0.443979,3.65476,0.978869,0,7.49222,4.64,0.927035,0.198611,0.124817,0.629118
664,0.443979,3.65476,0.978869,0,7.49222,4.64,0.927035,0.198611,0.124817,0.629118
235,0.527395,3.6546,0.852494,0,7.49222,4.64,0.927035,0.198611,0.124817,0.629118
235,0.527395,3.6546,0.852494,0,7.49222,4.64,0.927035,0.198611,0.124817,0.629118
1093,0.583803,3.65441,0.69819,0,7.49222,4.64,0.927035,0.198611,0.124817,0.629118
1093,0.583803,3.65441,0.69819,0,7.49222,4.64,0.927035,0.198611,0.124817,0.629118
60,0.6256,3.65464,0.522256,0,7.49222,4.64,0.927035,0.198611,0.124817,0.629118
1045,-0.409673,3.65525,0.714408,1,7.49222,4.64,0.927035,0.198611,0.124817,0.629118
59,-0.449886,3.65461,0.527289,1,7.49222,4.64,0.927035,0.198611,0.124817,0.629118
187,-0.328311,3.65576,0.871303,1,7.49222,4.64,0.927035,0.198611,0.124817,0.629118
1045,-0.409673,3.65525,0.714408,1,7.49222,4.64,0.927035,0.198611,0.124817,0.629118
616,-0.218972,3.65608,0.988371,1,7.49222,4.64,0.927035,0.198611,0.124817,0.629118
187,-0.328311,3.65576,0.871303,1,7.49222,4.64,0.927035,0.198611,0.124817,0.629118
16,-0.0995203,3.6562,1.06783,1,7.49222,4.64,0.927035,0.198611,0.124817,0.629118
616,-0.218972,3.65608,0.988371,1,7.49222,4.64,0.927035,0.198611,0.124817,0.629118
16,-0.0995203,3.6562,1.06783,1,7.49222,4.64,0.927035,0.198611,0.124817,0.629118
615,0.018419,3.65619,1.1099,1,7.49222,4.64,0.927035,0.198611,0.124817,0.629118
615,0.018419,3.65619,1.1099,1,7.49222,4.64,0.927035,0.198611,0.124817,0.629118
186,0.125059,3.65617,1.12493,1,7.49222,4.64,0.927035,0.198611,0.124817,0.629118
186,0.125059,3.65617,1.12493,1,7.49222,4.64,0.927035,0.198611,0.124817,0.629118
1044,0.231739,3.6562,1.11007,1,7.49222,4.64,0.927035,0.198611,0.124817,0.629118
1044,0.231739,3.6562,1.11007,1,7.49222,4.64,0.927035,0.198611,0.124817,0.629118
38,0.349752,3.65621,1.06808,1,7.49222,4.64,0.927035,0.198611,0.124817,0.629118
38,0.349752,3.65621,1.06808,1,7.49222,4.64,0.927035,0.198611,0.124817,0.629118
664,0.469192,3.6561,0.988544,1,7.49222,4.64,0.927035,0.198611,0.124817,0.629118
664,0.469192,3.6561,0.988544,1,7.49222,4.64,0.927035,0.198611,0.124817,0.629118
235,0.578388,3.65578,0.871379,1,7.49222,4.64,0.927035,0.198611,0.124817,0.629118
235,0.578388,3.65578,0.871379,1,7.49222,4.64,0.927035,0.198611,0.124817,0.629118
1093,0.659569,3.65525,0.714471,1,7.49222,4.64,0.927035,0.198611,0.124817,0.629118
1093,0.659569,3.65525,0.714471,1,7.49222,4.64,0.927035,0.198611,0.124817,0.629118
60,0.699697,3.65476,0.52739,1,7.49222,4.64,0.927035,0.198611,0.124817,0.629118
