id,x,y,z,ablated,v,bulkheadyoungs,nickdepth,nickw,nickc,bbmin
1045,-0.25197,3.43175,0.639187,0,3.49222,6,0.802316,0.198611,0.124844,0.504399
59,-0.2724,3.43204,0.496793,0,3.49222,6,0.802316,0.198611,0.124844,0.504399
187,-0.211597,3.43145,0.771344,0,3.49222,6,0.802316,0.198611,0.124844,0.504399
1045,-0.25197,3.43175,0.639187,0,3.49222,6,0.802316,0.198611,0.124844,0.504399
616,-0.148218,3.43126,0.883076,0,3.49222,6,0.802316,0.198611,0.124844,0.504399
187,-0.211597,3.43145,0.771344,0,3.49222,6,0.802316,0.198611,0.124844,0.504399
16,-0.0683117,3.4312,0.971458,0,3.49222,6,0.802316,0.198611,0.124844,0.504399
616,-0.148218,3.43126,0.883076,0,3.49222,6,0.802316,0.198611,0.124844,0.504399
16,-0.0683117,3.4312,0.971458,0,3.49222,6,0.802316,0.198611,0.124844,0.504399
615,0.0257079,3.43111,1.02211,0,3.49222,6,0.802316,0.198611,0.124844,0.504399
615,0.0257079,3.43111,1.02211,0,3.49222,6,0.802316,0.198611,0.124844,0.504399
186,0.125041,3.43106,1.03835,0,3.49222,6,0.802316,0.198611,0.124844,0.504399
186,0.125041,3.43106,1.03835,0,3.49222,6,0.802316,0.198611,0.124844,0.504399
1044,0.224323,3.43111,1.02206,0,3.49222,6,0.802316,0.198611,0.124844,0.504399
1044,0.224323,3.43111,1.02206,0,3.49222,6,0.802316,0.198611,0.124844,0.504399
38,0.318363,3.43121,0.971442,0,3.49222,6,0.802316,0.198611,0.124844,0.504399
38,0.318363,3.43121,0.971442,0,3.49222,6,0.802316,0.198611,0.124844,0.504399
664,0.398269,3.43124,0.883064,0,3.49222,6,0.802316,0.198611,0.124844,0.504399
664,0.398269,3.43124,0.883064,0,3.49222,6,0.802316,0.198611,0.124844,0.504399
235,0.461622,3.43144,0.771304,0,3.49222,6,0.802316,0.198611,0.124844,0.504399
235,0.461622,3.43144,0.771304,0,3.49222,6,0.802316,0.198611,0.124844,0.504399
1093,0.501959,3.43172,0.639153,0,3.49222,6,0.802316,0.198611,0.124844,0.504399
1093,0.501959,3.43172,0.639153,0,3.49222,6,0.802316,0.198611,0.124844,0.504399
60,0.522412,3.43201,0.496793,0,3.49222,6,0.802316,0.198611,0.124844,0.504399
1045,-0.276266,3.43546,0.646176,1,3.49222,6,0.802316,0.198611,0.124844,0.504399
59,-0.304502,3.43538,0.503577,1,3.49222,6,0.802316,0.198611,0.124844,0.504399
187,-0.223649,3.43523,0.775047,1,3.49222,6,0.802316,0.198611,0.124844,0.504399
1045,-0.276266,3.43546,0.646176,1,3.49222,6,0.802316,0.198611,0.124844,0.504399
616,-0.150446,3.43489,0.880038,1,3.49222,6,0.802316,0.198611,0.124844,0.504399
187,-0.223649,3.43523,0.775047,1,3.49222,6,0.802316,0.198611,0.124844,0.504399
16,-0.0652818,3.43454,0.960636,1,3.49222,6,0.802316,0.198611,0.124844,0.504399
616,-0.150446,3.43489,0.880038,1,3.49222,6,0.802316,0.198611,0.124844,0.504399
16,-0.0652818,3.43454,0.960636,1,3.49222,6,0.802316,0.198611,0.124844,0.504399
615,0.0280863,3.43429,1.00526,1,3.49222,6,0.802316,0.198611,0.124844,0.504399
615,0.0280863,3.43429,1.00526,1,3.49222,6,0.802316,0.198611,0.124844,0.504399
186,0.125022,3.43417,1.0198,1,3.49222,6,0.802316,0.198611,0.124844,0.504399
186,0.125022,3.43417,1.0198,1,3.49222,6,0.802316,0.198611,0.124844,0.504399
1044,0.221943,3.43427,1.00527,1,3.49222,6,0.802316,0.198611,0.124844,0.504399
1044,0.221943,3.43427,1.00527,1,3.49222,6,0.802316,0.198611,0.124844,0.504399
38,0.315324,3.43453,0.960641,1,3.49222,6,0.802316,0.198611,0.124844,0.504399
38,0.315324,3.43453,0.960641,1,3.49222,6,0.802316,0.198611,0.124844,0.504399
664,0.400447,3.43488,0.879999,1,3.49222,6,0.802316,0.198611,0.124844,0.504399
664,0.400447,3.43488,0.879999,1,3.49222,6,0.802316,0.198611,0.124844,0.504399
235,0.47361,3.43523,0.775035,1,3.49222,6,0.802316,0.198611,0.124844,0.504399
235,0.47361,3.43523,0.775035,1,3.49222,6,0.802316,0.198611,0.124844,0.504399
1093,0.526252,3.43539,0.646195,1,3.49222,6,0.802316,0.198611,0.124844,0.504399
1093,0.526252,3.43539,0.646195,1,3.49222,6,0.802316,0.198611,0.124844,0.504399
60,0.554347,3.43538,0.503588,1,3.49222,6,0.802316,0.198611,0.124844,0.504399
1045,-0.26073,3.44969,0.647099,0,3.99222,6,0.819896,0.198611,0.124847,0.52198
59,-0.282564,3.45013,0.4993,0,3.99222,6,0.819896,0.198611,0.124847,0.52198
187,-0.21911,3.44961,0.782294,0,3.99222,6,0.819896,0.198611,0.124847,0.52198
1045,-0.26073,3.44969,0.647099,0,3.99222,6,0.819896,0.198611,0.124847,0.52198
616,-0.15338,3.44963,0.89563,0,3.99222,6,0.819896,0.198611,0.124847,0.52198
187,-0.21911,3.44961,0.782294,0,3.99222,6,0.819896,0.198611,0.124847,0.52198
16,-0.0702851,3.44998,0.983721,0,3.99222,6,0.819896,0.198611,0.124847,0.52198
616,-0.15338,3.44963,0.89563,0,3.99222,6,0.819896,0.198611,0.124847,0.52198
16,-0.0702851,3.44998,0.983721,0,3.99222,6,0.819896,0.198611,0.124847,0.52198
615,0.0255359,3.45014,1.03343,0,3.99222,6,0.819896,0.198611,0.124847,0.52198
615,0.0255359,3.45014,1.03343,0,3.99222,6,0.819896,0.198611,0.124847,0.52198
186,0.125033,3.45031,1.04929,0,3.99222,6,0.819896,0.198611,0.124847,0.52198
186,0.125033,3.45031,1.04929,0,3.99222,6,0.819896,0.198611,0.124847,0.52198
1044,0.224469,3.45019,1.0334,0,3.99222,6,0.819896,0.198611,0.124847,0.52198
1044,0.224469,3.45019,1.0334,0,3.99222,6,0.819896,0.198611,0.124847,0.52198
38,0.32026,3.45,0.983782,0,3.99222,6,0.819896,0.198611,0.124847,0.52198
38,0.32026,3.45,0.983782,0,3.99222,6,0.819896,0.198611,0.124847,0.52198
664,0.403325,3.44962,0.895673,0,3.99222,6,0.819896,0.198611,0.124847,0.52198
664,0.403325,3.44962,0.895673,0,3.99222,6,0.819896,0.198611,0.124847,0.52198
235,0.469182,3.44958,0.782331,0,3.99222,6,0.819896,0.198611,0.124847,0.52198
235,0.469182,3.44958,0.782331,0,3.99222,6,0.819896,0.198611,0.124847,0.52198
1093,0.510751,3.4497,0.647199,0,3.99222,6,0.819896,0.198611,0.124847,0.52198
1093,0.510751,3.4497,0.647199,0,3.99222,6,0.819896,0.198611,0.124847,0.52198
60,0.532536,3.45023,0.499286,0,3.99222,6,0.819896,0.198611,0.124847,0.52198
1045,-0.295929,3.46188,0.660033,1,3.99222,6,0.819896,0.198611,0.124847,0.52198
59,-0.324717,3.46195,0.510077,1,3.99222,6,0.819896,0.198611,0.124847,0.52198
187,-0.237695,3.4617,0.792051,1,3.99222,6,0.819896,0.198611,0.124847,0.52198
1045,-0.295929,3.46188,0.660033,1,3.99222,6,0.819896,0.198611,0.124847,0.52198
616,-0.158181,3.46149,0.896878,1,3.99222,6,0.819896,0.198611,0.124847,0.52198
187,-0.237695,3.4617,0.792051,1,3.99222,6,0.819896,0.198611,0.124847,0.52198
16,-0.0678538,3.46122,0.975103,1,3.99222,6,0.819896,0.198611,0.124847,0.52198
616,-0.158181,3.46149,0.896878,1,3.99222,6,0.819896,0.198611,0.124847,0.52198
16,-0.0678538,3.46122,0.975103,1,3.99222,6,0.819896,0.198611,0.124847,0.52198
615,0.0279555,3.46101,1.01786,1,3.99222,6,0.819896,0.198611,0.124847,0.52198
615,0.0279555,3.46101,1.01786,1,3.99222,6,0.819896,0.198611,0.124847,0.52198
186,0.125011,3.46092,1.03177,1,3.99222,6,0.819896,0.198611,0.124847,0.52198
186,0.125011,3.46092,1.03177,1,3.99222,6,0.819896,0.198611,0.124847,0.52198
1044,0.222084,3.46101,1.01794,1,3.99222,6,0.819896,0.198611,0.124847,0.52198
1044,0.222084,3.46101,1.01794,1,3.99222,6,0.819896,0.198611,0.124847,0.52198
38,0.31793,3.46122,0.975203,1,3.99222,6,0.819896,0.198611,0.124847,0.52198
38,0.31793,3.46122,0.975203,1,3.99222,6,0.819896,0.198611,0.124847,0.52198
664,0.408277,3.46149,0.896947,1,3.99222,6,0.819896,0.198611,0.124847,0.52198
664,0.408277,3.46149,0.896947,1,3.99222,6,0.819896,0.198611,0.124847,0.52198
235,0.48773,3.4617,0.792085,1,3.99222,6,0.819896,0.198611,0.124847,0.52198
235,0.48773,3.4617,0.792085,1,3.99222,6,0.819896,0.198611,0.124847,0.52198
1093,0.545908,3.46187,0.660068,1,3.99222,6,0.819896,0.198611,0.124847,0.52198
1093,0.545908,3.46187,0.660068,1,3.99222,6,0.819896,0.198611,0.124847,0.52198
60,0.574619,3.46195,0.510137,1,3.99222,6,0.819896,0.198611,0.124847,0.52198
1045,-0.270666,3.47914,0.657784,0,4.49222,6,0.837773,0.198611,0.124853,0.539856
59,-0.295005,3.47974,0.50517,0,4.49222,6,0.837773,0.198611,0.124853,0.539856
187,-0.227036,3.47897,0.79569,0,4.49222,6,0.837773,0.198611,0.124853,0.539856
1045,-0.270666,3.47914,0.657784,0,4.49222,6,0.837773,0.198611,0.124853,0.539856
616,-0.158662,3.47899,0.910604,0,4.49222,6,0.837773,0.198611,0.124853,0.539856
187,-0.227036,3.47897,0.79569,0,4.49222,6,0.837773,0.198611,0.124853,0.539856
16,-0.0726334,3.47924,0.998752,0,4.49222,6,0.837773,0.198611,0.124853,0.539856
616,-0.158662,3.47899,0.910604,0,4.49222,6,0.837773,0.198611,0.124853,0.539856
16,-0.0726334,3.47924,0.998752,0,4.49222,6,0.837773,0.198611,0.124853,0.539856
615,0.0251113,3.47941,1.04827,0,4.49222,6,0.837773,0.198611,0.124853,0.539856
615,0.0251113,3.47941,1.04827,0,4.49222,6,0.837773,0.198611,0.124853,0.539856
186,0.125004,3.47955,1.0642,0,4.49222,6,0.837773,0.198611,0.124853,0.539856
186,0.125004,3.47955,1.0642,0,4.49222,6,0.837773,0.198611,0.124853,0.539856
1044,0.224873,3.47939,1.04832,0,4.49222,6,0.837773,0.198611,0.124853,0.539856
1044,0.224873,3.47939,1.04832,0,4.49222,6,0.837773,0.198611,0.124853,0.539856
38,0.322624,3.47922,0.998753,0,4.49222,6,0.837773,0.198611,0.124853,0.539856
38,0.322624,3.47922,0.998753,0,4.49222,6,0.837773,0.198611,0.124853,0.539856
664,0.408706,3.479,0.910579,0,4.49222,6,0.837773,0.198611,0.124853,0.539856
664,0.408706,3.479,0.910579,0,4.49222,6,0.837773,0.198611,0.124853,0.539856
235,0.477127,3.47899,0.795676,0,4.49222,6,0.837773,0.198611,0.124853,0.539856
235,0.477127,3.47899,0.795676,0,4.49222,6,0.837773,0.198611,0.124853,0.539856
1093,0.520696,3.47914,0.657795,0,4.49222,6,0.837773,0.198611,0.124853,0.539856
1093,0.520696,3.47914,0.657795,0,4.49222,6,0.837773,0.198611,0.124853,0.539856
60,0.54506,3.47971,0.505201,0,4.49222,6,0.837773,0.198611,0.124853,0.539856
1045,-0.312723,3.49165,0.671065,1,4.49222,6,0.837773,0.198611,0.124853,0.539856
59,-0.342707,3.49178,0.514776,1,4.49222,6,0.837773,0.198611,0.124853,0.539856
187,-0.250283,3.4915,0.806417,1,4.49222,6,0.837773,0.198611,0.124853,0.539856
1045,-0.312723,3.49165,0.671065,1,4.49222,6,0.837773,0.198611,0.124853,0.539856
616,-0.165671,3.49133,0.912014,1,4.49222,6,0.837773,0.198611,0.124853,0.539856
187,-0.250283,3.4915,0.806417,1,4.49222,6,0.837773,0.198611,0.124853,0.539856
16,-0.0708821,3.49109,0.989153,1,4.49222,6,0.837773,0.198611,0.124853,0.539856
616,-0.165671,3.49133,0.912014,1,4.49222,6,0.837773,0.198611,0.124853,0.539856
16,-0.0708821,3.49109,0.989153,1,4.49222,6,0.837773,0.198611,0.124853,0.539856
615,0.0274594,3.49092,1.031,1,4.49222,6,0.837773,0.198611,0.124853,0.539856
615,0.0274594,3.49092,1.031,1,4.49222,6,0.837773,0.198611,0.124853,0.539856
186,0.125031,3.49085,1.0448,1,4.49222,6,0.837773,0.198611,0.124853,0.539856
186,0.125031,3.49085,1.0448,1,4.49222,6,0.837773,0.198611,0.124853,0.539856
1044,0.222623,3.49092,1.03108,1,4.49222,6,0.837773,0.198611,0.124853,0.539856
1044,0.222623,3.49092,1.03108,1,4.49222,6,0.837773,0.198611,0.124853,0.539856
38,0.321027,3.49109,0.9893,1,4.49222,6,0.837773,0.198611,0.124853,0.539856
38,0.321027,3.49109,0.9893,1,4.49222,6,0.837773,0.198611,0.124853,0.539856
664,0.41583,3.49133,0.912129,1,4.49222,6,0.837773,0.198611,0.124853,0.539856
664,0.41583,3.49133,0.912129,1,4.49222,6,0.837773,0.198611,0.124853,0.539856
235,0.500366,3.49151,0.806468,1,4.49222,6,0.837773,0.198611,0.124853,0.539856
235,0.500366,3.49151,0.806468,1,4.49222,6,0.837773,0.198611,0.124853,0.539856
1093,0.562709,3.49165,0.671103,1,4.49222,6,0.837773,0.198611,0.124853,0.539856
1093,0.562709,3.49165,0.671103,1,4.49222,6,0.837773,0.198611,0.124853,0.539856
60,0.592627,3.49178,0.514837,1,4.49222,6,0.837773,0.198611,0.124853,0.539856
1045,-0.280798,3.51158,0.666545,0,4.99222,6,0.855514,0.198611,0.124845,0.557598
59,-0.308501,3.51234,0.509731,0,4.99222,6,0.855514,0.198611,0.124845,0.557598
187,-0.234444,3.51134,0.806975,0,4.99222,6,0.855514,0.198611,0.124845,0.557598
1045,-0.280798,3.51158,0.666545,0,4.99222,6,0.855514,0.198611,0.124845,0.557598
616,-0.16355,3.51134,0.923595,0,4.99222,6,0.855514,0.198611,0.124845,0.557598
187,-0.234444,3.51134,0.806975,0,4.99222,6,0.855514,0.198611,0.124845,0.557598
16,-0.075076,3.51153,1.0129,0,4.99222,6,0.855514,0.198611,0.124845,0.557598
616,-0.16355,3.51134,0.923595,0,4.99222,6,0.855514,0.198611,0.124845,0.557598
16,-0.075076,3.51153,1.0129,0,4.99222,6,0.855514,0.198611,0.124845,0.557598
615,0.0244956,3.51175,1.06346,0,4.99222,6,0.855514,0.198611,0.124845,0.557598
615,0.0244956,3.51175,1.06346,0,4.99222,6,0.855514,0.198611,0.124845,0.557598
186,0.125019,3.51189,1.07982,0,4.99222,6,0.855514,0.198611,0.124845,0.557598
186,0.125019,3.51189,1.07982,0,4.99222,6,0.855514,0.198611,0.124845,0.557598
1044,0.225584,3.51175,1.06342,0,4.99222,6,0.855514,0.198611,0.124845,0.557598
1044,0.225584,3.51175,1.06342,0,4.99222,6,0.855514,0.198611,0.124845,0.557598
38,0.325189,3.51154,1.01288,0,4.99222,6,0.855514,0.198611,0.124845,0.557598
38,0.325189,3.51154,1.01288,0,4.99222,6,0.855514,0.198611,0.124845,0.557598
664,0.41359,3.51135,0.923577,0,4.99222,6,0.855514,0.198611,0.124845,0.557598
664,0.41359,3.51135,0.923577,0,4.99222,6,0.855514,0.198611,0.124845,0.557598
235,0.48448,3.51134,0.806951,0,4.99222,6,0.855514,0.198611,0.124845,0.557598
235,0.48448,3.51134,0.806951,0,4.99222,6,0.855514,0.198611,0.124845,0.557598
1093,0.530843,3.5116,0.666565,0,4.99222,6,0.855514,0.198611,0.124845,0.557598
1093,0.530843,3.5116,0.666565,0,4.99222,6,0.855514,0.198611,0.124845,0.557598
60,0.558543,3.51235,0.509771,0,4.99222,6,0.855514,0.198611,0.124845,0.557598
1045,-0.331723,3.52189,0.681348,1,4.99222,6,0.855514,0.198611,0.124845,0.557598
59,-0.362958,3.52201,0.519064,1,4.99222,6,0.855514,0.198611,0.124845,0.557598
187,-0.265088,3.52181,0.820281,1,4.99222,6,0.855514,0.198611,0.124845,0.557598
1045,-0.331723,3.52189,0.681348,1,4.99222,6,0.855514,0.198611,0.124845,0.557598
616,-0.1749,3.52169,0.926913,1,4.99222,6,0.855514,0.198611,0.124845,0.557598
187,-0.265088,3.52181,0.820281,1,4.99222,6,0.855514,0.198611,0.124845,0.557598
16,-0.0749247,3.52151,1.00288,1,4.99222,6,0.855514,0.198611,0.124845,0.557598
616,-0.1749,3.52169,0.926913,1,4.99222,6,0.855514,0.198611,0.124845,0.557598
16,-0.0749247,3.52151,1.00288,1,4.99222,6,0.855514,0.198611,0.124845,0.557598
615,0.0266513,3.52136,1.04334,1,4.99222,6,0.855514,0.198611,0.124845,0.557598
615,0.0266513,3.52136,1.04334,1,4.99222,6,0.855514,0.198611,0.124845,0.557598
186,0.125075,3.5213,1.05689,1,4.99222,6,0.855514,0.198611,0.124845,0.557598
186,0.125075,3.5213,1.05689,1,4.99222,6,0.855514,0.198611,0.124845,0.557598
1044,0.223532,3.52137,1.04348,1,4.99222,6,0.855514,0.198611,0.124845,0.557598
1044,0.223532,3.52137,1.04348,1,4.99222,6,0.855514,0.198611,0.124845,0.557598
38,0.325196,3.52152,1.0031,1,4.99222,6,0.855514,0.198611,0.124845,0.557598
38,0.325196,3.52152,1.0031,1,4.99222,6,0.855514,0.198611,0.124845,0.557598
664,0.425171,3.5217,0.927057,1,4.99222,6,0.855514,0.198611,0.124845,0.557598
664,0.425171,3.5217,0.927057,1,4.99222,6,0.855514,0.198611,0.124845,0.557598
235,0.515257,3.52183,0.820341,1,4.99222,6,0.855514,0.198611,0.124845,0.557598
235,0.515257,3.52183,0.820341,1,4.99222,6,0.855514,0.198611,0.124845,0.557598
1093,0.581753,3.5219,0.681376,1,4.99222,6,0.855514,0.198611,0.124845,0.557598
1093,0.581753,3.5219,0.681376,1,4.99222,6,0.855514,0.198611,0.124845,0.557598
60,0.61292,3.52202,0.519132,1,4.99222,6,0.855514,0.198611,0.124845,0.557598
1045,-0.289955,3.54348,0.674203,0,5.49222,6,0.870806,0.198611,0.124832,0.572889
59,-0.320649,3.54423,0.513679,0,5.49222,6,0.870806,0.198611,0.124832,0.572889
187,-0.241619,3.54337,0.81711,0,5.49222,6,0.870806,0.198611,0.124832,0.572889
1045,-0.289955,3.54348,0.674203,0,5.49222,6,0.870806,0.198611,0.124832,0.572889
616,-0.168358,3.54343,0.935427,0,5.49222,6,0.870806,0.198611,0.124832,0.572889
187,-0.241619,3.54337,0.81711,0,5.49222,6,0.870806,0.198611,0.124832,0.572889
16,-0.0778143,3.54368,1.0256,0,5.49222,6,0.870806,0.198611,0.124832,0.572889
616,-0.168358,3.54343,0.935427,0,5.49222,6,0.870806,0.198611,0.124832,0.572889
16,-0.0778143,3.54368,1.0256,0,5.49222,6,0.870806,0.198611,0.124832,0.572889
615,0.0236165,3.54391,1.07694,0,5.49222,6,0.870806,0.198611,0.124832,0.572889
615,0.0236165,3.54391,1.07694,0,5.49222,6,0.870806,0.198611,0.124832,0.572889
186,0.125019,3.544,1.09373,0,5.49222,6,0.870806,0.198611,0.124832,0.572889
186,0.125019,3.544,1.09373,0,5.49222,6,0.870806,0.198611,0.124832,0.572889
1044,0.226413,3.54389,1.07689,0,5.49222,6,0.870806,0.198611,0.124832,0.572889
1044,0.226413,3.54389,1.07689,0,5.49222,6,0.870806,0.198611,0.124832,0.572889
38,0.327863,3.54367,1.02564,0,5.49222,6,0.870806,0.198611,0.124832,0.572889
38,0.327863,3.54367,1.02564,0,5.49222,6,0.870806,0.198611,0.124832,0.572889
664,0.418334,3.54344,0.935468,0,5.49222,6,0.870806,0.198611,0.124832,0.572889
664,0.418334,3.54344,0.935468,0,5.49222,6,0.870806,0.198611,0.124832,0.572889
235,0.491646,3.54339,0.817135,0,5.49222,6,0.870806,0.198611,0.124832,0.572889
235,0.491646,3.54339,0.817135,0,5.49222,6,0.870806,0.198611,0.124832,0.572889
1093,0.539988,3.54353,0.674225,0,5.49222,6,0.870806,0.198611,0.124832,0.572889
1093,0.539988,3.54353,0.674225,0,5.49222,6,0.870806,0.198611,0.124832,0.572889
60,0.570622,3.54423,0.513725,0,5.49222,6,0.870806,0.198611,0.124832,0.572889
1045,-0.345571,3.55123,0.689904,1,5.49222,6,0.870806,0.198611,0.124832,0.572889
59,-0.378521,3.55125,0.522611,1,5.49222,6,0.870806,0.198611,0.124832,0.572889
187,-0.275917,3.55128,0.831998,1,5.49222,6,0.870806,0.198611,0.124832,0.572889
1045,-0.345571,3.55123,0.689904,1,5.49222,6,0.870806,0.198611,0.124832,0.572889
616,-0.182029,3.55125,0.940137,1,5.49222,6,0.870806,0.198611,0.124832,0.572889
187,-0.275917,3.55128,0.831998,1,5.49222,6,0.870806,0.198611,0.124832,0.572889
16,-0.078608,3.55114,1.01637,1,5.49222,6,0.870806,0.198611,0.124832,0.572889
616,-0.182029,3.55125,0.940137,1,5.49222,6,0.870806,0.198611,0.124832,0.572889
16,-0.078608,3.55114,1.01637,1,5.49222,6,0.870806,0.198611,0.124832,0.572889
615,0.0256038,3.55103,1.05694,1,5.49222,6,0.870806,0.198611,0.124832,0.572889
615,0.0256038,3.55103,1.05694,1,5.49222,6,0.870806,0.198611,0.124832,0.572889
186,0.125119,3.55098,1.0708,1,5.49222,6,0.870806,0.198611,0.124832,0.572889
186,0.125119,3.55098,1.0708,1,5.49222,6,0.870806,0.198611,0.124832,0.572889
1044,0.224671,3.55103,1.05708,1,5.49222,6,0.870806,0.198611,0.124832,0.572889
1044,0.224671,3.55103,1.05708,1,5.49222,6,0.870806,0.198611,0.124832,0.572889
38,0.32896,3.55115,1.01658,1,5.49222,6,0.870806,0.198611,0.124832,0.572889
38,0.32896,3.55115,1.01658,1,5.49222,6,0.870806,0.198611,0.124832,0.572889
664,0.432392,3.55126,0.940288,1,5.49222,6,0.870806,0.198611,0.124832,0.572889
664,0.432392,3.55126,0.940288,1,5.49222,6,0.870806,0.198611,0.124832,0.572889
235,0.526169,3.55128,0.832045,1,5.49222,6,0.870806,0.198611,0.124832,0.572889
235,0.526169,3.55128,0.832045,1,5.49222,6,0.870806,0.198611,0.124832,0.572889
1093,0.595659,3.55123,0.68991,1,5.49222,6,0.870806,0.198611,0.124832,0.572889
1093,0.595659,3.55123,0.68991,1,5.49222,6,0.870806,0.198611,0.124832,0.572889
60,0.628545,3.55126,0.522665,1,5.49222,6,0.870806,0.198611,0.124832,0.572889
1045,-0.29803,3.57432,0.681372,0,5.99222,6,0.885253,0.198611,0.12482,0.587336
59,-0.331102,3.57489,0.517392,0,5.99222,6,0.885253,0.198611,0.12482,0.587336
187,-0.248436,3.57435,0.826691,0,5.99222,6,0.885253,0.198611,0.12482,0.587336
1045,-0.29803,3.57432,0.681372,0,5.99222,6,0.885253,0.198611,0.12482,0.587336
616,-0.173338,3.57448,0.946787,0,5.99222,6,0.885253,0.198611,0.12482,0.587336
187,-0.248436,3.57435,0.826691,0,5.99222,6,0.885253,0.198611,0.12482,0.587336
16,-0.0803614,3.57468,1.03767,0,5.99222,6,0.885253,0.198611,0.12482,0.587336
616,-0.173338,3.57448,0.946787,0,5.99222,6,0.885253,0.198611,0.12482,0.587336
16,-0.0803614,3.57468,1.03767,0,5.99222,6,0.885253,0.198611,0.12482,0.587336
615,0.0229311,3.57487,1.08943,0,5.99222,6,0.885253,0.198611,0.12482,0.587336
615,0.0229311,3.57487,1.08943,0,5.99222,6,0.885253,0.198611,0.12482,0.587336
186,0.125009,3.57498,1.10682,0,5.99222,6,0.885253,0.198611,0.12482,0.587336
186,0.125009,3.57498,1.10682,0,5.99222,6,0.885253,0.198611,0.12482,0.587336
1044,0.227087,3.57489,1.08946,0,5.99222,6,0.885253,0.198611,0.12482,0.587336
1044,0.227087,3.57489,1.08946,0,5.99222,6,0.885253,0.198611,0.12482,0.587336
38,0.330367,3.57469,1.03764,0,5.99222,6,0.885253,0.198611,0.12482,0.587336
38,0.330367,3.57469,1.03764,0,5.99222,6,0.885253,0.198611,0.12482,0.587336
664,0.423339,3.57449,0.946738,0,5.99222,6,0.885253,0.198611,0.12482,0.587336
664,0.423339,3.57449,0.946738,0,5.99222,6,0.885253,0.198611,0.12482,0.587336
235,0.498439,3.57436,0.826667,0,5.99222,6,0.885253,0.198611,0.12482,0.587336
235,0.498439,3.57436,0.826667,0,5.99222,6,0.885253,0.198611,0.12482,0.587336
1093,0.548069,3.57434,0.681388,0,5.99222,6,0.885253,0.198611,0.12482,0.587336
1093,0.548069,3.57434,0.681388,0,5.99222,6,0.885253,0.198611,0.12482,0.587336
60,0.581122,3.5749,0.517422,0,5.99222,6,0.885253,0.198611,0.12482,0.587336
1045,-0.35858,3.58044,0.697173,1,5.99222,6,0.885253,0.198611,0.12482,0.587336
59,-0.393418,3.58039,0.525326,1,5.99222,6,0.885253,0.198611,0.12482,0.587336
187,-0.286175,3.58055,0.842245,1,5.99222,6,0.885253,0.198611,0.12482,0.587336
1045,-0.35858,3.58044,0.697173,1,5.99222,6,0.885253,0.198611,0.12482,0.587336
616,-0.188985,3.58057,0.952,1,5.99222,6,0.885253,0.198611,0.12482,0.587336
187,-0.286175,3.58055,0.842245,1,5.99222,6,0.885253,0.198611,0.12482,0.587336
16,-0.0824157,3.58048,1.02874,1,5.99222,6,0.885253,0.198611,0.12482,0.587336
616,-0.188985,3.58057,0.952,1,5.99222,6,0.885253,0.198611,0.12482,0.587336
16,-0.0824157,3.58048,1.02874,1,5.99222,6,0.885253,0.198611,0.12482,0.587336
615,0.0243493,3.58038,1.06959,1,5.99222,6,0.885253,0.198611,0.12482,0.587336
615,0.0243493,3.58038,1.06959,1,5.99222,6,0.885253,0.198611,0.12482,0.587336
186,0.125045,3.58033,1.08381,1,5.99222,6,0.885253,0.198611,0.12482,0.587336
186,0.125045,3.58033,1.08381,1,5.99222,6,0.885253,0.198611,0.12482,0.587336
1044,0.225767,3.58039,1.06973,1,5.99222,6,0.885253,0.198611,0.12482,0.587336
1044,0.225767,3.58039,1.06973,1,5.99222,6,0.885253,0.198611,0.12482,0.587336
38,0.332599,3.58049,1.02895,1,5.99222,6,0.885253,0.198611,0.12482,0.587336
38,0.332599,3.58049,1.02895,1,5.99222,6,0.885253,0.198611,0.12482,0.587336
664,0.439177,3.58057,0.952167,1,5.99222,6,0.885253,0.198611,0.12482,0.587336
664,0.439177,3.58057,0.952167,1,5.99222,6,0.885253,0.198611,0.12482,0.587336
235,0.536253,3.58054,0.842321,1,5.99222,6,0.885253,0.198611,0.12482,0.587336
235,0.536253,3.58054,0.842321,1,5.99222,6,0.885253,0.198611,0.12482,0.587336
1093,0.608497,3.58044,0.697218,1,5.99222,6,0.885253,0.198611,0.12482,0.587336
1093,0.608497,3.58044,0.697218,1,5.99222,6,0.885253,0.198611,0.12482,0.587336
60,0.643276,3.58039,0.525427,1,5.99222,6,0.885253,0.198611,0.12482,0.587336
1045,-0.30637,3.60319,0.687818,0,6.49222,6,0.898763,0.198611,0.124836,0.600846
59,-0.341878,3.60367,0.520546,0,6.49222,6,0.898763,0.198611,0.124836,0.600846
187,-0.255186,3.60327,0.835406,0,6.49222,6,0.898763,0.198611,0.124836,0.600846
1045,-0.30637,3.60319,0.687818,0,6.49222,6,0.898763,0.198611,0.124836,0.600846
616,-0.178212,3.6034,0.957136,0,6.49222,6,0.898763,0.198611,0.124836,0.600846
187,-0.255186,3.60327,0.835406,0,6.49222,6,0.898763,0.198611,0.124836,0.600846
16,-0.0831185,3.60359,1.04889,0,6.49222,6,0.898763,0.198611,0.124836,0.600846
616,-0.178212,3.6034,0.957136,0,6.49222,6,0.898763,0.198611,0.124836,0.600846
16,-0.0831185,3.60359,1.04889,0,6.49222,6,0.898763,0.198611,0.124836,0.600846
615,0.0220883,3.60376,1.10118,0,6.49222,6,0.898763,0.198611,0.124836,0.600846
615,0.0220883,3.60376,1.10118,0,6.49222,6,0.898763,0.198611,0.124836,0.600846
186,0.125034,3.60386,1.11886,0,6.49222,6,0.898763,0.198611,0.124836,0.600846
186,0.125034,3.60386,1.11886,0,6.49222,6,0.898763,0.198611,0.124836,0.600846
1044,0.227954,3.60376,1.10113,0,6.49222,6,0.898763,0.198611,0.124836,0.600846
1044,0.227954,3.60376,1.10113,0,6.49222,6,0.898763,0.198611,0.124836,0.600846
38,0.333131,3.6036,1.04888,0,6.49222,6,0.898763,0.198611,0.124836,0.600846
38,0.333131,3.6036,1.04888,0,6.49222,6,0.898763,0.198611,0.124836,0.600846
664,0.428213,3.60342,0.957162,0,6.49222,6,0.898763,0.198611,0.124836,0.600846
664,0.428213,3.60342,0.957162,0,6.49222,6,0.898763,0.198611,0.124836,0.600846
235,0.505242,3.60329,0.835406,0,6.49222,6,0.898763,0.198611,0.124836,0.600846
235,0.505242,3.60329,0.835406,0,6.49222,6,0.898763,0.198611,0.124836,0.600846
1093,0.556384,3.60322,0.687801,0,6.49222,6,0.898763,0.198611,0.124836,0.600846
1093,0.556384,3.60322,0.687801,0,6.49222,6,0.898763,0.198611,0.124836,0.600846
60,0.591911,3.60369,0.520564,0,6.49222,6,0.898763,0.198611,0.124836,0.600846
1045,-0.37061,3.60804,0.704057,1,6.49222,6,0.898763,0.198611,0.124836,0.600846
59,-0.407457,3.60789,0.528048,1,6.49222,6,0.898763,0.198611,0.124836,0.600846
187,-0.295655,3.60826,0.851916,1,6.49222,6,0.898763,0.198611,0.124836,0.600846
1045,-0.37061,3.60804,0.704057,1,6.49222,6,0.898763,0.198611,0.124836,0.600846
616,-0.195487,3.60836,0.963302,1,6.49222,6,0.898763,0.198611,0.124836,0.600846
187,-0.295655,3.60826,0.851916,1,6.49222,6,0.898763,0.198611,0.124836,0.600846
16,-0.0860513,3.60833,1.04074,1,6.49222,6,0.898763,0.198611,0.124836,0.600846
616,-0.195487,3.60836,0.963302,1,6.49222,6,0.898763,0.198611,0.124836,0.600846
16,-0.0860513,3.60833,1.04074,1,6.49222,6,0.898763,0.198611,0.124836,0.600846
615,0.0231301,3.60827,1.08207,1,6.49222,6,0.898763,0.198611,0.124836,0.600846
615,0.0231301,3.60827,1.08207,1,6.49222,6,0.898763,0.198611,0.124836,0.600846
186,0.125049,3.60823,1.09666,1,6.49222,6,0.898763,0.198611,0.124836,0.600846
186,0.125049,3.60823,1.09666,1,6.49222,6,0.898763,0.198611,0.124836,0.600846
1044,0.227002,3.60828,1.08222,1,6.49222,6,0.898763,0.198611,0.124836,0.600846
1044,0.227002,3.60828,1.08222,1,6.49222,6,0.898763,0.198611,0.124836,0.600846
38,0.336256,3.60834,1.04097,1,6.49222,6,0.898763,0.198611,0.124836,0.600846
38,0.336256,3.60834,1.04097,1,6.49222,6,0.898763,0.198611,0.124836,0.600846
664,0.4457,3.60837,0.963479,1,6.49222,6,0.898763,0.198611,0.124836,0.600846
664,0.4457,3.60837,0.963479,1,6.49222,6,0.898763,0.198611,0.124836,0.600846
235,0.545754,3.60827,0.852,1,6.49222,6,0.898763,0.198611,0.124836,0.600846
235,0.545754,3.60827,0.852,1,6.49222,6,0.898763,0.198611,0.124836,0.600846
1093,0.620529,3.60804,0.704101,1,6.49222,6,0.898763,0.198611,0.124836,0.600846
1093,0.620529,3.60804,0.704101,1,6.49222,6,0.898763,0.198611,0.124836,0.600846
60,0.657314,3.6079,0.528155,1,6.49222,6,0.898763,0.198611,0.124836,0.600846
1045,-0.314411,3.63299,0.694042,0,6.99222,6,0.911867,0.198611,0.124835,0.613951
59,-0.352295,3.6334,0.523683,0,6.99222,6,0.911867,0.198611,0.124835,0.613951
187,-0.261804,3.63312,0.843948,0,6.99222,6,0.911867,0.198611,0.124835,0.613951
1045,-0.314411,3.63299,0.694042,0,6.99222,6,0.911867,0.198611,0.124835,0.613951
616,-0.18292,3.63323,0.967395,0,6.99222,6,0.911867,0.198611,0.124835,0.613951
187,-0.261804,3.63312,0.843948,0,6.99222,6,0.911867,0.198611,0.124835,0.613951
16,-0.0857589,3.6334,1.06,0,6.99222,6,0.911867,0.198611,0.124835,0.613951
616,-0.18292,3.63323,0.967395,0,6.99222,6,0.911867,0.198611,0.124835,0.613951
16,-0.0857589,3.6334,1.06,0,6.99222,6,0.911867,0.198611,0.124835,0.613951
615,0.0212919,3.63353,1.11281,0,6.99222,6,0.911867,0.198611,0.124835,0.613951
615,0.0212919,3.63353,1.11281,0,6.99222,6,0.911867,0.198611,0.124835,0.613951
186,0.125031,3.63361,1.13088,0,6.99222,6,0.911867,0.198611,0.124835,0.613951
186,0.125031,3.63361,1.13088,0,6.99222,6,0.911867,0.198611,0.124835,0.613951
1044,0.228782,3.63354,1.11281,0,6.99222,6,0.911867,0.198611,0.124835,0.613951
1044,0.228782,3.63354,1.11281,0,6.99222,6,0.911867,0.198611,0.124835,0.613951
38,0.335851,3.63342,1.06,0,6.99222,6,0.911867,0.198611,0.124835,0.613951
38,0.335851,3.63342,1.06,0,6.99222,6,0.911867,0.198611,0.124835,0.613951
664,0.433006,3.63325,0.967372,0,6.99222,6,0.911867,0.198611,0.124835,0.613951
664,0.433006,3.63325,0.967372,0,6.99222,6,0.911867,0.198611,0.124835,0.613951
235,0.511855,3.63313,0.843942,0,6.99222,6,0.911867,0.198611,0.124835,0.613951
235,0.511855,3.63313,0.843942,0,6.99222,6,0.911867,0.198611,0.124835,0.613951
1093,0.56447,3.633,0.694073,0,6.99222,6,0.911867,0.198611,0.124835,0.613951
1093,0.56447,3.633,0.694073,0,6.99222,6,0.911867,0.198611,0.124835,0.613951
60,0.602376,3.63341,0.523663,0,6.99222,6,0.911867,0.198611,0.124835,0.613951
1045,-0.387277,3.63385,0.711043,1,6.99222,6,0.911867,0.198611,0.124835,0.613951
59,-0.425418,3.63361,0.530527,1,6.99222,6,0.911867,0.198611,0.124835,0.613951
187,-0.309402,3.63417,0.862265,1,6.99222,6,0.911867,0.198611,0.124835,0.613951
1045,-0.387277,3.63385,0.711043,1,6.99222,6,0.911867,0.198611,0.124835,0.613951
616,-0.204886,3.63435,0.975286,1,6.99222,6,0.911867,0.198611,0.124835,0.613951
187,-0.309402,3.63417,0.862265,1,6.99222,6,0.911867,0.198611,0.124835,0.613951
16,-0.0909466,3.63438,1.05245,1,6.99222,6,0.911867,0.198611,0.124835,0.613951
616,-0.204886,3.63435,0.975286,1,6.99222,6,0.911867,0.198611,0.124835,0.613951
16,-0.0909466,3.63438,1.05245,1,6.99222,6,0.911867,0.198611,0.124835,0.613951
615,0.0216075,3.63434,1.09299,1,6.99222,6,0.911867,0.198611,0.124835,0.613951
615,0.0216075,3.63434,1.09299,1,6.99222,6,0.911867,0.198611,0.124835,0.613951
186,0.12506,3.6343,1.10749,1,6.99222,6,0.911867,0.198611,0.124835,0.613951
186,0.12506,3.6343,1.10749,1,6.99222,6,0.911867,0.198611,0.124835,0.613951
1044,0.22855,3.63435,1.09316,1,6.99222,6,0.911867,0.198611,0.124835,0.613951
1044,0.22855,3.63435,1.09316,1,6.99222,6,0.911867,0.198611,0.124835,0.613951
38,0.341187,3.63439,1.05272,1,6.99222,6,0.911867,0.198611,0.124835,0.613951
38,0.341187,3.63439,1.05272,1,6.99222,6,0.911867,0.198611,0.124835,0.613951
664,0.455126,3.63437,0.975475,1,6.99222,6,0.911867,0.198611,0.124835,0.613951
664,0.455126,3.63437,0.975475,1,6.99222,6,0.911867,0.198611,0.124835,0.613951
235,0.559503,3.63419,0.862349,1,6.99222,6,0.911867,0.198611,0.124835,0.613951
235,0.559503,3.63419,0.862349,1,6.99222,6,0.911867,0.198611,0.124835,0.613951
1093,0.637184,3.63387,0.711094,1,6.99222,6,0.911867,0.198611,0.124835,0.613951
1093,0.637184,3.63387,0.711094,1,6.99222,6,0.911867,0.198611,0.124835,0.613951
60,0.675246,3.63362,0.530635,1,6.99222,6,0.911867,0.198611,0.124835,0.613951
1045,-0.32236,3.65642,0.699531,0,7.49222,6,0.921308,0.198611,0.124834,0.623391
59,-0.362887,3.65665,0.526208,0,7.49222,6,0.921308,0.198611,0.124834,0.623391
187,-0.267946,3.65657,0.851467,0,7.49222,6,0.921308,0.198611,0.124834,0.623391
1045,-0.32236,3.65642,0.699531,0,7.49222,6,0.921308,0.198611,0.124834,0.623391
616,-0.187066,3.65667,0.97623,0,7.49222,6,0.921308,0.198611,0.124834,0.623391
187,-0.267946,3.65657,0.851467,0,7.49222,6,0.921308,0.198611,0.124834,0.623391
16,-0.0878791,3.65672,1.06943,0,7.49222,6,0.921308,0.198611,0.124834,0.623391
616,-0.187066,3.65667,0.97623,0,7.49222,6,0.921308,0.198611,0.124834,0.623391
16,-0.0878791,3.65672,1.06943,0,7.49222,6,0.921308,0.198611,0.124834,0.623391
615,0.0207015,3.65678,1.12231,0,7.49222,6,0.921308,0.198611,0.124834,0.623391
615,0.0207015,3.65678,1.12231,0,7.49222,6,0.921308,0.198611,0.124834,0.623391
186,0.12503,3.65685,1.14064,0,7.49222,6,0.921308,0.198611,0.124834,0.623391
186,0.12503,3.65685,1.14064,0,7.49222,6,0.921308,0.198611,0.124834,0.623391
1044,0.229338,3.65679,1.12229,0,7.49222,6,0.921308,0.198611,0.124834,0.623391
1044,0.229338,3.65679,1.12229,0,7.49222,6,0.921308,0.198611,0.124834,0.623391
38,0.337938,3.65673,1.06942,0,7.49222,6,0.921308,0.198611,0.124834,0.623391
38,0.337938,3.65673,1.06942,0,7.49222,6,0.921308,0.198611,0.124834,0.623391
664,0.437146,3.65668,0.976242,0,7.49222,6,0.921308,0.198611,0.124834,0.623391
664,0.437146,3.65668,0.976242,0,7.49222,6,0.921308,0.198611,0.124834,0.623391
235,0.518002,3.65659,0.851458,0,7.49222,6,0.921308,0.198611,0.124834,0.623391
235,0.518002,3.65659,0.851458,0,7.49222,6,0.921308,0.198611,0.124834,0.623391
1093,0.572419,3.65643,0.699537,0,7.49222,6,0.921308,0.198611,0.124834,0.623391
1093,0.572419,3.65643,0.699537,0,7.49222,6,0.921308,0.198611,0.124834,0.623391
60,0.612926,3.65665,0.526221,0,7.49222,6,0.921308,0.198611,0.124834,0.623391
1045,-0.398303,3.65964,0.716965,1,7.49222,6,0.921308,0.198611,0.124834,0.623391
59,-0.438375,3.6593,0.53277,1,7.49222,6,0.921308,0.198611,0.124834,0.623391
187,-0.318184,3.66007,0.870775,1,7.49222,6,0.921308,0.198611,0.124834,0.623391
1045,-0.398303,3.65964,0.716965,1,7.49222,6,0.921308,0.198611,0.124834,0.623391
616,-0.211051,3.66033,0.985433,1,7.49222,6,0.921308,0.198611,0.124834,0.623391
187,-0.318184,3.66007,0.870775,1,7.49222,6,0.921308,0.198611,0.124834,0.623391
16,-0.0945304,3.66041,1.06347,1,7.49222,6,0.921308,0.198611,0.124834,0.623391
616,-0.211051,3.66033,0.985433,1,7.49222,6,0.921308,0.198611,0.124834,0.623391
16,-0.0945304,3.66041,1.06347,1,7.49222,6,0.921308,0.198611,0.124834,0.623391
615,0.0203322,3.66038,1.10455,1,7.49222,6,0.921308,0.198611,0.124834,0.623391
615,0.0203322,3.66038,1.10455,1,7.49222,6,0.921308,0.198611,0.124834,0.623391
186,0.125103,3.66035,1.11945,1,7.49222,6,0.921308,0.198611,0.124834,0.623391
186,0.125103,3.66035,1.11945,1,7.49222,6,0.921308,0.198611,0.124834,0.623391
1044,0.22992,3.6604,1.10472,1,7.49222,6,0.921308,0.198611,0.124834,0.623391
1044,0.22992,3.6604,1.10472,1,7.49222,6,0.921308,0.198611,0.124834,0.623391
38,0.344867,3.66042,1.06371,1,7.49222,6,0.921308,0.198611,0.124834,0.623391
38,0.344867,3.66042,1.06371,1,7.49222,6,0.921308,0.198611,0.124834,0.623391
664,0.461371,3.66034,0.985604,1,7.49222,6,0.921308,0.198611,0.124834,0.623391
664,0.461371,3.66034,0.985604,1,7.49222,6,0.921308,0.198611,0.124834,0.623391
235,0.568368,3.66007,0.870844,1,7.49222,6,0.921308,0.198611,0.124834,0.623391
235,0.568368,3.66007,0.870844,1,7.49222,6,0.921308,0.198611,0.124834,0.623391
1093,0.64829,3.65965,0.717002,1,7.49222,6,0.921308,0.198611,0.124834,0.623391
1093,0.64829,3.65965,0.717002,1,7.49222,6,0.921308,0.198611,0.124834,0.623391
60,0.688288,3.6593,0.532868,1,7.49222,6,0.921308,0.198611,0.124834,0.623391
