id,x,y,z,ablated,v,bulkheadyoungs,nickdepth,nickw,nickc,bbmin
1045,-0.248812,3.42608,0.639555,0,3.49222,12.5,0.800309,0.198611,0.124846,0.502392
59,-0.268077,3.42623,0.497889,0,3.49222,12.5,0.800309,0.198611,0.124846,0.502392
187,-0.208957,3.42587,0.771144,0,3.49222,12.5,0.800309,0.198611,0.124846,0.502392
1045,-0.248812,3.42608,0.639555,0,3.49222,12.5,0.800309,0.198611,0.124846,0.502392
616,-0.146449,3.42567,0.882759,0,3.49222,12.5,0.800309,0.198611,0.124846,0.502392
187,-0.208957,3.42587,0.771144,0,3.49222,12.5,0.800309,0.198611,0.124846,0.502392
16,-0.0676128,3.42553,0.97146,0,3.49222,12.5,0.800309,0.198611,0.124846,0.502392
616,-0.146449,3.42567,0.882759,0,3.49222,12.5,0.800309,0.198611,0.124846,0.502392
16,-0.0676128,3.42553,0.97146,0,3.49222,12.5,0.800309,0.198611,0.124846,0.502392
615,0.0258525,3.42543,1.02239,0,3.49222,12.5,0.800309,0.198611,0.124846,0.502392
615,0.0258525,3.42543,1.02239,0,3.49222,12.5,0.800309,0.198611,0.124846,0.502392
186,0.124999,3.42541,1.03876,0,3.49222,12.5,0.800309,0.198611,0.124846,0.502392
186,0.124999,3.42541,1.03876,0,3.49222,12.5,0.800309,0.198611,0.124846,0.502392
1044,0.224155,3.42543,1.02239,0,3.49222,12.5,0.800309,0.198611,0.124846,0.502392
1044,0.224155,3.42543,1.02239,0,3.49222,12.5,0.800309,0.198611,0.124846,0.502392
38,0.317611,3.42554,0.971473,0,3.49222,12.5,0.800309,0.198611,0.124846,0.502392
38,0.317611,3.42554,0.971473,0,3.49222,12.5,0.800309,0.198611,0.124846,0.502392
664,0.396462,3.42567,0.882792,0,3.49222,12.5,0.800309,0.198611,0.124846,0.502392
664,0.396462,3.42567,0.882792,0,3.49222,12.5,0.800309,0.198611,0.124846,0.502392
235,0.458958,3.42587,0.77119,0,3.49222,12.5,0.800309,0.198611,0.124846,0.502392
235,0.458958,3.42587,0.77119,0,3.49222,12.5,0.800309,0.198611,0.124846,0.502392
1093,0.498826,3.42605,0.639589,0,3.49222,12.5,0.800309,0.198611,0.124846,0.502392
1093,0.498826,3.42605,0.639589,0,3.49222,12.5,0.800309,0.198611,0.124846,0.502392
60,0.518128,3.4262,0.497989,0,3.49222,12.5,0.800309,0.198611,0.124846,0.502392
1045,-0.266654,3.43582,0.645865,1,3.49222,12.5,0.800309,0.198611,0.124846,0.502392
59,-0.292881,3.43579,0.504619,1,3.49222,12.5,0.800309,0.198611,0.124846,0.502392
187,-0.217533,3.4357,0.774867,1,3.49222,12.5,0.800309,0.198611,0.124846,0.502392
1045,-0.266654,3.43582,0.645865,1,3.49222,12.5,0.800309,0.198611,0.124846,0.502392
616,-0.147358,3.43541,0.881078,1,3.49222,12.5,0.800309,0.198611,0.124846,0.502392
187,-0.217533,3.4357,0.774867,1,3.49222,12.5,0.800309,0.198611,0.124846,0.502392
16,-0.0645064,3.43519,0.963392,1,3.49222,12.5,0.800309,0.198611,0.124846,0.502392
616,-0.147358,3.43541,0.881078,1,3.49222,12.5,0.800309,0.198611,0.124846,0.502392
16,-0.0645064,3.43519,0.963392,1,3.49222,12.5,0.800309,0.198611,0.124846,0.502392
615,0.0282177,3.43499,1.00936,1,3.49222,12.5,0.800309,0.198611,0.124846,0.502392
615,0.0282177,3.43499,1.00936,1,3.49222,12.5,0.800309,0.198611,0.124846,0.502392
186,0.125013,3.43492,1.02455,1,3.49222,12.5,0.800309,0.198611,0.124846,0.502392
186,0.125013,3.43492,1.02455,1,3.49222,12.5,0.800309,0.198611,0.124846,0.502392
1044,0.221821,3.43501,1.00942,1,3.49222,12.5,0.800309,0.198611,0.124846,0.502392
1044,0.221821,3.43501,1.00942,1,3.49222,12.5,0.800309,0.198611,0.124846,0.502392
38,0.314569,3.43522,0.963476,1,3.49222,12.5,0.800309,0.198611,0.124846,0.502392
38,0.314569,3.43522,0.963476,1,3.49222,12.5,0.800309,0.198611,0.124846,0.502392
664,0.397414,3.4354,0.881113,1,3.49222,12.5,0.800309,0.198611,0.124846,0.502392
664,0.397414,3.4354,0.881113,1,3.49222,12.5,0.800309,0.198611,0.124846,0.502392
235,0.467551,3.43564,0.774916,1,3.49222,12.5,0.800309,0.198611,0.124846,0.502392
235,0.467551,3.43564,0.774916,1,3.49222,12.5,0.800309,0.198611,0.124846,0.502392
1093,0.516706,3.43578,0.64595,1,3.49222,12.5,0.800309,0.198611,0.124846,0.502392
1093,0.516706,3.43578,0.64595,1,3.49222,12.5,0.800309,0.198611,0.124846,0.502392
60,0.542833,3.43576,0.504688,1,3.49222,12.5,0.800309,0.198611,0.124846,0.502392
1045,-0.254681,3.44319,0.646614,0,3.99222,12.5,0.812242,0.198611,0.124846,0.514325
59,-0.275474,3.44357,0.501251,0,3.99222,12.5,0.812242,0.198611,0.124846,0.514325
187,-0.213606,3.443,0.779938,0,3.99222,12.5,0.812242,0.198611,0.124846,0.514325
1045,-0.254681,3.44319,0.646614,0,3.99222,12.5,0.812242,0.198611,0.124846,0.514325
616,-0.149223,3.4429,0.892161,0,3.99222,12.5,0.812242,0.198611,0.124846,0.514325
187,-0.213606,3.443,0.779938,0,3.99222,12.5,0.812242,0.198611,0.124846,0.514325
16,-0.0683293,3.44306,0.980248,0,3.99222,12.5,0.812242,0.198611,0.124846,0.514325
616,-0.149223,3.4429,0.892161,0,3.99222,12.5,0.812242,0.198611,0.124846,0.514325
16,-0.0683293,3.44306,0.980248,0,3.99222,12.5,0.812242,0.198611,0.124846,0.514325
615,0.0259336,3.44331,1.03041,0,3.99222,12.5,0.812242,0.198611,0.124846,0.514325
615,0.0259336,3.44331,1.03041,0,3.99222,12.5,0.812242,0.198611,0.124846,0.514325
186,0.125004,3.44357,1.04659,0,3.99222,12.5,0.812242,0.198611,0.124846,0.514325
186,0.125004,3.44357,1.04659,0,3.99222,12.5,0.812242,0.198611,0.124846,0.514325
1044,0.224081,3.44331,1.03045,0,3.99222,12.5,0.812242,0.198611,0.124846,0.514325
1044,0.224081,3.44331,1.03045,0,3.99222,12.5,0.812242,0.198611,0.124846,0.514325
38,0.318337,3.44309,0.980249,0,3.99222,12.5,0.812242,0.198611,0.124846,0.514325
38,0.318337,3.44309,0.980249,0,3.99222,12.5,0.812242,0.198611,0.124846,0.514325
664,0.39927,3.44295,0.892143,0,3.99222,12.5,0.812242,0.198611,0.124846,0.514325
664,0.39927,3.44295,0.892143,0,3.99222,12.5,0.812242,0.198611,0.124846,0.514325
235,0.463591,3.443,0.779956,0,3.99222,12.5,0.812242,0.198611,0.124846,0.514325
235,0.463591,3.443,0.779956,0,3.99222,12.5,0.812242,0.198611,0.124846,0.514325
1093,0.504702,3.44313,0.64666,0,3.99222,12.5,0.812242,0.198611,0.124846,0.514325
1093,0.504702,3.44313,0.64666,0,3.99222,12.5,0.812242,0.198611,0.124846,0.514325
60,0.52545,3.44361,0.501307,0,3.99222,12.5,0.812242,0.198611,0.124846,0.514325
1045,-0.282053,3.46191,0.658526,1,3.99222,12.5,0.812242,0.198611,0.124846,0.514325
59,-0.31036,3.46202,0.512205,1,3.99222,12.5,0.812242,0.198611,0.124846,0.514325
187,-0.227478,3.46159,0.788919,1,3.99222,12.5,0.812242,0.198611,0.124846,0.514325
1045,-0.282053,3.46191,0.658526,1,3.99222,12.5,0.812242,0.198611,0.124846,0.514325
616,-0.152143,3.46126,0.893982,1,3.99222,12.5,0.812242,0.198611,0.124846,0.514325
187,-0.227478,3.46159,0.788919,1,3.99222,12.5,0.812242,0.198611,0.124846,0.514325
16,-0.0654732,3.46101,0.973791,1,3.99222,12.5,0.812242,0.198611,0.124846,0.514325
616,-0.152143,3.46126,0.893982,1,3.99222,12.5,0.812242,0.198611,0.124846,0.514325
16,-0.0654732,3.46101,0.973791,1,3.99222,12.5,0.812242,0.198611,0.124846,0.514325
615,0.0286984,3.46083,1.0177,1,3.99222,12.5,0.812242,0.198611,0.124846,0.514325
615,0.0286984,3.46083,1.0177,1,3.99222,12.5,0.812242,0.198611,0.124846,0.514325
186,0.125056,3.46081,1.03181,1,3.99222,12.5,0.812242,0.198611,0.124846,0.514325
186,0.125056,3.46081,1.03181,1,3.99222,12.5,0.812242,0.198611,0.124846,0.514325
1044,0.221412,3.46083,1.01767,1,3.99222,12.5,0.812242,0.198611,0.124846,0.514325
1044,0.221412,3.46083,1.01767,1,3.99222,12.5,0.812242,0.198611,0.124846,0.514325
38,0.315602,3.46103,0.973747,1,3.99222,12.5,0.812242,0.198611,0.124846,0.514325
38,0.315602,3.46103,0.973747,1,3.99222,12.5,0.812242,0.198611,0.124846,0.514325
664,0.402168,3.46126,0.893851,1,3.99222,12.5,0.812242,0.198611,0.124846,0.514325
664,0.402168,3.46126,0.893851,1,3.99222,12.5,0.812242,0.198611,0.124846,0.514325
235,0.477434,3.46156,0.788853,1,3.99222,12.5,0.812242,0.198611,0.124846,0.514325
235,0.477434,3.46156,0.788853,1,3.99222,12.5,0.812242,0.198611,0.124846,0.514325
1093,0.532028,3.46191,0.658525,1,3.99222,12.5,0.812242,0.198611,0.124846,0.514325
1093,0.532028,3.46191,0.658525,1,3.99222,12.5,0.812242,0.198611,0.124846,0.514325
60,0.560248,3.46204,0.512175,1,3.99222,12.5,0.812242,0.198611,0.124846,0.514325
1045,-0.260577,3.47415,0.657743,0,4.49222,12.5,0.831924,0.198611,0.124844,0.534007
59,-0.282206,3.47464,0.508454,0,4.49222,12.5,0.831924,0.198611,0.124844,0.534007
187,-0.2187,3.47397,0.793442,0,4.49222,12.5,0.831924,0.198611,0.124844,0.534007
1045,-0.260577,3.47415,0.657743,0,4.49222,12.5,0.831924,0.198611,0.124844,0.534007
616,-0.152733,3.47393,0.907223,0,4.49222,12.5,0.831924,0.198611,0.124844,0.534007
187,-0.2187,3.47397,0.793442,0,4.49222,12.5,0.831924,0.198611,0.124844,0.534007
16,-0.069718,3.47421,0.995499,0,4.49222,12.5,0.831924,0.198611,0.124844,0.534007
616,-0.152733,3.47393,0.907223,0,4.49222,12.5,0.831924,0.198611,0.124844,0.534007
16,-0.069718,3.47421,0.995499,0,4.49222,12.5,0.831924,0.198611,0.124844,0.534007
615,0.025866,3.47443,1.04525,0,4.49222,12.5,0.831924,0.198611,0.124844,0.534007
615,0.025866,3.47443,1.04525,0,4.49222,12.5,0.831924,0.198611,0.124844,0.534007
186,0.125062,3.47474,1.06115,0,4.49222,12.5,0.831924,0.198611,0.124844,0.534007
186,0.125062,3.47474,1.06115,0,4.49222,12.5,0.831924,0.198611,0.124844,0.534007
1044,0.224226,3.47443,1.04515,0,4.49222,12.5,0.831924,0.198611,0.124844,0.534007
1044,0.224226,3.47443,1.04515,0,4.49222,12.5,0.831924,0.198611,0.124844,0.534007
38,0.319777,3.47417,0.995369,0,4.49222,12.5,0.831924,0.198611,0.124844,0.534007
38,0.319777,3.47417,0.995369,0,4.49222,12.5,0.831924,0.198611,0.124844,0.534007
664,0.402657,3.47391,0.907198,0,4.49222,12.5,0.831924,0.198611,0.124844,0.534007
664,0.402657,3.47391,0.907198,0,4.49222,12.5,0.831924,0.198611,0.124844,0.534007
235,0.468815,3.47397,0.793444,0,4.49222,12.5,0.831924,0.198611,0.124844,0.534007
235,0.468815,3.47397,0.793444,0,4.49222,12.5,0.831924,0.198611,0.124844,0.534007
1093,0.510659,3.47419,0.657781,0,4.49222,12.5,0.831924,0.198611,0.124844,0.534007
1093,0.510659,3.47419,0.657781,0,4.49222,12.5,0.831924,0.198611,0.124844,0.534007
60,0.532253,3.47475,0.508475,0,4.49222,12.5,0.831924,0.198611,0.124844,0.534007
1045,-0.296541,3.49686,0.671256,1,4.49222,12.5,0.831924,0.198611,0.124844,0.534007
59,-0.326452,3.49695,0.519761,1,4.49222,12.5,0.831924,0.198611,0.124844,0.534007
187,-0.237065,3.49683,0.803311,1,4.49222,12.5,0.831924,0.198611,0.124844,0.534007
1045,-0.296541,3.49686,0.671256,1,4.49222,12.5,0.831924,0.198611,0.124844,0.534007
616,-0.156944,3.49676,0.907692,1,4.49222,12.5,0.831924,0.198611,0.124844,0.534007
187,-0.237065,3.49683,0.803311,1,4.49222,12.5,0.831924,0.198611,0.124844,0.534007
16,-0.0668422,3.49654,0.985519,1,4.49222,12.5,0.831924,0.198611,0.124844,0.534007
616,-0.156944,3.49676,0.907692,1,4.49222,12.5,0.831924,0.198611,0.124844,0.534007
16,-0.0668422,3.49654,0.985519,1,4.49222,12.5,0.831924,0.198611,0.124844,0.534007
615,0.0286954,3.49633,1.02803,1,4.49222,12.5,0.831924,0.198611,0.124844,0.534007
615,0.0286954,3.49633,1.02803,1,4.49222,12.5,0.831924,0.198611,0.124844,0.534007
186,0.125005,3.49622,1.04191,1,4.49222,12.5,0.831924,0.198611,0.124844,0.534007
186,0.125005,3.49622,1.04191,1,4.49222,12.5,0.831924,0.198611,0.124844,0.534007
1044,0.221341,3.49637,1.0281,1,4.49222,12.5,0.831924,0.198611,0.124844,0.534007
1044,0.221341,3.49637,1.0281,1,4.49222,12.5,0.831924,0.198611,0.124844,0.534007
38,0.316884,3.49661,0.985639,1,4.49222,12.5,0.831924,0.198611,0.124844,0.534007
38,0.316884,3.49661,0.985639,1,4.49222,12.5,0.831924,0.198611,0.124844,0.534007
664,0.407024,3.49687,0.907803,1,4.49222,12.5,0.831924,0.198611,0.124844,0.534007
664,0.407024,3.49687,0.907803,1,4.49222,12.5,0.831924,0.198611,0.124844,0.534007
235,0.487127,3.49694,0.803419,1,4.49222,12.5,0.831924,0.198611,0.124844,0.534007
235,0.487127,3.49694,0.803419,1,4.49222,12.5,0.831924,0.198611,0.124844,0.534007
1093,0.546523,3.49688,0.67138,1,4.49222,12.5,0.831924,0.198611,0.124844,0.534007
1093,0.546523,3.49688,0.67138,1,4.49222,12.5,0.831924,0.198611,0.124844,0.534007
60,0.576402,3.49693,0.519907,1,4.49222,12.5,0.831924,0.198611,0.124844,0.534007
1045,-0.265716,3.50804,0.667178,0,4.99222,12.5,0.845465,0.198611,0.124852,0.547549
59,-0.288805,3.50882,0.514146,0,4.99222,12.5,0.845465,0.198611,0.124852,0.547549
187,-0.222882,3.50776,0.804859,0,4.99222,12.5,0.845465,0.198611,0.124852,0.547549
1045,-0.265716,3.50804,0.667178,0,4.99222,12.5,0.845465,0.198611,0.124852,0.547549
616,-0.155774,3.50773,0.919896,0,4.99222,12.5,0.845465,0.198611,0.124852,0.547549
187,-0.222882,3.50776,0.804859,0,4.99222,12.5,0.845465,0.198611,0.124852,0.547549
16,-0.0714224,3.50812,1.00876,0,4.99222,12.5,0.845465,0.198611,0.124852,0.547549
616,-0.155774,3.50773,0.919896,0,4.99222,12.5,0.845465,0.198611,0.124852,0.547549
16,-0.0714224,3.50812,1.00876,0,4.99222,12.5,0.845465,0.198611,0.124852,0.547549
615,0.0253848,3.50852,1.05905,0,4.99222,12.5,0.845465,0.198611,0.124852,0.547549
615,0.0253848,3.50852,1.05905,0,4.99222,12.5,0.845465,0.198611,0.124852,0.547549
186,0.125033,3.50882,1.07538,0,4.99222,12.5,0.845465,0.198611,0.124852,0.547549
186,0.125033,3.50882,1.07538,0,4.99222,12.5,0.845465,0.198611,0.124852,0.547549
1044,0.224644,3.50855,1.05906,0,4.99222,12.5,0.845465,0.198611,0.124852,0.547549
1044,0.224644,3.50855,1.05906,0,4.99222,12.5,0.845465,0.198611,0.124852,0.547549
38,0.321411,3.50813,1.00882,0,4.99222,12.5,0.845465,0.198611,0.124852,0.547549
38,0.321411,3.50813,1.00882,0,4.99222,12.5,0.845465,0.198611,0.124852,0.547549
664,0.40583,3.50775,0.919915,0,4.99222,12.5,0.845465,0.198611,0.124852,0.547549
664,0.40583,3.50775,0.919915,0,4.99222,12.5,0.845465,0.198611,0.124852,0.547549
235,0.472963,3.50777,0.804886,0,4.99222,12.5,0.845465,0.198611,0.124852,0.547549
235,0.472963,3.50777,0.804886,0,4.99222,12.5,0.845465,0.198611,0.124852,0.547549
1093,0.515786,3.50803,0.667244,0,4.99222,12.5,0.845465,0.198611,0.124852,0.547549
1093,0.515786,3.50803,0.667244,0,4.99222,12.5,0.845465,0.198611,0.124852,0.547549
60,0.538819,3.50885,0.514205,0,4.99222,12.5,0.845465,0.198611,0.124852,0.547549
1045,-0.307623,3.52752,0.681875,1,4.99222,12.5,0.845465,0.198611,0.124852,0.547549
59,-0.338694,3.52773,0.525784,1,4.99222,12.5,0.845465,0.198611,0.124852,0.547549
187,-0.245442,3.5274,0.816306,1,4.99222,12.5,0.845465,0.198611,0.124852,0.547549
1045,-0.307623,3.52752,0.681875,1,4.99222,12.5,0.845465,0.198611,0.124852,0.547549
616,-0.161912,3.52729,0.921341,1,4.99222,12.5,0.845465,0.198611,0.124852,0.547549
187,-0.245442,3.5274,0.816306,1,4.99222,12.5,0.845465,0.198611,0.124852,0.547549
16,-0.0687702,3.52709,0.998469,1,4.99222,12.5,0.845465,0.198611,0.124852,0.547549
616,-0.161912,3.52729,0.921341,1,4.99222,12.5,0.845465,0.198611,0.124852,0.547549
16,-0.0687702,3.52709,0.998469,1,4.99222,12.5,0.845465,0.198611,0.124852,0.547549
615,0.0283973,3.52692,1.04031,1,4.99222,12.5,0.845465,0.198611,0.124852,0.547549
615,0.0283973,3.52692,1.04031,1,4.99222,12.5,0.845465,0.198611,0.124852,0.547549
186,0.125016,3.52682,1.05422,1,4.99222,12.5,0.845465,0.198611,0.124852,0.547549
186,0.125016,3.52682,1.05422,1,4.99222,12.5,0.845465,0.198611,0.124852,0.547549
1044,0.221671,3.52692,1.0404,1,4.99222,12.5,0.845465,0.198611,0.124852,0.547549
1044,0.221671,3.52692,1.0404,1,4.99222,12.5,0.845465,0.198611,0.124852,0.547549
38,0.318899,3.52709,0.998596,1,4.99222,12.5,0.845465,0.198611,0.124852,0.547549
38,0.318899,3.52709,0.998596,1,4.99222,12.5,0.845465,0.198611,0.124852,0.547549
664,0.412068,3.52726,0.921442,1,4.99222,12.5,0.845465,0.198611,0.124852,0.547549
664,0.412068,3.52726,0.921442,1,4.99222,12.5,0.845465,0.198611,0.124852,0.547549
235,0.495542,3.52737,0.816338,1,4.99222,12.5,0.845465,0.198611,0.124852,0.547549
235,0.495542,3.52737,0.816338,1,4.99222,12.5,0.845465,0.198611,0.124852,0.547549
1093,0.557597,3.5275,0.681895,1,4.99222,12.5,0.845465,0.198611,0.124852,0.547549
1093,0.557597,3.5275,0.681895,1,4.99222,12.5,0.845465,0.198611,0.124852,0.547549
60,0.588592,3.52771,0.525862,1,4.99222,12.5,0.845465,0.198611,0.124852,0.547549
1045,-0.272044,3.54185,0.676081,0,5.49222,12.5,0.859801,0.198611,0.124846,0.561885
59,-0.297816,3.54252,0.520087,0,5.49222,12.5,0.859801,0.198611,0.124846,0.561885
187,-0.22767,3.54176,0.815382,0,5.49222,12.5,0.859801,0.198611,0.124846,0.561885
1045,-0.272044,3.54185,0.676081,0,5.49222,12.5,0.859801,0.198611,0.124846,0.561885
616,-0.158686,3.54192,0.9314,0,5.49222,12.5,0.859801,0.198611,0.124846,0.561885
187,-0.22767,3.54176,0.815382,0,5.49222,12.5,0.859801,0.198611,0.124846,0.561885
16,-0.0728344,3.54223,1.02085,0,5.49222,12.5,0.859801,0.198611,0.124846,0.561885
616,-0.158686,3.54192,0.9314,0,5.49222,12.5,0.859801,0.198611,0.124846,0.561885
16,-0.0728344,3.54223,1.02085,0,5.49222,12.5,0.859801,0.198611,0.124846,0.561885
615,0.0250708,3.54269,1.07174,0,5.49222,12.5,0.859801,0.198611,0.124846,0.561885
615,0.0250708,3.54269,1.07174,0,5.49222,12.5,0.859801,0.198611,0.124846,0.561885
186,0.125033,3.54279,1.08856,0,5.49222,12.5,0.859801,0.198611,0.124846,0.561885
186,0.125033,3.54279,1.08856,0,5.49222,12.5,0.859801,0.198611,0.124846,0.561885
1044,0.224937,3.54257,1.07171,0,5.49222,12.5,0.859801,0.198611,0.124846,0.561885
1044,0.224937,3.54257,1.07171,0,5.49222,12.5,0.859801,0.198611,0.124846,0.561885
38,0.322844,3.54231,1.02094,0,5.49222,12.5,0.859801,0.198611,0.124846,0.561885
38,0.322844,3.54231,1.02094,0,5.49222,12.5,0.859801,0.198611,0.124846,0.561885
664,0.408735,3.54193,0.9314,0,5.49222,12.5,0.859801,0.198611,0.124846,0.561885
664,0.408735,3.54193,0.9314,0,5.49222,12.5,0.859801,0.198611,0.124846,0.561885
235,0.47767,3.54184,0.815377,0,5.49222,12.5,0.859801,0.198611,0.124846,0.561885
235,0.47767,3.54184,0.815377,0,5.49222,12.5,0.859801,0.198611,0.124846,0.561885
1093,0.522219,3.54192,0.676113,0,5.49222,12.5,0.859801,0.198611,0.124846,0.561885
1093,0.522219,3.54192,0.676113,0,5.49222,12.5,0.859801,0.198611,0.124846,0.561885
60,0.547869,3.54254,0.520216,0,5.49222,12.5,0.859801,0.198611,0.124846,0.561885
1045,-0.318782,3.55851,0.691347,1,5.49222,12.5,0.859801,0.198611,0.124846,0.561885
59,-0.351516,3.5587,0.531066,1,5.49222,12.5,0.859801,0.198611,0.124846,0.561885
187,-0.253537,3.5585,0.827814,1,5.49222,12.5,0.859801,0.198611,0.124846,0.561885
1045,-0.318782,3.55851,0.691347,1,5.49222,12.5,0.859801,0.198611,0.124846,0.561885
616,-0.166608,3.55847,0.933299,1,5.49222,12.5,0.859801,0.198611,0.124846,0.561885
187,-0.253537,3.5585,0.827814,1,5.49222,12.5,0.859801,0.198611,0.124846,0.561885
16,-0.0707189,3.55832,1.00986,1,5.49222,12.5,0.859801,0.198611,0.124846,0.561885
616,-0.166608,3.55847,0.933299,1,5.49222,12.5,0.859801,0.198611,0.124846,0.561885
16,-0.0707189,3.55832,1.00986,1,5.49222,12.5,0.859801,0.198611,0.124846,0.561885
615,0.028032,3.55817,1.0512,1,5.49222,12.5,0.859801,0.198611,0.124846,0.561885
615,0.028032,3.55817,1.0512,1,5.49222,12.5,0.859801,0.198611,0.124846,0.561885
186,0.125018,3.55806,1.06523,1,5.49222,12.5,0.859801,0.198611,0.124846,0.561885
186,0.125018,3.55806,1.06523,1,5.49222,12.5,0.859801,0.198611,0.124846,0.561885
1044,0.222029,3.55817,1.0513,1,5.49222,12.5,0.859801,0.198611,0.124846,0.561885
1044,0.222029,3.55817,1.0513,1,5.49222,12.5,0.859801,0.198611,0.124846,0.561885
38,0.320855,3.55831,1.01003,1,5.49222,12.5,0.859801,0.198611,0.124846,0.561885
38,0.320855,3.55831,1.01003,1,5.49222,12.5,0.859801,0.198611,0.124846,0.561885
664,0.416759,3.55848,0.933416,1,5.49222,12.5,0.859801,0.198611,0.124846,0.561885
664,0.416759,3.55848,0.933416,1,5.49222,12.5,0.859801,0.198611,0.124846,0.561885
235,0.503596,3.55851,0.827863,1,5.49222,12.5,0.859801,0.198611,0.124846,0.561885
235,0.503596,3.55851,0.827863,1,5.49222,12.5,0.859801,0.198611,0.124846,0.561885
1093,0.568745,3.55851,0.691389,1,5.49222,12.5,0.859801,0.198611,0.124846,0.561885
1093,0.568745,3.55851,0.691389,1,5.49222,12.5,0.859801,0.198611,0.124846,0.561885
60,0.601416,3.5587,0.531143,1,5.49222,12.5,0.859801,0.198611,0.124846,0.561885
1045,-0.277808,3.57382,0.683759,0,5.99222,12.5,0.872483,0.198611,0.124843,0.574567
59,-0.305844,3.57463,0.525028,0,5.99222,12.5,0.872483,0.198611,0.124843,0.574567
187,-0.232231,3.57372,0.824832,0,5.99222,12.5,0.872483,0.198611,0.124843,0.574567
1045,-0.277808,3.57382,0.683759,0,5.99222,12.5,0.872483,0.198611,0.124843,0.574567
616,-0.161868,3.57377,0.942166,0,5.99222,12.5,0.872483,0.198611,0.124843,0.574567
187,-0.232231,3.57372,0.824832,0,5.99222,12.5,0.872483,0.198611,0.124843,0.574567
16,-0.0742387,3.57402,1.03198,0,5.99222,12.5,0.872483,0.198611,0.124843,0.574567
616,-0.161868,3.57377,0.942166,0,5.99222,12.5,0.872483,0.198611,0.124843,0.574567
16,-0.0742387,3.57402,1.03198,0,5.99222,12.5,0.872483,0.198611,0.124843,0.574567
615,0.0247696,3.57422,1.0829,0,5.99222,12.5,0.872483,0.198611,0.124843,0.574567
615,0.0247696,3.57422,1.0829,0,5.99222,12.5,0.872483,0.198611,0.124843,0.574567
186,0.124993,3.57442,1.09991,0,5.99222,12.5,0.872483,0.198611,0.124843,0.574567
186,0.124993,3.57442,1.09991,0,5.99222,12.5,0.872483,0.198611,0.124843,0.574567
1044,0.225214,3.57425,1.08288,0,5.99222,12.5,0.872483,0.198611,0.124843,0.574567
1044,0.225214,3.57425,1.08288,0,5.99222,12.5,0.872483,0.198611,0.124843,0.574567
38,0.324293,3.57403,1.03195,0,5.99222,12.5,0.872483,0.198611,0.124843,0.574567
38,0.324293,3.57403,1.03195,0,5.99222,12.5,0.872483,0.198611,0.124843,0.574567
664,0.411921,3.57378,0.942117,0,5.99222,12.5,0.872483,0.198611,0.124843,0.574567
664,0.411921,3.57378,0.942117,0,5.99222,12.5,0.872483,0.198611,0.124843,0.574567
235,0.482307,3.57373,0.824867,0,5.99222,12.5,0.872483,0.198611,0.124843,0.574567
235,0.482307,3.57373,0.824867,0,5.99222,12.5,0.872483,0.198611,0.124843,0.574567
1093,0.52787,3.57388,0.683793,0,5.99222,12.5,0.872483,0.198611,0.124843,0.574567
1093,0.52787,3.57388,0.683793,0,5.99222,12.5,0.872483,0.198611,0.124843,0.574567
60,0.55589,3.57457,0.525121,0,5.99222,12.5,0.872483,0.198611,0.124843,0.574567
1045,-0.333457,3.58724,0.700603,1,5.99222,12.5,0.872483,0.198611,0.124843,0.574567
59,-0.367664,3.58744,0.536064,1,5.99222,12.5,0.872483,0.198611,0.124843,0.574567
187,-0.264784,3.5872,0.839472,1,5.99222,12.5,0.872483,0.198611,0.124843,0.574567
1045,-0.333457,3.58724,0.700603,1,5.99222,12.5,0.872483,0.198611,0.124843,0.574567
616,-0.173416,3.58715,0.945416,1,5.99222,12.5,0.872483,0.198611,0.124843,0.574567
187,-0.264784,3.5872,0.839472,1,5.99222,12.5,0.872483,0.198611,0.124843,0.574567
16,-0.0735094,3.58702,1.02072,1,5.99222,12.5,0.872483,0.198611,0.124843,0.574567
616,-0.173416,3.58715,0.945416,1,5.99222,12.5,0.872483,0.198611,0.124843,0.574567
16,-0.0735094,3.58702,1.02072,1,5.99222,12.5,0.872483,0.198611,0.124843,0.574567
615,0.0275292,3.58691,1.06062,1,5.99222,12.5,0.872483,0.198611,0.124843,0.574567
615,0.0275292,3.58691,1.06062,1,5.99222,12.5,0.872483,0.198611,0.124843,0.574567
186,0.125026,3.58684,1.0744,1,5.99222,12.5,0.872483,0.198611,0.124843,0.574567
186,0.125026,3.58684,1.0744,1,5.99222,12.5,0.872483,0.198611,0.124843,0.574567
1044,0.222555,3.58691,1.06076,1,5.99222,12.5,0.872483,0.198611,0.124843,0.574567
1044,0.222555,3.58691,1.06076,1,5.99222,12.5,0.872483,0.198611,0.124843,0.574567
38,0.323686,3.58702,1.02094,1,5.99222,12.5,0.872483,0.198611,0.124843,0.574567
38,0.323686,3.58702,1.02094,1,5.99222,12.5,0.872483,0.198611,0.124843,0.574567
664,0.423622,3.58715,0.945575,1,5.99222,12.5,0.872483,0.198611,0.124843,0.574567
664,0.423622,3.58715,0.945575,1,5.99222,12.5,0.872483,0.198611,0.124843,0.574567
235,0.514886,3.58721,0.839548,1,5.99222,12.5,0.872483,0.198611,0.124843,0.574567
235,0.514886,3.58721,0.839548,1,5.99222,12.5,0.872483,0.198611,0.124843,0.574567
1093,0.583403,3.58724,0.70064,1,5.99222,12.5,0.872483,0.198611,0.124843,0.574567
1093,0.583403,3.58724,0.70064,1,5.99222,12.5,0.872483,0.198611,0.124843,0.574567
60,0.617545,3.58745,0.536153,1,5.99222,12.5,0.872483,0.198611,0.124843,0.574567
1045,-0.283814,3.60285,0.69082,0,6.49222,12.5,0.884606,0.198611,0.124843,0.58669
59,-0.314367,3.60362,0.529683,0,6.49222,12.5,0.884606,0.198611,0.124843,0.58669
187,-0.236996,3.60277,0.833492,0,6.49222,12.5,0.884606,0.198611,0.124843,0.58669
1045,-0.283814,3.60285,0.69082,0,6.49222,12.5,0.884606,0.198611,0.124843,0.58669
616,-0.165127,3.60277,0.951852,0,6.49222,12.5,0.884606,0.198611,0.124843,0.58669
187,-0.236996,3.60277,0.833492,0,6.49222,12.5,0.884606,0.198611,0.124843,0.58669
16,-0.0757695,3.60301,1.04208,0,6.49222,12.5,0.884606,0.198611,0.124843,0.58669
616,-0.165127,3.60277,0.951852,0,6.49222,12.5,0.884606,0.198611,0.124843,0.58669
16,-0.0757695,3.60301,1.04208,0,6.49222,12.5,0.884606,0.198611,0.124843,0.58669
615,0.0243866,3.60336,1.09339,0,6.49222,12.5,0.884606,0.198611,0.124843,0.58669
615,0.0243866,3.60336,1.09339,0,6.49222,12.5,0.884606,0.198611,0.124843,0.58669
186,0.12503,3.60356,1.11075,0,6.49222,12.5,0.884606,0.198611,0.124843,0.58669
186,0.12503,3.60356,1.11075,0,6.49222,12.5,0.884606,0.198611,0.124843,0.58669
1044,0.225714,3.60332,1.0934,0,6.49222,12.5,0.884606,0.198611,0.124843,0.58669
1044,0.225714,3.60332,1.0934,0,6.49222,12.5,0.884606,0.198611,0.124843,0.58669
38,0.325855,3.60303,1.0421,0,6.49222,12.5,0.884606,0.198611,0.124843,0.58669
38,0.325855,3.60303,1.0421,0,6.49222,12.5,0.884606,0.198611,0.124843,0.58669
664,0.415193,3.6028,0.95195,0,6.49222,12.5,0.884606,0.198611,0.124843,0.58669
664,0.415193,3.6028,0.95195,0,6.49222,12.5,0.884606,0.198611,0.124843,0.58669
235,0.487045,3.60275,0.833531,0,6.49222,12.5,0.884606,0.198611,0.124843,0.58669
235,0.487045,3.60275,0.833531,0,6.49222,12.5,0.884606,0.198611,0.124843,0.58669
1093,0.533864,3.60283,0.690851,0,6.49222,12.5,0.884606,0.198611,0.124843,0.58669
1093,0.533864,3.60283,0.690851,0,6.49222,12.5,0.884606,0.198611,0.124843,0.58669
60,0.564433,3.60358,0.529688,0,6.49222,12.5,0.884606,0.198611,0.124843,0.58669
1045,-0.343139,3.61585,0.708465,1,6.49222,12.5,0.884606,0.198611,0.124843,0.58669
59,-0.379087,3.61603,0.540365,1,6.49222,12.5,0.884606,0.198611,0.124843,0.58669
187,-0.27212,3.61589,0.849383,1,6.49222,12.5,0.884606,0.198611,0.124843,0.58669
1045,-0.343139,3.61585,0.708465,1,6.49222,12.5,0.884606,0.198611,0.124843,0.58669
616,-0.178096,3.61588,0.956231,1,6.49222,12.5,0.884606,0.198611,0.124843,0.58669
187,-0.27212,3.61589,0.849383,1,6.49222,12.5,0.884606,0.198611,0.124843,0.58669
16,-0.0758048,3.61579,1.03161,1,6.49222,12.5,0.884606,0.198611,0.124843,0.58669
616,-0.178096,3.61588,0.956231,1,6.49222,12.5,0.884606,0.198611,0.124843,0.58669
16,-0.0758048,3.61579,1.03161,1,6.49222,12.5,0.884606,0.198611,0.124843,0.58669
615,0.0269119,3.6157,1.07153,1,6.49222,12.5,0.884606,0.198611,0.124843,0.58669
615,0.0269119,3.6157,1.07153,1,6.49222,12.5,0.884606,0.198611,0.124843,0.58669
186,0.125123,3.61564,1.08562,1,6.49222,12.5,0.884606,0.198611,0.124843,0.58669
186,0.125123,3.61564,1.08562,1,6.49222,12.5,0.884606,0.198611,0.124843,0.58669
1044,0.223367,3.61572,1.07168,1,6.49222,12.5,0.884606,0.198611,0.124843,0.58669
1044,0.223367,3.61572,1.07168,1,6.49222,12.5,0.884606,0.198611,0.124843,0.58669
38,0.326173,3.6158,1.03186,1,6.49222,12.5,0.884606,0.198611,0.124843,0.58669
38,0.326173,3.6158,1.03186,1,6.49222,12.5,0.884606,0.198611,0.124843,0.58669
664,0.428487,3.61589,0.956408,1,6.49222,12.5,0.884606,0.198611,0.124843,0.58669
664,0.428487,3.61589,0.956408,1,6.49222,12.5,0.884606,0.198611,0.124843,0.58669
235,0.522402,3.61591,0.849445,1,6.49222,12.5,0.884606,0.198611,0.124843,0.58669
235,0.522402,3.61591,0.849445,1,6.49222,12.5,0.884606,0.198611,0.124843,0.58669
1093,0.593256,3.61587,0.708495,1,6.49222,12.5,0.884606,0.198611,0.124843,0.58669
1093,0.593256,3.61587,0.708495,1,6.49222,12.5,0.884606,0.198611,0.124843,0.58669
60,0.62911,3.61605,0.540449,1,6.49222,12.5,0.884606,0.198611,0.124843,0.58669
1045,-0.289597,3.63353,0.697919,0,6.99222,12.5,0.896786,0.198611,0.12482,0.598869
59,-0.322509,3.63408,0.534251,0,6.99222,12.5,0.896786,0.198611,0.12482,0.598869
187,-0.241456,3.63352,0.842158,0,6.99222,12.5,0.896786,0.198611,0.12482,0.598869
1045,-0.289597,3.63353,0.697919,0,6.99222,12.5,0.896786,0.198611,0.12482,0.598869
616,-0.168304,3.63367,0.961714,0,6.99222,12.5,0.896786,0.198611,0.12482,0.598869
187,-0.241456,3.63352,0.842158,0,6.99222,12.5,0.896786,0.198611,0.12482,0.598869
16,-0.077639,3.634,1.05272,0,6.99222,12.5,0.896786,0.198611,0.12482,0.598869
616,-0.168304,3.63367,0.961714,0,6.99222,12.5,0.896786,0.198611,0.12482,0.598869
16,-0.077639,3.634,1.05272,0,6.99222,12.5,0.896786,0.198611,0.12482,0.598869
615,0.0238297,3.63428,1.10441,0,6.99222,12.5,0.896786,0.198611,0.12482,0.598869
615,0.0238297,3.63428,1.10441,0,6.99222,12.5,0.896786,0.198611,0.12482,0.598869
186,0.125001,3.63445,1.12225,0,6.99222,12.5,0.896786,0.198611,0.12482,0.598869
186,0.125001,3.63445,1.12225,0,6.99222,12.5,0.896786,0.198611,0.12482,0.598869
1044,0.226193,3.63425,1.10436,0,6.99222,12.5,0.896786,0.198611,0.12482,0.598869
1044,0.226193,3.63425,1.10436,0,6.99222,12.5,0.896786,0.198611,0.12482,0.598869
38,0.327628,3.63393,1.0527,0,6.99222,12.5,0.896786,0.198611,0.12482,0.598869
38,0.327628,3.63393,1.0527,0,6.99222,12.5,0.896786,0.198611,0.12482,0.598869
664,0.418285,3.63365,0.961737,0,6.99222,12.5,0.896786,0.198611,0.12482,0.598869
664,0.418285,3.63365,0.961737,0,6.99222,12.5,0.896786,0.198611,0.12482,0.598869
235,0.491458,3.63354,0.842096,0,6.99222,12.5,0.896786,0.198611,0.12482,0.598869
235,0.491458,3.63354,0.842096,0,6.99222,12.5,0.896786,0.198611,0.12482,0.598869
1093,0.539625,3.63352,0.697908,0,6.99222,12.5,0.896786,0.198611,0.12482,0.598869
1093,0.539625,3.63352,0.697908,0,6.99222,12.5,0.896786,0.198611,0.12482,0.598869
60,0.572531,3.6341,0.534314,0,6.99222,12.5,0.896786,0.198611,0.12482,0.598869
1045,-0.352511,3.6432,0.71559,1,6.99222,12.5,0.896786,0.198611,0.12482,0.598869
59,-0.390225,3.6433,0.544222,1,6.99222,12.5,0.896786,0.198611,0.12482,0.598869
187,-0.279306,3.64332,0.858493,1,6.99222,12.5,0.896786,0.198611,0.12482,0.598869
1045,-0.352511,3.6432,0.71559,1,6.99222,12.5,0.896786,0.198611,0.12482,0.598869
616,-0.182793,3.64338,0.966302,1,6.99222,12.5,0.896786,0.198611,0.12482,0.598869
187,-0.279306,3.64332,0.858493,1,6.99222,12.5,0.896786,0.198611,0.12482,0.598869
16,-0.0782732,3.64333,1.04188,1,6.99222,12.5,0.896786,0.198611,0.12482,0.598869
616,-0.182793,3.64338,0.966302,1,6.99222,12.5,0.896786,0.198611,0.12482,0.598869
16,-0.0782732,3.64333,1.04188,1,6.99222,12.5,0.896786,0.198611,0.12482,0.598869
615,0.0261233,3.64325,1.08194,1,6.99222,12.5,0.896786,0.198611,0.12482,0.598869
615,0.0261233,3.64325,1.08194,1,6.99222,12.5,0.896786,0.198611,0.12482,0.598869
186,0.125127,3.6432,1.09636,1,6.99222,12.5,0.896786,0.198611,0.12482,0.598869
186,0.125127,3.6432,1.09636,1,6.99222,12.5,0.896786,0.198611,0.12482,0.598869
1044,0.224172,3.64326,1.0821,1,6.99222,12.5,0.896786,0.198611,0.12482,0.598869
1044,0.224172,3.64326,1.0821,1,6.99222,12.5,0.896786,0.198611,0.12482,0.598869
38,0.328665,3.64334,1.04212,1,6.99222,12.5,0.896786,0.198611,0.12482,0.598869
38,0.328665,3.64334,1.04212,1,6.99222,12.5,0.896786,0.198611,0.12482,0.598869
664,0.4332,3.64339,0.966482,1,6.99222,12.5,0.896786,0.198611,0.12482,0.598869
664,0.4332,3.64339,0.966482,1,6.99222,12.5,0.896786,0.198611,0.12482,0.598869
235,0.529601,3.64333,0.858569,1,6.99222,12.5,0.896786,0.198611,0.12482,0.598869
235,0.529601,3.64333,0.858569,1,6.99222,12.5,0.896786,0.198611,0.12482,0.598869
1093,0.602616,3.6432,0.715629,1,6.99222,12.5,0.896786,0.198611,0.12482,0.598869
1093,0.602616,3.6432,0.715629,1,6.99222,12.5,0.896786,0.198611,0.12482,0.598869
60,0.640252,3.64331,0.544312,1,6.99222,12.5,0.896786,0.198611,0.12482,0.598869
1045,-0.295049,3.66048,0.703842,0,7.49222,12.5,0.90718,0.198611,0.124816,0.609263
59,-0.330306,3.66097,0.537897,0,7.49222,12.5,0.90718,0.198611,0.124816,0.609263
187,-0.245651,3.66065,0.849566,0,7.49222,12.5,0.90718,0.198611,0.124816,0.609263
1045,-0.295049,3.66048,0.703842,0,7.49222,12.5,0.90718,0.198611,0.124816,0.609263
616,-0.171181,3.66093,0.970358,0,7.49222,12.5,0.90718,0.198611,0.124816,0.609263
187,-0.245651,3.66065,0.849566,0,7.49222,12.5,0.90718,0.198611,0.124816,0.609263
16,-0.0793683,3.66128,1.06211,0,7.49222,12.5,0.90718,0.198611,0.124816,0.609263
616,-0.171181,3.66093,0.970358,0,7.49222,12.5,0.90718,0.198611,0.124816,0.609263
16,-0.0793683,3.66128,1.06211,0,7.49222,12.5,0.90718,0.198611,0.124816,0.609263
615,0.0232193,3.6616,1.11433,0,7.49222,12.5,0.90718,0.198611,0.124816,0.609263
615,0.0232193,3.6616,1.11433,0,7.49222,12.5,0.90718,0.198611,0.124816,0.609263
186,0.124988,3.66176,1.1326,0,7.49222,12.5,0.90718,0.198611,0.124816,0.609263
186,0.124988,3.66176,1.1326,0,7.49222,12.5,0.90718,0.198611,0.124816,0.609263
1044,0.226777,3.6616,1.11437,0,7.49222,12.5,0.90718,0.198611,0.124816,0.609263
1044,0.226777,3.6616,1.11437,0,7.49222,12.5,0.90718,0.198611,0.124816,0.609263
38,0.329356,3.66129,1.06216,0,7.49222,12.5,0.90718,0.198611,0.124816,0.609263
38,0.329356,3.66129,1.06216,0,7.49222,12.5,0.90718,0.198611,0.124816,0.609263
664,0.421209,3.66093,0.970392,0,7.49222,12.5,0.90718,0.198611,0.124816,0.609263
664,0.421209,3.66093,0.970392,0,7.49222,12.5,0.90718,0.198611,0.124816,0.609263
235,0.495661,3.66067,0.84957,0,7.49222,12.5,0.90718,0.198611,0.124816,0.609263
235,0.495661,3.66067,0.84957,0,7.49222,12.5,0.90718,0.198611,0.124816,0.609263
1093,0.545034,3.66048,0.703863,0,7.49222,12.5,0.90718,0.198611,0.124816,0.609263
1093,0.545034,3.66048,0.703863,0,7.49222,12.5,0.90718,0.198611,0.124816,0.609263
60,0.580293,3.66096,0.537954,0,7.49222,12.5,0.90718,0.198611,0.124816,0.609263
1045,-0.361351,3.66939,0.721844,1,7.49222,12.5,0.90718,0.198611,0.124816,0.609263
59,-0.400913,3.6694,0.547426,1,7.49222,12.5,0.90718,0.198611,0.124816,0.609263
187,-0.28618,3.66953,0.866649,1,7.49222,12.5,0.90718,0.198611,0.124816,0.609263
1045,-0.361351,3.66939,0.721844,1,7.49222,12.5,0.90718,0.198611,0.124816,0.609263
616,-0.187444,3.6696,0.975518,1,7.49222,12.5,0.90718,0.198611,0.124816,0.609263
187,-0.28618,3.66953,0.866649,1,7.49222,12.5,0.90718,0.198611,0.124816,0.609263
16,-0.0808891,3.66957,1.05153,1,7.49222,12.5,0.90718,0.198611,0.124816,0.609263
616,-0.187444,3.6696,0.975518,1,7.49222,12.5,0.90718,0.198611,0.124816,0.609263
16,-0.0808891,3.66957,1.05153,1,7.49222,12.5,0.90718,0.198611,0.124816,0.609263
615,0.025139,3.6695,1.09188,1,7.49222,12.5,0.90718,0.198611,0.124816,0.609263
615,0.025139,3.6695,1.09188,1,7.49222,12.5,0.90718,0.198611,0.124816,0.609263
186,0.125027,3.66945,1.10666,1,7.49222,12.5,0.90718,0.198611,0.124816,0.609263
186,0.125027,3.66945,1.10666,1,7.49222,12.5,0.90718,0.198611,0.124816,0.609263
1044,0.224951,3.6695,1.09204,1,7.49222,12.5,0.90718,0.198611,0.124816,0.609263
1044,0.224951,3.6695,1.09204,1,7.49222,12.5,0.90718,0.198611,0.124816,0.609263
38,0.331075,3.66956,1.05177,1,7.49222,12.5,0.90718,0.198611,0.124816,0.609263
38,0.331075,3.66956,1.05177,1,7.49222,12.5,0.90718,0.198611,0.124816,0.609263
664,0.437647,3.6696,0.975704,1,7.49222,12.5,0.90718,0.198611,0.124816,0.609263
664,0.437647,3.6696,0.975704,1,7.49222,12.5,0.90718,0.198611,0.124816,0.609263
235,0.536264,3.66953,0.866737,1,7.49222,12.5,0.90718,0.198611,0.124816,0.609263
235,0.536264,3.66953,0.866737,1,7.49222,12.5,0.90718,0.198611,0.124816,0.609263
1093,0.611261,3.66939,0.721903,1,7.49222,12.5,0.90718,0.198611,0.124816,0.609263
1093,0.611261,3.66939,0.721903,1,7.49222,12.5,0.90718,0.198611,0.124816,0.609263
60,0.650759,3.66942,0.547551,1,7.49222,12.5,0.90718,0.198611,0.124816,0.609263
