id,x,y,z,ablated,v,bulkheadyoungs,nickdepth,nickw,nickc,bbmin
1045,-0.248363,3.42611,0.639523,0,3.49222,15,0.80017,0.198611,0.124847,0.502254
59,-0.267264,3.42623,0.498132,0,3.49222,15,0.80017,0.198611,0.124847,0.502254
187,-0.208703,3.42597,0.771155,0,3.49222,15,0.80017,0.198611,0.124847,0.502254
1045,-0.248363,3.42611,0.639523,0,3.49222,15,0.80017,0.198611,0.124847,0.502254
616,-0.146183,3.42579,0.882767,0,3.49222,15,0.80017,0.198611,0.124847,0.502254
187,-0.208703,3.42597,0.771155,0,3.49222,15,0.80017,0.198611,0.124847,0.502254
16,-0.0674283,3.42567,0.971351,0,3.49222,15,0.80017,0.198611,0.124847,0.502254
616,-0.146183,3.42579,0.882767,0,3.49222,15,0.80017,0.198611,0.124847,0.502254
16,-0.0674283,3.42567,0.971351,0,3.49222,15,0.80017,0.198611,0.124847,0.502254
615,0.0258223,3.42554,1.02232,0,3.49222,15,0.80017,0.198611,0.124847,0.502254
615,0.0258223,3.42554,1.02232,0,3.49222,15,0.80017,0.198611,0.124847,0.502254
186,0.124985,3.42549,1.03889,0,3.49222,15,0.80017,0.198611,0.124847,0.502254
186,0.124985,3.42549,1.03889,0,3.49222,15,0.80017,0.198611,0.124847,0.502254
1044,0.22415,3.42554,1.02236,0,3.49222,15,0.80017,0.198611,0.124847,0.502254
1044,0.22415,3.42554,1.02236,0,3.49222,15,0.80017,0.198611,0.124847,0.502254
38,0.317409,3.42565,0.971365,0,3.49222,15,0.80017,0.198611,0.124847,0.502254
38,0.317409,3.42565,0.971365,0,3.49222,15,0.80017,0.198611,0.124847,0.502254
664,0.396192,3.42578,0.882799,0,3.49222,15,0.80017,0.198611,0.124847,0.502254
664,0.396192,3.42578,0.882799,0,3.49222,15,0.80017,0.198611,0.124847,0.502254
235,0.458705,3.42601,0.771198,0,3.49222,15,0.80017,0.198611,0.124847,0.502254
235,0.458705,3.42601,0.771198,0,3.49222,15,0.80017,0.198611,0.124847,0.502254
1093,0.498387,3.42614,0.639589,0,3.49222,15,0.80017,0.198611,0.124847,0.502254
1093,0.498387,3.42614,0.639589,0,3.49222,15,0.80017,0.198611,0.124847,0.502254
60,0.517261,3.42628,0.4982,0,3.49222,15,0.80017,0.198611,0.124847,0.502254
1045,-0.264902,3.43588,0.645349,1,3.49222,15,0.80017,0.198611,0.124847,0.502254
59,-0.290936,3.4359,0.504471,1,3.49222,15,0.80017,0.198611,0.124847,0.502254
187,-0.21639,3.43577,0.774295,1,3.49222,15,0.80017,0.198611,0.124847,0.502254
1045,-0.264902,3.43588,0.645349,1,3.49222,15,0.80017,0.198611,0.124847,0.502254
616,-0.146852,3.4355,0.880697,1,3.49222,15,0.80017,0.198611,0.124847,0.502254
187,-0.21639,3.43577,0.774295,1,3.49222,15,0.80017,0.198611,0.124847,0.502254
16,-0.0644023,3.43529,0.963309,1,3.49222,15,0.80017,0.198611,0.124847,0.502254
616,-0.146852,3.4355,0.880697,1,3.49222,15,0.80017,0.198611,0.124847,0.502254
16,-0.0644023,3.43529,0.963309,1,3.49222,15,0.80017,0.198611,0.124847,0.502254
615,0.0282181,3.43505,1.00944,1,3.49222,15,0.80017,0.198611,0.124847,0.502254
615,0.0282181,3.43505,1.00944,1,3.49222,15,0.80017,0.198611,0.124847,0.502254
186,0.124998,3.43497,1.02473,1,3.49222,15,0.80017,0.198611,0.124847,0.502254
186,0.124998,3.43497,1.02473,1,3.49222,15,0.80017,0.198611,0.124847,0.502254
1044,0.221788,3.43503,1.00951,1,3.49222,15,0.80017,0.198611,0.124847,0.502254
1044,0.221788,3.43503,1.00951,1,3.49222,15,0.80017,0.198611,0.124847,0.502254
38,0.314426,3.43524,0.963447,1,3.49222,15,0.80017,0.198611,0.124847,0.502254
38,0.314426,3.43524,0.963447,1,3.49222,15,0.80017,0.198611,0.124847,0.502254
664,0.396879,3.43546,0.880802,1,3.49222,15,0.80017,0.198611,0.124847,0.502254
664,0.396879,3.43546,0.880802,1,3.49222,15,0.80017,0.198611,0.124847,0.502254
235,0.466461,3.43573,0.774416,1,3.49222,15,0.80017,0.198611,0.124847,0.502254
235,0.466461,3.43573,0.774416,1,3.49222,15,0.80017,0.198611,0.124847,0.502254
1093,0.514952,3.43589,0.645438,1,3.49222,15,0.80017,0.198611,0.124847,0.502254
1093,0.514952,3.43589,0.645438,1,3.49222,15,0.80017,0.198611,0.124847,0.502254
60,0.540836,3.43586,0.504557,1,3.49222,15,0.80017,0.198611,0.124847,0.502254
1045,-0.252872,3.44236,0.645705,0,3.99222,15,0.809471,0.198611,0.124851,0.511554
59,-0.273493,3.44283,0.501279,0,3.99222,15,0.809471,0.198611,0.124851,0.511554
187,-0.212268,3.44229,0.778509,0,3.99222,15,0.809471,0.198611,0.124851,0.511554
1045,-0.252872,3.44236,0.645705,0,3.99222,15,0.809471,0.198611,0.124851,0.511554
616,-0.148394,3.44231,0.890673,0,3.99222,15,0.809471,0.198611,0.124851,0.511554
187,-0.212268,3.44229,0.778509,0,3.99222,15,0.809471,0.198611,0.124851,0.511554
16,-0.0679699,3.4425,0.978823,0,3.99222,15,0.809471,0.198611,0.124851,0.511554
616,-0.148394,3.44231,0.890673,0,3.99222,15,0.809471,0.198611,0.124851,0.511554
16,-0.0679699,3.4425,0.978823,0,3.99222,15,0.809471,0.198611,0.124851,0.511554
615,0.0260393,3.44283,1.02911,0,3.99222,15,0.809471,0.198611,0.124851,0.511554
615,0.0260393,3.44283,1.02911,0,3.99222,15,0.809471,0.198611,0.124851,0.511554
186,0.125037,3.44314,1.04544,0,3.99222,15,0.809471,0.198611,0.124851,0.511554
186,0.125037,3.44314,1.04544,0,3.99222,15,0.809471,0.198611,0.124851,0.511554
1044,0.224011,3.44283,1.02909,0,3.99222,15,0.809471,0.198611,0.124851,0.511554
1044,0.224011,3.44283,1.02909,0,3.99222,15,0.809471,0.198611,0.124851,0.511554
38,0.317989,3.44254,0.978779,0,3.99222,15,0.809471,0.198611,0.124851,0.511554
38,0.317989,3.44254,0.978779,0,3.99222,15,0.809471,0.198611,0.124851,0.511554
664,0.398424,3.44236,0.890663,0,3.99222,15,0.809471,0.198611,0.124851,0.511554
664,0.398424,3.44236,0.890663,0,3.99222,15,0.809471,0.198611,0.124851,0.511554
235,0.462329,3.44234,0.77851,0,3.99222,15,0.809471,0.198611,0.124851,0.511554
235,0.462329,3.44234,0.77851,0,3.99222,15,0.809471,0.198611,0.124851,0.511554
1093,0.502884,3.44237,0.645718,0,3.99222,15,0.809471,0.198611,0.124851,0.511554
1093,0.502884,3.44237,0.645718,0,3.99222,15,0.809471,0.198611,0.124851,0.511554
60,0.523513,3.44298,0.501328,0,3.99222,15,0.809471,0.198611,0.124851,0.511554
1045,-0.279156,3.4637,0.658452,1,3.99222,15,0.809471,0.198611,0.124851,0.511554
59,-0.307294,3.46384,0.512963,1,3.99222,15,0.809471,0.198611,0.124851,0.511554
187,-0.225424,3.46334,0.788479,1,3.99222,15,0.809471,0.198611,0.124851,0.511554
1045,-0.279156,3.4637,0.658452,1,3.99222,15,0.809471,0.198611,0.124851,0.511554
616,-0.151024,3.46299,0.893697,1,3.99222,15,0.809471,0.198611,0.124851,0.511554
187,-0.225424,3.46334,0.788479,1,3.99222,15,0.809471,0.198611,0.124851,0.511554
16,-0.0650136,3.46271,0.973931,1,3.99222,15,0.809471,0.198611,0.124851,0.511554
616,-0.151024,3.46299,0.893697,1,3.99222,15,0.809471,0.198611,0.124851,0.511554
16,-0.0650136,3.46271,0.973931,1,3.99222,15,0.809471,0.198611,0.124851,0.511554
615,0.0289008,3.46252,1.01805,1,3.99222,15,0.809471,0.198611,0.124851,0.511554
615,0.0289008,3.46252,1.01805,1,3.99222,15,0.809471,0.198611,0.124851,0.511554
186,0.125029,3.46246,1.03227,1,3.99222,15,0.809471,0.198611,0.124851,0.511554
186,0.125029,3.46246,1.03227,1,3.99222,15,0.809471,0.198611,0.124851,0.511554
1044,0.221171,3.46252,1.01805,1,3.99222,15,0.809471,0.198611,0.124851,0.511554
1044,0.221171,3.46252,1.01805,1,3.99222,15,0.809471,0.198611,0.124851,0.511554
38,0.315098,3.4627,0.973901,1,3.99222,15,0.809471,0.198611,0.124851,0.511554
38,0.315098,3.4627,0.973901,1,3.99222,15,0.809471,0.198611,0.124851,0.511554
664,0.401014,3.46298,0.893621,1,3.99222,15,0.809471,0.198611,0.124851,0.511554
664,0.401014,3.46298,0.893621,1,3.99222,15,0.809471,0.198611,0.124851,0.511554
235,0.475389,3.46338,0.788491,1,3.99222,15,0.809471,0.198611,0.124851,0.511554
235,0.475389,3.46338,0.788491,1,3.99222,15,0.809471,0.198611,0.124851,0.511554
1093,0.529138,3.46379,0.658476,1,3.99222,15,0.809471,0.198611,0.124851,0.511554
1093,0.529138,3.46379,0.658476,1,3.99222,15,0.809471,0.198611,0.124851,0.511554
60,0.557073,3.4639,0.512996,1,3.99222,15,0.809471,0.198611,0.124851,0.511554
1045,-0.259016,3.47196,0.656542,0,4.49222,15,0.828067,0.198611,0.124854,0.53015
59,-0.280158,3.47262,0.507993,0,4.49222,15,0.828067,0.198611,0.124854,0.53015
187,-0.217534,3.4719,0.791518,0,4.49222,15,0.828067,0.198611,0.124854,0.53015
1045,-0.259016,3.47196,0.656542,0,4.49222,15,0.828067,0.198611,0.124854,0.53015
616,-0.152012,3.47191,0.904951,0,4.49222,15,0.828067,0.198611,0.124854,0.53015
187,-0.217534,3.4719,0.791518,0,4.49222,15,0.828067,0.198611,0.124854,0.53015
16,-0.0695827,3.47225,0.99338,0,4.49222,15,0.828067,0.198611,0.124854,0.53015
616,-0.152012,3.47191,0.904951,0,4.49222,15,0.828067,0.198611,0.124854,0.53015
16,-0.0695827,3.47225,0.99338,0,4.49222,15,0.828067,0.198611,0.124854,0.53015
615,0.025817,3.47256,1.0432,0,4.49222,15,0.828067,0.198611,0.124854,0.53015
615,0.025817,3.47256,1.0432,0,4.49222,15,0.828067,0.198611,0.124854,0.53015
186,0.125072,3.47275,1.05936,0,4.49222,15,0.828067,0.198611,0.124854,0.53015
186,0.125072,3.47275,1.05936,0,4.49222,15,0.828067,0.198611,0.124854,0.53015
1044,0.22431,3.47259,1.04328,0,4.49222,15,0.828067,0.198611,0.124854,0.53015
1044,0.22431,3.47259,1.04328,0,4.49222,15,0.828067,0.198611,0.124854,0.53015
38,0.319627,3.47227,0.993352,0,4.49222,15,0.828067,0.198611,0.124854,0.53015
38,0.319627,3.47227,0.993352,0,4.49222,15,0.828067,0.198611,0.124854,0.53015
664,0.402062,3.47194,0.904856,0,4.49222,15,0.828067,0.198611,0.124854,0.53015
664,0.402062,3.47194,0.904856,0,4.49222,15,0.828067,0.198611,0.124854,0.53015
235,0.467589,3.47192,0.791502,0,4.49222,15,0.828067,0.198611,0.124854,0.53015
235,0.467589,3.47192,0.791502,0,4.49222,15,0.828067,0.198611,0.124854,0.53015
1093,0.509101,3.4719,0.6565,0,4.49222,15,0.828067,0.198611,0.124854,0.53015
1093,0.509101,3.4719,0.6565,0,4.49222,15,0.828067,0.198611,0.124854,0.53015
60,0.53022,3.47258,0.508181,0,4.49222,15,0.828067,0.198611,0.124854,0.53015
1045,-0.291708,3.49625,0.67096,1,4.49222,15,0.828067,0.198611,0.124854,0.53015
59,-0.321129,3.49648,0.520682,1,4.49222,15,0.828067,0.198611,0.124854,0.53015
187,-0.233836,3.49584,0.802624,1,4.49222,15,0.828067,0.198611,0.124854,0.53015
1045,-0.291708,3.49625,0.67096,1,4.49222,15,0.828067,0.198611,0.124854,0.53015
616,-0.155223,3.49547,0.907276,1,4.49222,15,0.828067,0.198611,0.124854,0.53015
187,-0.233836,3.49584,0.802624,1,4.49222,15,0.828067,0.198611,0.124854,0.53015
16,-0.0662565,3.49514,0.985742,1,4.49222,15,0.828067,0.198611,0.124854,0.53015
616,-0.155223,3.49547,0.907276,1,4.49222,15,0.828067,0.198611,0.124854,0.53015
16,-0.0662565,3.49514,0.985742,1,4.49222,15,0.828067,0.198611,0.124854,0.53015
615,0.0287736,3.49496,1.02876,1,4.49222,15,0.828067,0.198611,0.124854,0.53015
615,0.0287736,3.49496,1.02876,1,4.49222,15,0.828067,0.198611,0.124854,0.53015
186,0.124983,3.49488,1.04276,1,4.49222,15,0.828067,0.198611,0.124854,0.53015
186,0.124983,3.49488,1.04276,1,4.49222,15,0.828067,0.198611,0.124854,0.53015
1044,0.221214,3.49498,1.02892,1,4.49222,15,0.828067,0.198611,0.124854,0.53015
1044,0.221214,3.49498,1.02892,1,4.49222,15,0.828067,0.198611,0.124854,0.53015
38,0.316348,3.49517,0.986068,1,4.49222,15,0.828067,0.198611,0.124854,0.53015
38,0.316348,3.49517,0.986068,1,4.49222,15,0.828067,0.198611,0.124854,0.53015
664,0.40541,3.49551,0.907633,1,4.49222,15,0.828067,0.198611,0.124854,0.53015
664,0.40541,3.49551,0.907633,1,4.49222,15,0.828067,0.198611,0.124854,0.53015
235,0.484047,3.49586,0.802927,1,4.49222,15,0.828067,0.198611,0.124854,0.53015
235,0.484047,3.49586,0.802927,1,4.49222,15,0.828067,0.198611,0.124854,0.53015
1093,0.541809,3.49625,0.671165,1,4.49222,15,0.828067,0.198611,0.124854,0.53015
1093,0.541809,3.49625,0.671165,1,4.49222,15,0.828067,0.198611,0.124854,0.53015
60,0.571056,3.49646,0.5209,1,4.49222,15,0.828067,0.198611,0.124854,0.53015
1045,-0.263983,3.50698,0.667214,0,4.99222,15,0.843539,0.198611,0.124855,0.545623
59,-0.286361,3.50768,0.515215,0,4.99222,15,0.843539,0.198611,0.124855,0.545623
187,-0.221408,3.50659,0.804193,0,4.99222,15,0.843539,0.198611,0.124855,0.545623
1045,-0.263983,3.50698,0.667214,0,4.99222,15,0.843539,0.198611,0.124855,0.545623
616,-0.154527,3.50654,0.918529,0,4.99222,15,0.843539,0.198611,0.124855,0.545623
187,-0.221408,3.50659,0.804193,0,4.99222,15,0.843539,0.198611,0.124855,0.545623
16,-0.0707981,3.50679,1.0071,0,4.99222,15,0.843539,0.198611,0.124855,0.545623
616,-0.154527,3.50654,0.918529,0,4.99222,15,0.843539,0.198611,0.124855,0.545623
16,-0.0707981,3.50679,1.0071,0,4.99222,15,0.843539,0.198611,0.124855,0.545623
615,0.025422,3.5071,1.05715,0,4.99222,15,0.843539,0.198611,0.124855,0.545623
615,0.025422,3.5071,1.05715,0,4.99222,15,0.843539,0.198611,0.124855,0.545623
186,0.124984,3.50736,1.07356,0,4.99222,15,0.843539,0.198611,0.124855,0.545623
186,0.124984,3.50736,1.07356,0,4.99222,15,0.843539,0.198611,0.124855,0.545623
1044,0.224526,3.50709,1.05724,0,4.99222,15,0.843539,0.198611,0.124855,0.545623
1044,0.224526,3.50709,1.05724,0,4.99222,15,0.843539,0.198611,0.124855,0.545623
38,0.320808,3.5068,1.00719,0,4.99222,15,0.843539,0.198611,0.124855,0.545623
38,0.320808,3.5068,1.00719,0,4.99222,15,0.843539,0.198611,0.124855,0.545623
664,0.404567,3.50656,0.918599,0,4.99222,15,0.843539,0.198611,0.124855,0.545623
664,0.404567,3.50656,0.918599,0,4.99222,15,0.843539,0.198611,0.124855,0.545623
235,0.471443,3.50663,0.804195,0,4.99222,15,0.843539,0.198611,0.124855,0.545623
235,0.471443,3.50663,0.804195,0,4.99222,15,0.843539,0.198611,0.124855,0.545623
1093,0.514023,3.50713,0.667275,0,4.99222,15,0.843539,0.198611,0.124855,0.545623
1093,0.514023,3.50713,0.667275,0,4.99222,15,0.843539,0.198611,0.124855,0.545623
60,0.53636,3.50793,0.51525,0,4.99222,15,0.843539,0.198611,0.124855,0.545623
1045,-0.303146,3.52785,0.682043,1,4.99222,15,0.843539,0.198611,0.124855,0.545623
59,-0.334147,3.5281,0.52743,1,4.99222,15,0.843539,0.198611,0.124855,0.545623
187,-0.241829,3.52759,0.815472,1,4.99222,15,0.843539,0.198611,0.124855,0.545623
1045,-0.303146,3.52785,0.682043,1,4.99222,15,0.843539,0.198611,0.124855,0.545623
616,-0.159593,3.52737,0.920193,1,4.99222,15,0.843539,0.198611,0.124855,0.545623
187,-0.241829,3.52759,0.815472,1,4.99222,15,0.843539,0.198611,0.124855,0.545623
16,-0.0677333,3.52711,0.997528,1,4.99222,15,0.843539,0.198611,0.124855,0.545623
616,-0.159593,3.52737,0.920193,1,4.99222,15,0.843539,0.198611,0.124855,0.545623
16,-0.0677333,3.52711,0.997528,1,4.99222,15,0.843539,0.198611,0.124855,0.545623
615,0.0286888,3.5269,1.03957,1,4.99222,15,0.843539,0.198611,0.124855,0.545623
615,0.0286888,3.5269,1.03957,1,4.99222,15,0.843539,0.198611,0.124855,0.545623
186,0.125012,3.52681,1.05349,1,4.99222,15,0.843539,0.198611,0.124855,0.545623
186,0.125012,3.52681,1.05349,1,4.99222,15,0.843539,0.198611,0.124855,0.545623
1044,0.221378,3.5269,1.03969,1,4.99222,15,0.843539,0.198611,0.124855,0.545623
1044,0.221378,3.5269,1.03969,1,4.99222,15,0.843539,0.198611,0.124855,0.545623
38,0.317886,3.5271,0.99773,1,4.99222,15,0.843539,0.198611,0.124855,0.545623
38,0.317886,3.5271,0.99773,1,4.99222,15,0.843539,0.198611,0.124855,0.545623
664,0.409781,3.52738,0.920341,1,4.99222,15,0.843539,0.198611,0.124855,0.545623
664,0.409781,3.52738,0.920341,1,4.99222,15,0.843539,0.198611,0.124855,0.545623
235,0.491964,3.52761,0.815534,1,4.99222,15,0.843539,0.198611,0.124855,0.545623
235,0.491964,3.52761,0.815534,1,4.99222,15,0.843539,0.198611,0.124855,0.545623
1093,0.553114,3.52787,0.682026,1,4.99222,15,0.843539,0.198611,0.124855,0.545623
1093,0.553114,3.52787,0.682026,1,4.99222,15,0.843539,0.198611,0.124855,0.545623
60,0.584041,3.52815,0.527489,1,4.99222,15,0.843539,0.198611,0.124855,0.545623
1045,-0.268023,3.53967,0.675393,0,5.49222,15,0.856162,0.198611,0.124848,0.558245
59,-0.292339,3.5405,0.520582,0,5.49222,15,0.856162,0.198611,0.124848,0.558245
187,-0.224903,3.53925,0.8139,0,5.49222,15,0.856162,0.198611,0.124848,0.558245
1045,-0.268023,3.53967,0.675393,0,5.49222,15,0.856162,0.198611,0.124848,0.558245
616,-0.157251,3.53914,0.92955,0,5.49222,15,0.856162,0.198611,0.124848,0.558245
187,-0.224903,3.53925,0.8139,0,5.49222,15,0.856162,0.198611,0.124848,0.558245
16,-0.0723407,3.53949,1.01894,0,5.49222,15,0.856162,0.198611,0.124848,0.558245
616,-0.157251,3.53914,0.92955,0,5.49222,15,0.856162,0.198611,0.124848,0.558245
16,-0.0723407,3.53949,1.01894,0,5.49222,15,0.856162,0.198611,0.124848,0.558245
615,0.0251018,3.53987,1.06956,0,5.49222,15,0.856162,0.198611,0.124848,0.558245
615,0.0251018,3.53987,1.06956,0,5.49222,15,0.856162,0.198611,0.124848,0.558245
186,0.124993,3.54013,1.08624,0,5.49222,15,0.856162,0.198611,0.124848,0.558245
186,0.124993,3.54013,1.08624,0,5.49222,15,0.856162,0.198611,0.124848,0.558245
1044,0.22492,3.53986,1.06955,0,5.49222,15,0.856162,0.198611,0.124848,0.558245
1044,0.22492,3.53986,1.06955,0,5.49222,15,0.856162,0.198611,0.124848,0.558245
38,0.322324,3.5395,1.01894,0,5.49222,15,0.856162,0.198611,0.124848,0.558245
38,0.322324,3.5395,1.01894,0,5.49222,15,0.856162,0.198611,0.124848,0.558245
664,0.407222,3.53916,0.929582,0,5.49222,15,0.856162,0.198611,0.124848,0.558245
664,0.407222,3.53916,0.929582,0,5.49222,15,0.856162,0.198611,0.124848,0.558245
235,0.474909,3.53927,0.813904,0,5.49222,15,0.856162,0.198611,0.124848,0.558245
235,0.474909,3.53927,0.813904,0,5.49222,15,0.856162,0.198611,0.124848,0.558245
1093,0.518074,3.53967,0.675364,0,5.49222,15,0.856162,0.198611,0.124848,0.558245
1093,0.518074,3.53967,0.675364,0,5.49222,15,0.856162,0.198611,0.124848,0.558245
60,0.542421,3.54058,0.520643,0,5.49222,15,0.856162,0.198611,0.124848,0.558245
1045,-0.313484,3.55895,0.691435,1,5.49222,15,0.856162,0.198611,0.124848,0.558245
59,-0.346007,3.55919,0.5329,1,5.49222,15,0.856162,0.198611,0.124848,0.558245
187,-0.249342,3.55874,0.826767,1,5.49222,15,0.856162,0.198611,0.124848,0.558245
1045,-0.313484,3.55895,0.691435,1,5.49222,15,0.856162,0.198611,0.124848,0.558245
616,-0.163906,3.55855,0.931842,1,5.49222,15,0.856162,0.198611,0.124848,0.558245
187,-0.249342,3.55874,0.826767,1,5.49222,15,0.856162,0.198611,0.124848,0.558245
16,-0.0694086,3.55833,1.00851,1,5.49222,15,0.856162,0.198611,0.124848,0.558245
616,-0.163906,3.55855,0.931842,1,5.49222,15,0.856162,0.198611,0.124848,0.558245
16,-0.0694086,3.55833,1.00851,1,5.49222,15,0.856162,0.198611,0.124848,0.558245
615,0.0284482,3.55816,1.04994,1,5.49222,15,0.856162,0.198611,0.124848,0.558245
615,0.0284482,3.55816,1.04994,1,5.49222,15,0.856162,0.198611,0.124848,0.558245
186,0.125034,3.55806,1.06394,1,5.49222,15,0.856162,0.198611,0.124848,0.558245
186,0.125034,3.55806,1.06394,1,5.49222,15,0.856162,0.198611,0.124848,0.558245
1044,0.221641,3.55816,1.05003,1,5.49222,15,0.856162,0.198611,0.124848,0.558245
1044,0.221641,3.55816,1.05003,1,5.49222,15,0.856162,0.198611,0.124848,0.558245
38,0.31956,3.55833,1.00865,1,5.49222,15,0.856162,0.198611,0.124848,0.558245
38,0.31956,3.55833,1.00865,1,5.49222,15,0.856162,0.198611,0.124848,0.558245
664,0.414072,3.55854,0.931925,1,5.49222,15,0.856162,0.198611,0.124848,0.558245
664,0.414072,3.55854,0.931925,1,5.49222,15,0.856162,0.198611,0.124848,0.558245
235,0.499413,3.55873,0.826748,1,5.49222,15,0.856162,0.198611,0.124848,0.558245
235,0.499413,3.55873,0.826748,1,5.49222,15,0.856162,0.198611,0.124848,0.558245
1093,0.563383,3.55892,0.691362,1,5.49222,15,0.856162,0.198611,0.124848,0.558245
1093,0.563383,3.55892,0.691362,1,5.49222,15,0.856162,0.198611,0.124848,0.558245
60,0.595874,3.55925,0.532893,1,5.49222,15,0.856162,0.198611,0.124848,0.558245
1045,-0.27337,3.57383,0.684344,0,5.99222,15,0.869367,0.198611,0.124843,0.57145
59,-0.299754,3.57444,0.526845,0,5.99222,15,0.869367,0.198611,0.124843,0.57145
187,-0.229071,3.57346,0.824339,0,5.99222,15,0.869367,0.198611,0.124843,0.57145
1045,-0.27337,3.57383,0.684344,0,5.99222,15,0.869367,0.198611,0.124843,0.57145
616,-0.160026,3.5735,0.941066,0,5.99222,15,0.869367,0.198611,0.124843,0.57145
187,-0.229071,3.57346,0.824339,0,5.99222,15,0.869367,0.198611,0.124843,0.57145
16,-0.0735938,3.57391,1.03074,0,5.99222,15,0.869367,0.198611,0.124843,0.57145
616,-0.160026,3.5735,0.941066,0,5.99222,15,0.869367,0.198611,0.124843,0.57145
16,-0.0735938,3.57391,1.03074,0,5.99222,15,0.869367,0.198611,0.124843,0.57145
615,0.0247752,3.57434,1.08136,0,5.99222,15,0.869367,0.198611,0.124843,0.57145
615,0.0247752,3.57434,1.08136,0,5.99222,15,0.869367,0.198611,0.124843,0.57145
186,0.124976,3.57465,1.09839,0,5.99222,15,0.869367,0.198611,0.124843,0.57145
186,0.124976,3.57465,1.09839,0,5.99222,15,0.869367,0.198611,0.124843,0.57145
1044,0.225151,3.57437,1.08145,0,5.99222,15,0.869367,0.198611,0.124843,0.57145
1044,0.225151,3.57437,1.08145,0,5.99222,15,0.869367,0.198611,0.124843,0.57145
38,0.323576,3.57393,1.03083,0,5.99222,15,0.869367,0.198611,0.124843,0.57145
38,0.323576,3.57393,1.03083,0,5.99222,15,0.869367,0.198611,0.124843,0.57145
664,0.410094,3.57353,0.941168,0,5.99222,15,0.869367,0.198611,0.124843,0.57145
664,0.410094,3.57353,0.941168,0,5.99222,15,0.869367,0.198611,0.124843,0.57145
235,0.479092,3.57347,0.824348,0,5.99222,15,0.869367,0.198611,0.124843,0.57145
235,0.479092,3.57347,0.824348,0,5.99222,15,0.869367,0.198611,0.124843,0.57145
1093,0.523284,3.57373,0.684303,0,5.99222,15,0.869367,0.198611,0.124843,0.57145
1093,0.523284,3.57373,0.684303,0,5.99222,15,0.869367,0.198611,0.124843,0.57145
60,0.549793,3.57477,0.526848,0,5.99222,15,0.869367,0.198611,0.124843,0.57145
1045,-0.323337,3.58966,0.70025,1,5.99222,15,0.869367,0.198611,0.124843,0.57145
59,-0.357398,3.58981,0.538047,1,5.99222,15,0.869367,0.198611,0.124843,0.57145
187,-0.256574,3.58964,0.837481,1,5.99222,15,0.869367,0.198611,0.124843,0.57145
1045,-0.323337,3.58966,0.70025,1,5.99222,15,0.869367,0.198611,0.124843,0.57145
616,-0.168208,3.58965,0.943033,1,5.99222,15,0.869367,0.198611,0.124843,0.57145
187,-0.256574,3.58964,0.837481,1,5.99222,15,0.869367,0.198611,0.124843,0.57145
16,-0.0712981,3.58958,1.0193,1,5.99222,15,0.869367,0.198611,0.124843,0.57145
616,-0.168208,3.58965,0.943033,1,5.99222,15,0.869367,0.198611,0.124843,0.57145
16,-0.0712981,3.58958,1.0193,1,5.99222,15,0.869367,0.198611,0.124843,0.57145
615,0.0279992,3.58945,1.06041,1,5.99222,15,0.869367,0.198611,0.124843,0.57145
615,0.0279992,3.58945,1.06041,1,5.99222,15,0.869367,0.198611,0.124843,0.57145
186,0.125007,3.58934,1.07459,1,5.99222,15,0.869367,0.198611,0.124843,0.57145
186,0.125007,3.58934,1.07459,1,5.99222,15,0.869367,0.198611,0.124843,0.57145
1044,0.222052,3.58943,1.06052,1,5.99222,15,0.869367,0.198611,0.124843,0.57145
1044,0.222052,3.58943,1.06052,1,5.99222,15,0.869367,0.198611,0.124843,0.57145
38,0.321444,3.58957,1.01949,1,5.99222,15,0.869367,0.198611,0.124843,0.57145
38,0.321444,3.58957,1.01949,1,5.99222,15,0.869367,0.198611,0.124843,0.57145
664,0.418323,3.58969,0.943113,1,5.99222,15,0.869367,0.198611,0.124843,0.57145
664,0.418323,3.58969,0.943113,1,5.99222,15,0.869367,0.198611,0.124843,0.57145
235,0.50655,3.58971,0.837443,1,5.99222,15,0.869367,0.198611,0.124843,0.57145
235,0.50655,3.58971,0.837443,1,5.99222,15,0.869367,0.198611,0.124843,0.57145
1093,0.573176,3.58972,0.700217,1,5.99222,15,0.869367,0.198611,0.124843,0.57145
1093,0.573176,3.58972,0.700217,1,5.99222,15,0.869367,0.198611,0.124843,0.57145
60,0.607224,3.58998,0.538011,1,5.99222,15,0.869367,0.198611,0.124843,0.57145
1045,-0.278825,3.60531,0.691967,0,6.49222,15,0.88237,0.198611,0.124838,0.584453
59,-0.307602,3.60595,0.532014,0,6.49222,15,0.88237,0.198611,0.124838,0.584453
187,-0.233152,3.60514,0.833664,0,6.49222,15,0.88237,0.198611,0.124838,0.584453
1045,-0.278825,3.60531,0.691967,0,6.49222,15,0.88237,0.198611,0.124838,0.584453
616,-0.162538,3.60526,0.951446,0,6.49222,15,0.88237,0.198611,0.124838,0.584453
187,-0.233152,3.60514,0.833664,0,6.49222,15,0.88237,0.198611,0.124838,0.584453
16,-0.0746531,3.60553,1.04168,0,6.49222,15,0.88237,0.198611,0.124838,0.584453
616,-0.162538,3.60526,0.951446,0,6.49222,15,0.88237,0.198611,0.124838,0.584453
16,-0.0746531,3.60553,1.04168,0,6.49222,15,0.88237,0.198611,0.124838,0.584453
615,0.024614,3.60587,1.09299,0,6.49222,15,0.88237,0.198611,0.124838,0.584453
615,0.024614,3.60587,1.09299,0,6.49222,15,0.88237,0.198611,0.124838,0.584453
186,0.125004,3.60614,1.11043,0,6.49222,15,0.88237,0.198611,0.124838,0.584453
186,0.125004,3.60614,1.11043,0,6.49222,15,0.88237,0.198611,0.124838,0.584453
1044,0.225369,3.60585,1.09307,0,6.49222,15,0.88237,0.198611,0.124838,0.584453
1044,0.225369,3.60585,1.09307,0,6.49222,15,0.88237,0.198611,0.124838,0.584453
38,0.324697,3.60556,1.0417,0,6.49222,15,0.88237,0.198611,0.124838,0.584453
38,0.324697,3.60556,1.0417,0,6.49222,15,0.88237,0.198611,0.124838,0.584453
664,0.412541,3.60524,0.951451,0,6.49222,15,0.88237,0.198611,0.124838,0.584453
664,0.412541,3.60524,0.951451,0,6.49222,15,0.88237,0.198611,0.124838,0.584453
235,0.483179,3.60515,0.833603,0,6.49222,15,0.88237,0.198611,0.124838,0.584453
235,0.483179,3.60515,0.833603,0,6.49222,15,0.88237,0.198611,0.124838,0.584453
1093,0.528845,3.60527,0.691916,0,6.49222,15,0.88237,0.198611,0.124838,0.584453
1093,0.528845,3.60527,0.691916,0,6.49222,15,0.88237,0.198611,0.124838,0.584453
60,0.557648,3.60603,0.532022,0,6.49222,15,0.88237,0.198611,0.124838,0.584453
1045,-0.337207,3.61756,0.709163,1,6.49222,15,0.88237,0.198611,0.124838,0.584453
59,-0.3729,3.61756,0.543189,1,6.49222,15,0.88237,0.198611,0.124838,0.584453
187,-0.267095,3.61759,0.848476,1,6.49222,15,0.88237,0.198611,0.124838,0.584453
1045,-0.337207,3.61756,0.709163,1,6.49222,15,0.88237,0.198611,0.124838,0.584453
616,-0.174497,3.61762,0.954336,1,6.49222,15,0.88237,0.198611,0.124838,0.584453
187,-0.267095,3.61759,0.848476,1,6.49222,15,0.88237,0.198611,0.124838,0.584453
16,-0.073849,3.61757,1.02936,1,6.49222,15,0.88237,0.198611,0.124838,0.584453
616,-0.174497,3.61762,0.954336,1,6.49222,15,0.88237,0.198611,0.124838,0.584453
16,-0.073849,3.61757,1.02936,1,6.49222,15,0.88237,0.198611,0.124838,0.584453
615,0.0275292,3.6175,1.06912,1,6.49222,15,0.88237,0.198611,0.124838,0.584453
615,0.0275292,3.6175,1.06912,1,6.49222,15,0.88237,0.198611,0.124838,0.584453
186,0.125011,3.61743,1.08307,1,6.49222,15,0.88237,0.198611,0.124838,0.584453
186,0.125011,3.61743,1.08307,1,6.49222,15,0.88237,0.198611,0.124838,0.584453
1044,0.222526,3.61751,1.06927,1,6.49222,15,0.88237,0.198611,0.124838,0.584453
1044,0.222526,3.61751,1.06927,1,6.49222,15,0.88237,0.198611,0.124838,0.584453
38,0.324002,3.61761,1.0296,1,6.49222,15,0.88237,0.198611,0.124838,0.584453
38,0.324002,3.61761,1.0296,1,6.49222,15,0.88237,0.198611,0.124838,0.584453
664,0.424673,3.61766,0.954488,1,6.49222,15,0.88237,0.198611,0.124838,0.584453
664,0.424673,3.61766,0.954488,1,6.49222,15,0.88237,0.198611,0.124838,0.584453
235,0.517113,3.61764,0.848503,1,6.49222,15,0.88237,0.198611,0.124838,0.584453
235,0.517113,3.61764,0.848503,1,6.49222,15,0.88237,0.198611,0.124838,0.584453
1093,0.58702,3.61758,0.709195,1,6.49222,15,0.88237,0.198611,0.124838,0.584453
1093,0.58702,3.61758,0.709195,1,6.49222,15,0.88237,0.198611,0.124838,0.584453
60,0.622636,3.61779,0.543198,1,6.49222,15,0.88237,0.198611,0.124838,0.584453
1045,-0.284435,3.63396,0.698624,0,6.99222,15,0.893265,0.198611,0.124843,0.595349
59,-0.315637,3.6344,0.536396,0,6.99222,15,0.893265,0.198611,0.124843,0.595349
187,-0.237383,3.63393,0.841787,0,6.99222,15,0.893265,0.198611,0.124843,0.595349
1045,-0.284435,3.63396,0.698624,0,6.99222,15,0.893265,0.198611,0.124843,0.595349
616,-0.165222,3.63405,0.960515,0,6.99222,15,0.893265,0.198611,0.124843,0.595349
187,-0.237383,3.63393,0.841787,0,6.99222,15,0.893265,0.198611,0.124843,0.595349
16,-0.0757826,3.63434,1.05117,0,6.99222,15,0.893265,0.198611,0.124843,0.595349
616,-0.165222,3.63405,0.960515,0,6.99222,15,0.893265,0.198611,0.124843,0.595349
16,-0.0757826,3.63434,1.05117,0,6.99222,15,0.893265,0.198611,0.124843,0.595349
615,0.0244262,3.63464,1.1028,0,6.99222,15,0.893265,0.198611,0.124843,0.595349
615,0.0244262,3.63464,1.1028,0,6.99222,15,0.893265,0.198611,0.124843,0.595349
186,0.124982,3.63486,1.1205,0,6.99222,15,0.893265,0.198611,0.124843,0.595349
186,0.124982,3.63486,1.1205,0,6.99222,15,0.893265,0.198611,0.124843,0.595349
1044,0.225628,3.63465,1.10274,0,6.99222,15,0.893265,0.198611,0.124843,0.595349
1044,0.225628,3.63465,1.10274,0,6.99222,15,0.893265,0.198611,0.124843,0.595349
38,0.325938,3.63436,1.05119,0,6.99222,15,0.893265,0.198611,0.124843,0.595349
38,0.325938,3.63436,1.05119,0,6.99222,15,0.893265,0.198611,0.124843,0.595349
664,0.415339,3.63403,0.960588,0,6.99222,15,0.893265,0.198611,0.124843,0.595349
664,0.415339,3.63403,0.960588,0,6.99222,15,0.893265,0.198611,0.124843,0.595349
235,0.487454,3.63391,0.841782,0,6.99222,15,0.893265,0.198611,0.124843,0.595349
235,0.487454,3.63391,0.841782,0,6.99222,15,0.893265,0.198611,0.124843,0.595349
1093,0.534485,3.63386,0.698637,0,6.99222,15,0.893265,0.198611,0.124843,0.595349
1093,0.534485,3.63386,0.698637,0,6.99222,15,0.893265,0.198611,0.124843,0.595349
60,0.565678,3.63458,0.536437,0,6.99222,15,0.893265,0.198611,0.124843,0.595349
1045,-0.345701,3.64508,0.716527,1,6.99222,15,0.893265,0.198611,0.124843,0.595349
59,-0.383083,3.64501,0.547433,1,6.99222,15,0.893265,0.198611,0.124843,0.595349
187,-0.273618,3.64519,0.85771,1,6.99222,15,0.893265,0.198611,0.124843,0.595349
1045,-0.345701,3.64508,0.716527,1,6.99222,15,0.893265,0.198611,0.124843,0.595349
616,-0.178727,3.64525,0.96446,1,6.99222,15,0.893265,0.198611,0.124843,0.595349
187,-0.273618,3.64519,0.85771,1,6.99222,15,0.893265,0.198611,0.124843,0.595349
16,-0.0759887,3.64523,1.03966,1,6.99222,15,0.893265,0.198611,0.124843,0.595349
616,-0.178727,3.64525,0.96446,1,6.99222,15,0.893265,0.198611,0.124843,0.595349
16,-0.0759887,3.64523,1.03966,1,6.99222,15,0.893265,0.198611,0.124843,0.595349
615,0.0269236,3.64516,1.07946,1,6.99222,15,0.893265,0.198611,0.124843,0.595349
615,0.0269236,3.64516,1.07946,1,6.99222,15,0.893265,0.198611,0.124843,0.595349
186,0.125091,3.64511,1.0937,1,6.99222,15,0.893265,0.198611,0.124843,0.595349
186,0.125091,3.64511,1.0937,1,6.99222,15,0.893265,0.198611,0.124843,0.595349
1044,0.223317,3.64519,1.07962,1,6.99222,15,0.893265,0.198611,0.124843,0.595349
1044,0.223317,3.64519,1.07962,1,6.99222,15,0.893265,0.198611,0.124843,0.595349
38,0.326331,3.64528,1.03992,1,6.99222,15,0.893265,0.198611,0.124843,0.595349
38,0.326331,3.64528,1.03992,1,6.99222,15,0.893265,0.198611,0.124843,0.595349
664,0.429075,3.64533,0.964621,1,6.99222,15,0.893265,0.198611,0.124843,0.595349
664,0.429075,3.64533,0.964621,1,6.99222,15,0.893265,0.198611,0.124843,0.595349
235,0.523816,3.64528,0.857756,1,6.99222,15,0.893265,0.198611,0.124843,0.595349
235,0.523816,3.64528,0.857756,1,6.99222,15,0.893265,0.198611,0.124843,0.595349
1093,0.595755,3.64517,0.716588,1,6.99222,15,0.893265,0.198611,0.124843,0.595349
1093,0.595755,3.64517,0.716588,1,6.99222,15,0.893265,0.198611,0.124843,0.595349
60,0.633049,3.6453,0.547481,1,6.99222,15,0.893265,0.198611,0.124843,0.595349
1045,-0.289082,3.66304,0.705398,0,7.49222,15,0.904601,0.198611,0.124825,0.606685
59,-0.322318,3.66342,0.541094,0,7.49222,15,0.904601,0.198611,0.124825,0.606685
187,-0.24132,3.66304,0.850005,0,7.49222,15,0.904601,0.198611,0.124825,0.606685
1045,-0.289082,3.66304,0.705398,0,7.49222,15,0.904601,0.198611,0.124825,0.606685
616,-0.168197,3.66326,0.969969,0,7.49222,15,0.904601,0.198611,0.124825,0.606685
187,-0.24132,3.66304,0.850005,0,7.49222,15,0.904601,0.198611,0.124825,0.606685
16,-0.0775362,3.66364,1.06115,0,7.49222,15,0.904601,0.198611,0.124825,0.606685
616,-0.168197,3.66326,0.969969,0,7.49222,15,0.904601,0.198611,0.124825,0.606685
16,-0.0775362,3.66364,1.06115,0,7.49222,15,0.904601,0.198611,0.124825,0.606685
615,0.023841,3.66401,1.1131,0,7.49222,15,0.904601,0.198611,0.124825,0.606685
615,0.023841,3.66401,1.1131,0,7.49222,15,0.904601,0.198611,0.124825,0.606685
186,0.125013,3.66424,1.13111,0,7.49222,15,0.904601,0.198611,0.124825,0.606685
186,0.125013,3.66424,1.13111,0,7.49222,15,0.904601,0.198611,0.124825,0.606685
1044,0.226185,3.66401,1.11309,0,7.49222,15,0.904601,0.198611,0.124825,0.606685
1044,0.226185,3.66401,1.11309,0,7.49222,15,0.904601,0.198611,0.124825,0.606685
38,0.327545,3.66363,1.06105,0,7.49222,15,0.904601,0.198611,0.124825,0.606685
38,0.327545,3.66363,1.06105,0,7.49222,15,0.904601,0.198611,0.124825,0.606685
664,0.418184,3.66327,0.969884,0,7.49222,15,0.904601,0.198611,0.124825,0.606685
664,0.418184,3.66327,0.969884,0,7.49222,15,0.904601,0.198611,0.124825,0.606685
235,0.491372,3.66305,0.849968,0,7.49222,15,0.904601,0.198611,0.124825,0.606685
235,0.491372,3.66305,0.849968,0,7.49222,15,0.904601,0.198611,0.124825,0.606685
1093,0.53912,3.66291,0.705358,0,7.49222,15,0.904601,0.198611,0.124825,0.606685
1093,0.53912,3.66291,0.705358,0,7.49222,15,0.904601,0.198611,0.124825,0.606685
60,0.572341,3.66357,0.541107,0,7.49222,15,0.904601,0.198611,0.124825,0.606685
1045,-0.354166,3.67142,0.723188,1,7.49222,15,0.904601,0.198611,0.124825,0.606685
59,-0.393303,3.67124,0.551185,1,7.49222,15,0.904601,0.198611,0.124825,0.606685
187,-0.280068,3.6716,0.866095,1,7.49222,15,0.904601,0.198611,0.124825,0.606685
1045,-0.354166,3.67142,0.723188,1,7.49222,15,0.904601,0.198611,0.124825,0.606685
616,-0.182903,3.67173,0.973632,1,7.49222,15,0.904601,0.198611,0.124825,0.606685
187,-0.280068,3.6716,0.866095,1,7.49222,15,0.904601,0.198611,0.124825,0.606685
16,-0.0781636,3.67175,1.04897,1,7.49222,15,0.904601,0.198611,0.124825,0.606685
616,-0.182903,3.67173,0.973632,1,7.49222,15,0.904601,0.198611,0.124825,0.606685
16,-0.0781636,3.67175,1.04897,1,7.49222,15,0.904601,0.198611,0.124825,0.606685
615,0.0262176,3.67171,1.08887,1,7.49222,15,0.904601,0.198611,0.124825,0.606685
615,0.0262176,3.67171,1.08887,1,7.49222,15,0.904601,0.198611,0.124825,0.606685
186,0.125124,3.67167,1.10343,1,7.49222,15,0.904601,0.198611,0.124825,0.606685
186,0.125124,3.67167,1.10343,1,7.49222,15,0.904601,0.198611,0.124825,0.606685
1044,0.224068,3.67174,1.08905,1,7.49222,15,0.904601,0.198611,0.124825,0.606685
1044,0.224068,3.67174,1.08905,1,7.49222,15,0.904601,0.198611,0.124825,0.606685
38,0.328545,3.67181,1.04924,1,7.49222,15,0.904601,0.198611,0.124825,0.606685
38,0.328545,3.67181,1.04924,1,7.49222,15,0.904601,0.198611,0.124825,0.606685
664,0.433288,3.6718,0.973807,1,7.49222,15,0.904601,0.198611,0.124825,0.606685
664,0.433288,3.6718,0.973807,1,7.49222,15,0.904601,0.198611,0.124825,0.606685
235,0.530302,3.67168,0.866155,1,7.49222,15,0.904601,0.198611,0.124825,0.606685
235,0.530302,3.67168,0.866155,1,7.49222,15,0.904601,0.198611,0.124825,0.606685
1093,0.60422,3.6715,0.723256,1,7.49222,15,0.904601,0.198611,0.124825,0.606685
1093,0.60422,3.6715,0.723256,1,7.49222,15,0.904601,0.198611,0.124825,0.606685
60,0.643275,3.67158,0.551252,1,7.49222,15,0.904601,0.198611,0.124825,0.606685
