id,x,y,z,ablated,v,bulkheadyoungs,nickdepth,nickw,nickc,bbmin
1045,-0.251064,3.43052,0.639087,0,3.49222,7,0.705148,0.134028,0.12484,0.504106
59,-0.271261,3.43094,0.496722,0,3.49222,7,0.705148,0.134028,0.12484,0.504106
187,-0.210552,3.43014,0.770943,0,3.49222,7,0.705148,0.134028,0.12484,0.504106
1045,-0.251064,3.43052,0.639087,0,3.49222,7,0.705148,0.134028,0.12484,0.504106
616,-0.147411,3.42983,0.882755,0,3.49222,7,0.705148,0.134028,0.12484,0.504106
187,-0.210552,3.43014,0.770943,0,3.49222,7,0.705148,0.134028,0.12484,0.504106
16,-0.0679654,3.42953,0.971481,0,3.49222,7,0.705148,0.134028,0.12484,0.504106
616,-0.147411,3.42983,0.882755,0,3.49222,7,0.705148,0.134028,0.12484,0.504106
16,-0.0679654,3.42953,0.971481,0,3.49222,7,0.705148,0.134028,0.12484,0.504106
615,0.0257083,3.4293,1.02268,0,3.49222,7,0.705148,0.134028,0.12484,0.504106
615,0.0257083,3.4293,1.02268,0,3.49222,7,0.705148,0.134028,0.12484,0.504106
186,0.125033,3.4293,1.03912,0,3.49222,7,0.705148,0.134028,0.12484,0.504106
186,0.125033,3.4293,1.03912,0,3.49222,7,0.705148,0.134028,0.12484,0.504106
1044,0.22433,3.42929,1.02265,0,3.49222,7,0.705148,0.134028,0.12484,0.504106
1044,0.22433,3.42929,1.02265,0,3.49222,7,0.705148,0.134028,0.12484,0.504106
38,0.318006,3.42954,0.971534,0,3.49222,7,0.705148,0.134028,0.12484,0.504106
38,0.318006,3.42954,0.971534,0,3.49222,7,0.705148,0.134028,0.12484,0.504106
664,0.397428,3.42983,0.882839,0,3.49222,7,0.705148,0.134028,0.12484,0.504106
664,0.397428,3.42983,0.882839,0,3.49222,7,0.705148,0.134028,0.12484,0.504106
235,0.460495,3.4301,0.771023,0,3.49222,7,0.705148,0.134028,0.12484,0.504106
235,0.460495,3.4301,0.771023,0,3.49222,7,0.705148,0.134028,0.12484,0.504106
1093,0.501055,3.43051,0.639156,0,3.49222,7,0.705148,0.134028,0.12484,0.504106
1093,0.501055,3.43051,0.639156,0,3.49222,7,0.705148,0.134028,0.12484,0.504106
60,0.521249,3.43096,0.496751,0,3.49222,7,0.705148,0.134028,0.12484,0.504106
1045,-0.257982,3.43493,0.642454,1,3.49222,7,0.705148,0.134028,0.12484,0.504106
59,-0.281305,3.43509,0.500278,1,3.49222,7,0.705148,0.134028,0.12484,0.504106
187,-0.213193,3.43467,0.77278,1,3.49222,7,0.705148,0.134028,0.12484,0.504106
1045,-0.257982,3.43493,0.642454,1,3.49222,7,0.705148,0.134028,0.12484,0.504106
616,-0.147334,3.43437,0.881904,1,3.49222,7,0.705148,0.134028,0.12484,0.504106
187,-0.213193,3.43467,0.77278,1,3.49222,7,0.705148,0.134028,0.12484,0.504106
16,-0.0668113,3.43406,0.96806,1,3.49222,7,0.705148,0.134028,0.12484,0.504106
616,-0.147334,3.43437,0.881904,1,3.49222,7,0.705148,0.134028,0.12484,0.504106
16,-0.0668113,3.43406,0.96806,1,3.49222,7,0.705148,0.134028,0.12484,0.504106
615,0.0265327,3.43384,1.01738,1,3.49222,7,0.705148,0.134028,0.12484,0.504106
615,0.0265327,3.43384,1.01738,1,3.49222,7,0.705148,0.134028,0.12484,0.504106
186,0.125017,3.43376,1.03331,1,3.49222,7,0.705148,0.134028,0.12484,0.504106
186,0.125017,3.43376,1.03331,1,3.49222,7,0.705148,0.134028,0.12484,0.504106
1044,0.223498,3.43384,1.01734,1,3.49222,7,0.705148,0.134028,0.12484,0.504106
1044,0.223498,3.43384,1.01734,1,3.49222,7,0.705148,0.134028,0.12484,0.504106
38,0.316816,3.43405,0.968008,1,3.49222,7,0.705148,0.134028,0.12484,0.504106
38,0.316816,3.43405,0.968008,1,3.49222,7,0.705148,0.134028,0.12484,0.504106
664,0.397312,3.43437,0.881844,1,3.49222,7,0.705148,0.134028,0.12484,0.504106
664,0.397312,3.43437,0.881844,1,3.49222,7,0.705148,0.134028,0.12484,0.504106
235,0.463169,3.43467,0.772744,1,3.49222,7,0.705148,0.134028,0.12484,0.504106
235,0.463169,3.43467,0.772744,1,3.49222,7,0.705148,0.134028,0.12484,0.504106
1093,0.507981,3.43493,0.642454,1,3.49222,7,0.705148,0.134028,0.12484,0.504106
1093,0.507981,3.43493,0.642454,1,3.49222,7,0.705148,0.134028,0.12484,0.504106
60,0.531324,3.43509,0.500298,1,3.49222,7,0.705148,0.134028,0.12484,0.504106
1045,-0.259041,3.45096,0.647387,0,3.99222,7,0.724061,0.134028,0.124843,0.52302
59,-0.279852,3.45111,0.499701,0,3.99222,7,0.724061,0.134028,0.124843,0.52302
187,-0.217905,3.45113,0.782737,0,3.99222,7,0.724061,0.134028,0.124843,0.52302
1045,-0.259041,3.45096,0.647387,0,3.99222,7,0.724061,0.134028,0.124843,0.52302
616,-0.152696,3.45141,0.896463,0,3.99222,7,0.724061,0.134028,0.124843,0.52302
187,-0.217905,3.45113,0.782737,0,3.99222,7,0.724061,0.134028,0.124843,0.52302
16,-0.0701892,3.45175,0.984967,0,3.99222,7,0.724061,0.134028,0.124843,0.52302
616,-0.152696,3.45141,0.896463,0,3.99222,7,0.724061,0.134028,0.124843,0.52302
16,-0.0701892,3.45175,0.984967,0,3.99222,7,0.724061,0.134028,0.124843,0.52302
615,0.0254958,3.45177,1.03523,0,3.99222,7,0.724061,0.134028,0.124843,0.52302
615,0.0254958,3.45177,1.03523,0,3.99222,7,0.724061,0.134028,0.124843,0.52302
186,0.125123,3.452,1.05121,0,3.99222,7,0.724061,0.134028,0.124843,0.52302
186,0.125123,3.452,1.05121,0,3.99222,7,0.724061,0.134028,0.124843,0.52302
1044,0.224617,3.4519,1.03518,0,3.99222,7,0.724061,0.134028,0.124843,0.52302
1044,0.224617,3.4519,1.03518,0,3.99222,7,0.724061,0.134028,0.124843,0.52302
38,0.320202,3.45185,0.984978,0,3.99222,7,0.724061,0.134028,0.124843,0.52302
38,0.320202,3.45185,0.984978,0,3.99222,7,0.724061,0.134028,0.124843,0.52302
664,0.402834,3.45139,0.896319,0,3.99222,7,0.724061,0.134028,0.124843,0.52302
664,0.402834,3.45139,0.896319,0,3.99222,7,0.724061,0.134028,0.124843,0.52302
235,0.46802,3.45112,0.782652,0,3.99222,7,0.724061,0.134028,0.124843,0.52302
235,0.46802,3.45112,0.782652,0,3.99222,7,0.724061,0.134028,0.124843,0.52302
1093,0.508981,3.4511,0.647417,0,3.99222,7,0.724061,0.134028,0.124843,0.52302
1093,0.508981,3.4511,0.647417,0,3.99222,7,0.724061,0.134028,0.124843,0.52302
60,0.529828,3.45109,0.499705,0,3.99222,7,0.724061,0.134028,0.124843,0.52302
1045,-0.270386,3.46181,0.654095,1,3.99222,7,0.724061,0.134028,0.124843,0.52302
59,-0.29586,3.46196,0.506313,1,3.99222,7,0.724061,0.134028,0.124843,0.52302
187,-0.221575,3.46157,0.786555,1,3.99222,7,0.724061,0.134028,0.124843,0.52302
1045,-0.270386,3.46181,0.654095,1,3.99222,7,0.724061,0.134028,0.124843,0.52302
616,-0.15185,3.46129,0.895864,1,3.99222,7,0.724061,0.134028,0.124843,0.52302
187,-0.221575,3.46157,0.786555,1,3.99222,7,0.724061,0.134028,0.124843,0.52302
16,-0.0680994,3.461,0.98095,1,3.99222,7,0.724061,0.134028,0.124843,0.52302
616,-0.15185,3.46129,0.895864,1,3.99222,7,0.724061,0.134028,0.124843,0.52302
16,-0.0680994,3.461,0.98095,1,3.99222,7,0.724061,0.134028,0.124843,0.52302
615,0.0266288,3.46079,1.02937,1,3.99222,7,0.724061,0.134028,0.124843,0.52302
615,0.0266288,3.46079,1.02937,1,3.99222,7,0.724061,0.134028,0.124843,0.52302
186,0.125011,3.46071,1.045,1,3.99222,7,0.724061,0.134028,0.124843,0.52302
186,0.125011,3.46071,1.045,1,3.99222,7,0.724061,0.134028,0.124843,0.52302
1044,0.223386,3.46079,1.02932,1,3.99222,7,0.724061,0.134028,0.124843,0.52302
1044,0.223386,3.46079,1.02932,1,3.99222,7,0.724061,0.134028,0.124843,0.52302
38,0.318091,3.461,0.980876,1,3.99222,7,0.724061,0.134028,0.124843,0.52302
38,0.318091,3.461,0.980876,1,3.99222,7,0.724061,0.134028,0.124843,0.52302
664,0.40181,3.46128,0.895792,1,3.99222,7,0.724061,0.134028,0.124843,0.52302
664,0.40181,3.46128,0.895792,1,3.99222,7,0.724061,0.134028,0.124843,0.52302
235,0.471538,3.46156,0.78651,1,3.99222,7,0.724061,0.134028,0.124843,0.52302
235,0.471538,3.46156,0.78651,1,3.99222,7,0.724061,0.134028,0.124843,0.52302
1093,0.52038,3.46181,0.654087,1,3.99222,7,0.724061,0.134028,0.124843,0.52302
1093,0.52038,3.46181,0.654087,1,3.99222,7,0.724061,0.134028,0.124843,0.52302
60,0.545905,3.46196,0.50635,1,3.99222,7,0.724061,0.134028,0.124843,0.52302
1045,-0.267857,3.48074,0.658664,0,4.49222,7,0.742599,0.134028,0.12484,0.541557
59,-0.290711,3.48139,0.506022,0,4.49222,7,0.742599,0.134028,0.12484,0.541557
187,-0.224778,3.48054,0.796394,0,4.49222,7,0.742599,0.134028,0.12484,0.541557
1045,-0.267857,3.48074,0.658664,0,4.49222,7,0.742599,0.134028,0.12484,0.541557
616,-0.15722,3.4806,0.911465,0,4.49222,7,0.742599,0.134028,0.12484,0.541557
187,-0.224778,3.48054,0.796394,0,4.49222,7,0.742599,0.134028,0.12484,0.541557
16,-0.0721444,3.481,1.00021,0,4.49222,7,0.742599,0.134028,0.12484,0.541557
616,-0.15722,3.4806,0.911465,0,4.49222,7,0.742599,0.134028,0.12484,0.541557
16,-0.0721444,3.481,1.00021,0,4.49222,7,0.742599,0.134028,0.12484,0.541557
615,0.0250631,3.48134,1.05037,0,4.49222,7,0.742599,0.134028,0.12484,0.541557
615,0.0250631,3.48134,1.05037,0,4.49222,7,0.742599,0.134028,0.12484,0.541557
186,0.125013,3.48159,1.06648,0,4.49222,7,0.742599,0.134028,0.12484,0.541557
186,0.125013,3.48159,1.06648,0,4.49222,7,0.742599,0.134028,0.12484,0.541557
1044,0.224865,3.48138,1.05039,0,4.49222,7,0.742599,0.134028,0.12484,0.541557
1044,0.224865,3.48138,1.05039,0,4.49222,7,0.742599,0.134028,0.12484,0.541557
38,0.322193,3.48103,1.00014,0,4.49222,7,0.742599,0.134028,0.12484,0.541557
38,0.322193,3.48103,1.00014,0,4.49222,7,0.742599,0.134028,0.12484,0.541557
664,0.407117,3.48062,0.911446,0,4.49222,7,0.742599,0.134028,0.12484,0.541557
664,0.407117,3.48062,0.911446,0,4.49222,7,0.742599,0.134028,0.12484,0.541557
235,0.474858,3.48059,0.796433,0,4.49222,7,0.742599,0.134028,0.12484,0.541557
235,0.474858,3.48059,0.796433,0,4.49222,7,0.742599,0.134028,0.12484,0.541557
1093,0.517873,3.4807,0.658682,0,4.49222,7,0.742599,0.134028,0.12484,0.541557
1093,0.517873,3.4807,0.658682,0,4.49222,7,0.742599,0.134028,0.12484,0.541557
60,0.540702,3.48141,0.506073,0,4.49222,7,0.742599,0.134028,0.12484,0.541557
1045,-0.282111,3.49267,0.664715,1,4.49222,7,0.742599,0.134028,0.12484,0.541557
59,-0.309957,3.49284,0.511831,1,4.49222,7,0.742599,0.134028,0.12484,0.541557
187,-0.230025,3.49243,0.799649,1,4.49222,7,0.742599,0.134028,0.12484,0.541557
1045,-0.282111,3.49267,0.664715,1,4.49222,7,0.742599,0.134028,0.12484,0.541557
616,-0.15688,3.49217,0.909823,1,4.49222,7,0.742599,0.134028,0.12484,0.541557
187,-0.230025,3.49243,0.799649,1,4.49222,7,0.742599,0.134028,0.12484,0.541557
16,-0.0700875,3.4919,0.994562,1,4.49222,7,0.742599,0.134028,0.12484,0.541557
616,-0.15688,3.49217,0.909823,1,4.49222,7,0.742599,0.134028,0.12484,0.541557
16,-0.0700875,3.4919,0.994562,1,4.49222,7,0.742599,0.134028,0.12484,0.541557
615,0.0263938,3.49171,1.04261,1,4.49222,7,0.742599,0.134028,0.12484,0.541557
615,0.0263938,3.49171,1.04261,1,4.49222,7,0.742599,0.134028,0.12484,0.541557
186,0.125018,3.49164,1.05832,1,4.49222,7,0.742599,0.134028,0.12484,0.541557
186,0.125018,3.49164,1.05832,1,4.49222,7,0.742599,0.134028,0.12484,0.541557
1044,0.223636,3.49172,1.04256,1,4.49222,7,0.742599,0.134028,0.12484,0.541557
1044,0.223636,3.49172,1.04256,1,4.49222,7,0.742599,0.134028,0.12484,0.541557
38,0.320094,3.4919,0.994486,1,4.49222,7,0.742599,0.134028,0.12484,0.541557
38,0.320094,3.4919,0.994486,1,4.49222,7,0.742599,0.134028,0.12484,0.541557
664,0.406857,3.49217,0.909744,1,4.49222,7,0.742599,0.134028,0.12484,0.541557
664,0.406857,3.49217,0.909744,1,4.49222,7,0.742599,0.134028,0.12484,0.541557
235,0.480005,3.49243,0.799611,1,4.49222,7,0.742599,0.134028,0.12484,0.541557
235,0.480005,3.49243,0.799611,1,4.49222,7,0.742599,0.134028,0.12484,0.541557
1093,0.532142,3.49268,0.664717,1,4.49222,7,0.742599,0.134028,0.12484,0.541557
1093,0.532142,3.49268,0.664717,1,4.49222,7,0.742599,0.134028,0.12484,0.541557
60,0.560042,3.49285,0.511872,1,4.49222,7,0.742599,0.134028,0.12484,0.541557
1045,-0.276687,3.50984,0.666784,0,4.99222,7,0.755881,0.134028,0.124833,0.554839
59,-0.303766,3.51047,0.510913,0,4.99222,7,0.755881,0.134028,0.124833,0.554839
187,-0.231463,3.50966,0.806487,0,4.99222,7,0.755881,0.134028,0.124833,0.554839
1045,-0.276687,3.50984,0.666784,0,4.99222,7,0.755881,0.134028,0.124833,0.554839
616,-0.161511,3.50966,0.922816,0,4.99222,7,0.755881,0.134028,0.124833,0.554839
187,-0.231463,3.50966,0.806487,0,4.99222,7,0.755881,0.134028,0.124833,0.554839
16,-0.0740815,3.50993,1.01196,0,4.99222,7,0.755881,0.134028,0.124833,0.554839
616,-0.161511,3.50966,0.922816,0,4.99222,7,0.755881,0.134028,0.124833,0.554839
16,-0.0740815,3.50993,1.01196,0,4.99222,7,0.755881,0.134028,0.124833,0.554839
615,0.0247149,3.51022,1.06247,0,4.99222,7,0.755881,0.134028,0.124833,0.554839
615,0.0247149,3.51022,1.06247,0,4.99222,7,0.755881,0.134028,0.124833,0.554839
186,0.125018,3.51031,1.0788,0,4.99222,7,0.755881,0.134028,0.124833,0.554839
186,0.125018,3.51031,1.0788,0,4.99222,7,0.755881,0.134028,0.124833,0.554839
1044,0.225307,3.5102,1.06235,0,4.99222,7,0.755881,0.134028,0.124833,0.554839
1044,0.225307,3.5102,1.06235,0,4.99222,7,0.755881,0.134028,0.124833,0.554839
38,0.324154,3.50985,1.01186,0,4.99222,7,0.755881,0.134028,0.124833,0.554839
38,0.324154,3.50985,1.01186,0,4.99222,7,0.755881,0.134028,0.124833,0.554839
664,0.411557,3.50967,0.922727,0,4.99222,7,0.755881,0.134028,0.124833,0.554839
664,0.411557,3.50967,0.922727,0,4.99222,7,0.755881,0.134028,0.124833,0.554839
235,0.481443,3.50971,0.806446,0,4.99222,7,0.755881,0.134028,0.124833,0.554839
235,0.481443,3.50971,0.806446,0,4.99222,7,0.755881,0.134028,0.124833,0.554839
1093,0.526726,3.50986,0.666828,0,4.99222,7,0.755881,0.134028,0.124833,0.554839
1093,0.526726,3.50986,0.666828,0,4.99222,7,0.755881,0.134028,0.124833,0.554839
60,0.553772,3.51045,0.511006,0,4.99222,7,0.755881,0.134028,0.124833,0.554839
1045,-0.297024,3.52347,0.675052,1,4.99222,7,0.755881,0.134028,0.124833,0.554839
59,-0.327903,3.52361,0.517124,1,4.99222,7,0.755881,0.134028,0.124833,0.554839
187,-0.240128,3.52328,0.812181,1,4.99222,7,0.755881,0.134028,0.124833,0.554839
1045,-0.297024,3.52347,0.675052,1,4.99222,7,0.755881,0.134028,0.124833,0.554839
616,-0.162401,3.5231,0.922499,1,4.99222,7,0.755881,0.134028,0.124833,0.554839
187,-0.240128,3.52328,0.812181,1,4.99222,7,0.755881,0.134028,0.124833,0.554839
16,-0.0721227,3.52288,1.00627,1,4.99222,7,0.755881,0.134028,0.124833,0.554839
616,-0.162401,3.5231,0.922499,1,4.99222,7,0.755881,0.134028,0.124833,0.554839
16,-0.0721227,3.52288,1.00627,1,4.99222,7,0.755881,0.134028,0.124833,0.554839
615,0.0261748,3.52273,1.05368,1,4.99222,7,0.755881,0.134028,0.124833,0.554839
615,0.0261748,3.52273,1.05368,1,4.99222,7,0.755881,0.134028,0.124833,0.554839
186,0.125039,3.52267,1.06957,1,4.99222,7,0.755881,0.134028,0.124833,0.554839
186,0.125039,3.52267,1.06957,1,4.99222,7,0.755881,0.134028,0.124833,0.554839
1044,0.223966,3.52273,1.05398,1,4.99222,7,0.755881,0.134028,0.124833,0.554839
1044,0.223966,3.52273,1.05398,1,4.99222,7,0.755881,0.134028,0.124833,0.554839
38,0.322452,3.52289,1.00677,1,4.99222,7,0.755881,0.134028,0.124833,0.554839
38,0.322452,3.52289,1.00677,1,4.99222,7,0.755881,0.134028,0.124833,0.554839
664,0.412913,3.5231,0.922998,1,4.99222,7,0.755881,0.134028,0.124833,0.554839
664,0.412913,3.5231,0.922998,1,4.99222,7,0.755881,0.134028,0.124833,0.554839
235,0.490542,3.52328,0.812454,1,4.99222,7,0.755881,0.134028,0.124833,0.554839
235,0.490542,3.52328,0.812454,1,4.99222,7,0.755881,0.134028,0.124833,0.554839
1093,0.546971,3.52347,0.675126,1,4.99222,7,0.755881,0.134028,0.124833,0.554839
1093,0.546971,3.52347,0.675126,1,4.99222,7,0.755881,0.134028,0.124833,0.554839
60,0.577545,3.52361,0.517257,1,4.99222,7,0.755881,0.134028,0.124833,0.554839
1045,-0.285448,3.54272,0.674797,0,5.49222,7,0.77141,0.134028,0.124849,0.570369
59,-0.315259,3.54337,0.51523,0,5.49222,7,0.77141,0.134028,0.124849,0.570369
187,-0.238104,3.54254,0.816873,0,5.49222,7,0.77141,0.134028,0.124849,0.570369
1045,-0.285448,3.54272,0.674797,0,5.49222,7,0.77141,0.134028,0.124849,0.570369
616,-0.16585,3.54261,0.93466,0,5.49222,7,0.77141,0.134028,0.124849,0.570369
187,-0.238104,3.54254,0.816873,0,5.49222,7,0.77141,0.134028,0.124849,0.570369
16,-0.0764091,3.54284,1.0247,0,5.49222,7,0.77141,0.134028,0.124849,0.570369
616,-0.16585,3.54261,0.93466,0,5.49222,7,0.77141,0.134028,0.124849,0.570369
16,-0.0764091,3.54284,1.0247,0,5.49222,7,0.77141,0.134028,0.124849,0.570369
615,0.0240508,3.54308,1.07597,0,5.49222,7,0.77141,0.134028,0.124849,0.570369
615,0.0240508,3.54308,1.07597,0,5.49222,7,0.77141,0.134028,0.124849,0.570369
186,0.125058,3.54325,1.09286,0,5.49222,7,0.77141,0.134028,0.124849,0.570369
186,0.125058,3.54325,1.09286,0,5.49222,7,0.77141,0.134028,0.124849,0.570369
1044,0.22604,3.5431,1.07593,0,5.49222,7,0.77141,0.134028,0.124849,0.570369
1044,0.22604,3.5431,1.07593,0,5.49222,7,0.77141,0.134028,0.124849,0.570369
38,0.326581,3.54286,1.02475,0,5.49222,7,0.77141,0.134028,0.124849,0.570369
38,0.326581,3.54286,1.02475,0,5.49222,7,0.77141,0.134028,0.124849,0.570369
664,0.415924,3.54261,0.934638,0,5.49222,7,0.77141,0.134028,0.124849,0.570369
664,0.415924,3.54261,0.934638,0,5.49222,7,0.77141,0.134028,0.124849,0.570369
235,0.488183,3.54257,0.816905,0,5.49222,7,0.77141,0.134028,0.124849,0.570369
235,0.488183,3.54257,0.816905,0,5.49222,7,0.77141,0.134028,0.124849,0.570369
1093,0.535569,3.54271,0.674814,0,5.49222,7,0.77141,0.134028,0.124849,0.570369
1093,0.535569,3.54271,0.674814,0,5.49222,7,0.77141,0.134028,0.124849,0.570369
60,0.565316,3.54338,0.515235,0,5.49222,7,0.77141,0.134028,0.124849,0.570369
1045,-0.312502,3.55323,0.684749,1,5.49222,7,0.77141,0.134028,0.124849,0.570369
59,-0.345955,3.55325,0.522016,1,5.49222,7,0.77141,0.134028,0.124849,0.570369
187,-0.251332,3.55316,0.824419,1,5.49222,7,0.77141,0.134028,0.124849,0.570369
1045,-0.312502,3.55323,0.684749,1,5.49222,7,0.77141,0.134028,0.124849,0.570369
616,-0.168938,3.55307,0.93524,1,5.49222,7,0.77141,0.134028,0.124849,0.570369
187,-0.251332,3.55316,0.824419,1,5.49222,7,0.77141,0.134028,0.124849,0.570369
16,-0.0748526,3.55292,1.01816,1,5.49222,7,0.77141,0.134028,0.124849,0.570369
616,-0.168938,3.55307,0.93524,1,5.49222,7,0.77141,0.134028,0.124849,0.570369
16,-0.0748526,3.55292,1.01816,1,5.49222,7,0.77141,0.134028,0.124849,0.570369
615,0.0256437,3.5528,1.06476,1,5.49222,7,0.77141,0.134028,0.124849,0.570369
615,0.0256437,3.5528,1.06476,1,5.49222,7,0.77141,0.134028,0.124849,0.570369
186,0.125006,3.55276,1.08056,1,5.49222,7,0.77141,0.134028,0.124849,0.570369
186,0.125006,3.55276,1.08056,1,5.49222,7,0.77141,0.134028,0.124849,0.570369
1044,0.22437,3.55281,1.06475,1,5.49222,7,0.77141,0.134028,0.124849,0.570369
1044,0.22437,3.55281,1.06475,1,5.49222,7,0.77141,0.134028,0.124849,0.570369
38,0.324865,3.55293,1.01815,1,5.49222,7,0.77141,0.134028,0.124849,0.570369
38,0.324865,3.55293,1.01815,1,5.49222,7,0.77141,0.134028,0.124849,0.570369
664,0.418955,3.55307,0.935242,1,5.49222,7,0.77141,0.134028,0.124849,0.570369
664,0.418955,3.55307,0.935242,1,5.49222,7,0.77141,0.134028,0.124849,0.570369
235,0.501358,3.55316,0.82443,1,5.49222,7,0.77141,0.134028,0.124849,0.570369
235,0.501358,3.55316,0.82443,1,5.49222,7,0.77141,0.134028,0.124849,0.570369
1093,0.562507,3.55324,0.684762,1,5.49222,7,0.77141,0.134028,0.124849,0.570369
1093,0.562507,3.55324,0.684762,1,5.49222,7,0.77141,0.134028,0.124849,0.570369
60,0.595964,3.55326,0.52207,1,5.49222,7,0.77141,0.134028,0.124849,0.570369
1045,-0.293264,3.5751,0.682533,0,5.99222,7,0.786421,0.134028,0.124837,0.58538
59,-0.325387,3.57569,0.51965,0,5.99222,7,0.786421,0.134028,0.124837,0.58538
187,-0.244678,3.57505,0.826859,0,5.99222,7,0.786421,0.134028,0.124837,0.58538
1045,-0.293264,3.5751,0.682533,0,5.99222,7,0.786421,0.134028,0.124837,0.58538
616,-0.170625,3.5752,0.94628,0,5.99222,7,0.786421,0.134028,0.124837,0.58538
187,-0.244678,3.57505,0.826859,0,5.99222,7,0.786421,0.134028,0.124837,0.58538
16,-0.0790486,3.5755,1.03705,0,5.99222,7,0.786421,0.134028,0.124837,0.58538
616,-0.170625,3.5752,0.94628,0,5.99222,7,0.786421,0.134028,0.124837,0.58538
16,-0.0790486,3.5755,1.03705,0,5.99222,7,0.786421,0.134028,0.124837,0.58538
615,0.0233265,3.57576,1.08857,0,5.99222,7,0.786421,0.134028,0.124837,0.58538
615,0.0233265,3.57576,1.08857,0,5.99222,7,0.786421,0.134028,0.124837,0.58538
186,0.125004,3.57589,1.10571,0,5.99222,7,0.786421,0.134028,0.124837,0.58538
186,0.125004,3.57589,1.10571,0,5.99222,7,0.786421,0.134028,0.124837,0.58538
1044,0.226742,3.57578,1.08857,0,5.99222,7,0.786421,0.134028,0.124837,0.58538
1044,0.226742,3.57578,1.08857,0,5.99222,7,0.786421,0.134028,0.124837,0.58538
38,0.329083,3.57551,1.03704,0,5.99222,7,0.786421,0.134028,0.124837,0.58538
38,0.329083,3.57551,1.03704,0,5.99222,7,0.786421,0.134028,0.124837,0.58538
664,0.420657,3.57523,0.94634,0,5.99222,7,0.786421,0.134028,0.124837,0.58538
664,0.420657,3.57523,0.94634,0,5.99222,7,0.786421,0.134028,0.124837,0.58538
235,0.494703,3.57507,0.826883,0,5.99222,7,0.786421,0.134028,0.124837,0.58538
235,0.494703,3.57507,0.826883,0,5.99222,7,0.786421,0.134028,0.124837,0.58538
1093,0.543321,3.57513,0.682534,0,5.99222,7,0.786421,0.134028,0.124837,0.58538
1093,0.543321,3.57513,0.682534,0,5.99222,7,0.786421,0.134028,0.124837,0.58538
60,0.575423,3.57571,0.519697,0,5.99222,7,0.786421,0.134028,0.124837,0.58538
1045,-0.323129,3.5821,0.692311,1,5.99222,7,0.786421,0.134028,0.124837,0.58538
59,-0.358968,3.58199,0.525559,1,5.99222,7,0.786421,0.134028,0.124837,0.58538
187,-0.259384,3.58215,0.834351,1,5.99222,7,0.786421,0.134028,0.124837,0.58538
1045,-0.323129,3.5821,0.692311,1,5.99222,7,0.786421,0.134028,0.124837,0.58538
616,-0.174266,3.58216,0.946502,1,5.99222,7,0.786421,0.134028,0.124837,0.58538
187,-0.259384,3.58215,0.834351,1,5.99222,7,0.786421,0.134028,0.124837,0.58538
16,-0.0776097,3.58208,1.02987,1,5.99222,7,0.786421,0.134028,0.124837,0.58538
616,-0.174266,3.58216,0.946502,1,5.99222,7,0.786421,0.134028,0.124837,0.58538
16,-0.0776097,3.58208,1.02987,1,5.99222,7,0.786421,0.134028,0.124837,0.58538
615,0.0248611,3.582,1.07673,1,5.99222,7,0.786421,0.134028,0.124837,0.58538
615,0.0248611,3.582,1.07673,1,5.99222,7,0.786421,0.134028,0.124837,0.58538
186,0.124999,3.58196,1.09287,1,5.99222,7,0.786421,0.134028,0.124837,0.58538
186,0.124999,3.58196,1.09287,1,5.99222,7,0.786421,0.134028,0.124837,0.58538
1044,0.225135,3.582,1.07672,1,5.99222,7,0.786421,0.134028,0.124837,0.58538
1044,0.225135,3.582,1.07672,1,5.99222,7,0.786421,0.134028,0.124837,0.58538
38,0.327614,3.58208,1.02988,1,5.99222,7,0.786421,0.134028,0.124837,0.58538
38,0.327614,3.58208,1.02988,1,5.99222,7,0.786421,0.134028,0.124837,0.58538
664,0.424282,3.58217,0.946523,1,5.99222,7,0.786421,0.134028,0.124837,0.58538
664,0.424282,3.58217,0.946523,1,5.99222,7,0.786421,0.134028,0.124837,0.58538
235,0.509416,3.58218,0.834376,1,5.99222,7,0.786421,0.134028,0.124837,0.58538
235,0.509416,3.58218,0.834376,1,5.99222,7,0.786421,0.134028,0.124837,0.58538
1093,0.573124,3.58212,0.692325,1,5.99222,7,0.786421,0.134028,0.124837,0.58538
1093,0.573124,3.58212,0.692325,1,5.99222,7,0.786421,0.134028,0.124837,0.58538
60,0.60896,3.58198,0.525626,1,5.99222,7,0.786421,0.134028,0.124837,0.58538
1045,-0.301299,3.60302,0.688903,0,6.49222,7,0.798756,0.134028,0.124834,0.597714
59,-0.335979,3.60342,0.522885,0,6.49222,7,0.798756,0.134028,0.124834,0.597714
187,-0.250953,3.60307,0.83538,0,6.49222,7,0.798756,0.134028,0.124834,0.597714
1045,-0.301299,3.60302,0.688903,0,6.49222,7,0.798756,0.134028,0.124834,0.597714
616,-0.174995,3.60322,0.956339,0,6.49222,7,0.798756,0.134028,0.124834,0.597714
187,-0.250953,3.60307,0.83538,0,6.49222,7,0.798756,0.134028,0.124834,0.597714
16,-0.0813728,3.60344,1.04777,0,6.49222,7,0.798756,0.134028,0.124834,0.597714
616,-0.174995,3.60322,0.956339,0,6.49222,7,0.798756,0.134028,0.124834,0.597714
16,-0.0813728,3.60344,1.04777,0,6.49222,7,0.798756,0.134028,0.124834,0.597714
615,0.0226015,3.60363,1.0998,0,6.49222,7,0.798756,0.134028,0.124834,0.597714
615,0.0226015,3.60363,1.0998,0,6.49222,7,0.798756,0.134028,0.124834,0.597714
186,0.125,3.60376,1.11745,0,6.49222,7,0.798756,0.134028,0.124834,0.597714
186,0.125,3.60376,1.11745,0,6.49222,7,0.798756,0.134028,0.124834,0.597714
1044,0.227403,3.60362,1.0998,0,6.49222,7,0.798756,0.134028,0.124834,0.597714
1044,0.227403,3.60362,1.0998,0,6.49222,7,0.798756,0.134028,0.124834,0.597714
38,0.33139,3.60345,1.04774,0,6.49222,7,0.798756,0.134028,0.124834,0.597714
38,0.33139,3.60345,1.04774,0,6.49222,7,0.798756,0.134028,0.124834,0.597714
664,0.425043,3.60322,0.956292,0,6.49222,7,0.798756,0.134028,0.124834,0.597714
664,0.425043,3.60322,0.956292,0,6.49222,7,0.798756,0.134028,0.124834,0.597714
235,0.501013,3.60308,0.835376,0,6.49222,7,0.798756,0.134028,0.124834,0.597714
235,0.501013,3.60308,0.835376,0,6.49222,7,0.798756,0.134028,0.124834,0.597714
1093,0.551331,3.60303,0.688896,0,6.49222,7,0.798756,0.134028,0.124834,0.597714
1093,0.551331,3.60303,0.688896,0,6.49222,7,0.798756,0.134028,0.124834,0.597714
60,0.586,3.60343,0.522907,0,6.49222,7,0.798756,0.134028,0.124834,0.597714
1045,-0.33307,3.61052,0.699279,1,6.49222,7,0.798756,0.134028,0.124834,0.597714
59,-0.371267,3.61033,0.528892,1,6.49222,7,0.798756,0.134028,0.124834,0.597714
187,-0.267044,3.6106,0.843668,1,6.49222,7,0.798756,0.134028,0.124834,0.597714
1045,-0.33307,3.61052,0.699279,1,6.49222,7,0.798756,0.134028,0.124834,0.597714
616,-0.179443,3.61063,0.957241,1,6.49222,7,0.798756,0.134028,0.124834,0.597714
187,-0.267044,3.6106,0.843668,1,6.49222,7,0.798756,0.134028,0.124834,0.597714
16,-0.0803841,3.61057,1.04119,1,6.49222,7,0.798756,0.134028,0.124834,0.597714
616,-0.179443,3.61063,0.957241,1,6.49222,7,0.798756,0.134028,0.124834,0.597714
16,-0.0803841,3.61057,1.04119,1,6.49222,7,0.798756,0.134028,0.124834,0.597714
615,0.0240219,3.61049,1.08844,1,6.49222,7,0.798756,0.134028,0.124834,0.597714
615,0.0240219,3.61049,1.08844,1,6.49222,7,0.798756,0.134028,0.124834,0.597714
186,0.125003,3.61045,1.10495,1,6.49222,7,0.798756,0.134028,0.124834,0.597714
186,0.125003,3.61045,1.10495,1,6.49222,7,0.798756,0.134028,0.124834,0.597714
1044,0.225985,3.61051,1.08842,1,6.49222,7,0.798756,0.134028,0.124834,0.597714
1044,0.225985,3.61051,1.08842,1,6.49222,7,0.798756,0.134028,0.124834,0.597714
38,0.330392,3.61058,1.0412,1,6.49222,7,0.798756,0.134028,0.124834,0.597714
38,0.330392,3.61058,1.0412,1,6.49222,7,0.798756,0.134028,0.124834,0.597714
664,0.429457,3.61061,0.957245,1,6.49222,7,0.798756,0.134028,0.124834,0.597714
664,0.429457,3.61061,0.957245,1,6.49222,7,0.798756,0.134028,0.124834,0.597714
235,0.517083,3.61058,0.843688,1,6.49222,7,0.798756,0.134028,0.124834,0.597714
235,0.517083,3.61058,0.843688,1,6.49222,7,0.798756,0.134028,0.124834,0.597714
1093,0.583074,3.6105,0.699296,1,6.49222,7,0.798756,0.134028,0.124834,0.597714
1093,0.583074,3.6105,0.699296,1,6.49222,7,0.798756,0.134028,0.124834,0.597714
60,0.621265,3.61033,0.52896,1,6.49222,7,0.798756,0.134028,0.124834,0.597714
1045,-0.308828,3.63039,0.694608,0,6.99222,7,0.810259,0.134028,0.124831,0.609218
59,-0.345875,3.63073,0.525571,0,6.99222,7,0.810259,0.134028,0.124831,0.609218
187,-0.257022,3.63044,0.843177,0,6.99222,7,0.810259,0.134028,0.124831,0.609218
1045,-0.308828,3.63039,0.694608,0,6.99222,7,0.810259,0.134028,0.124831,0.609218
616,-0.179321,3.63057,0.965696,0,6.99222,7,0.810259,0.134028,0.124831,0.609218
187,-0.257022,3.63044,0.843177,0,6.99222,7,0.810259,0.134028,0.124831,0.609218
16,-0.083616,3.63075,1.05794,0,6.99222,7,0.810259,0.134028,0.124831,0.609218
616,-0.179321,3.63057,0.965696,0,6.99222,7,0.810259,0.134028,0.124831,0.609218
16,-0.083616,3.63075,1.05794,0,6.99222,7,0.810259,0.134028,0.124831,0.609218
615,0.0219616,3.63093,1.11054,0,6.99222,7,0.810259,0.134028,0.124831,0.609218
615,0.0219616,3.63093,1.11054,0,6.99222,7,0.810259,0.134028,0.124831,0.609218
186,0.125016,3.63104,1.12869,0,6.99222,7,0.810259,0.134028,0.124831,0.609218
186,0.125016,3.63104,1.12869,0,6.99222,7,0.810259,0.134028,0.124831,0.609218
1044,0.228067,3.63093,1.11056,0,6.99222,7,0.810259,0.134028,0.124831,0.609218
1044,0.228067,3.63093,1.11056,0,6.99222,7,0.810259,0.134028,0.124831,0.609218
38,0.333665,3.63076,1.05795,0,6.99222,7,0.810259,0.134028,0.124831,0.609218
38,0.333665,3.63076,1.05795,0,6.99222,7,0.810259,0.134028,0.124831,0.609218
664,0.429361,3.63059,0.965711,0,6.99222,7,0.810259,0.134028,0.124831,0.609218
664,0.429361,3.63059,0.965711,0,6.99222,7,0.810259,0.134028,0.124831,0.609218
235,0.507028,3.63045,0.843176,0,6.99222,7,0.810259,0.134028,0.124831,0.609218
235,0.507028,3.63045,0.843176,0,6.99222,7,0.810259,0.134028,0.124831,0.609218
1093,0.558855,3.63038,0.694642,0,6.99222,7,0.810259,0.134028,0.124831,0.609218
1093,0.558855,3.63038,0.694642,0,6.99222,7,0.810259,0.134028,0.124831,0.609218
60,0.595908,3.63074,0.525634,0,6.99222,7,0.810259,0.134028,0.124831,0.609218
1045,-0.342597,3.63712,0.705834,1,6.99222,7,0.810259,0.134028,0.124831,0.609218
59,-0.383126,3.63681,0.531961,1,6.99222,7,0.810259,0.134028,0.124831,0.609218
187,-0.274362,3.63737,0.852408,1,6.99222,7,0.810259,0.134028,0.124831,0.609218
1045,-0.342597,3.63712,0.705834,1,6.99222,7,0.810259,0.134028,0.124831,0.609218
616,-0.184455,3.63756,0.967397,1,6.99222,7,0.810259,0.134028,0.124831,0.609218
187,-0.274362,3.63737,0.852408,1,6.99222,7,0.810259,0.134028,0.124831,0.609218
16,-0.0831586,3.6376,1.05207,1,6.99222,7,0.810259,0.134028,0.124831,0.609218
616,-0.184455,3.63756,0.967397,1,6.99222,7,0.810259,0.134028,0.124831,0.609218
16,-0.0831586,3.6376,1.05207,1,6.99222,7,0.810259,0.134028,0.124831,0.609218
615,0.0231262,3.63758,1.09975,1,6.99222,7,0.810259,0.134028,0.124831,0.609218
615,0.0231262,3.63758,1.09975,1,6.99222,7,0.810259,0.134028,0.124831,0.609218
186,0.124999,3.63753,1.11664,1,6.99222,7,0.810259,0.134028,0.124831,0.609218
186,0.124999,3.63753,1.11664,1,6.99222,7,0.810259,0.134028,0.124831,0.609218
1044,0.226878,3.63755,1.09975,1,6.99222,7,0.810259,0.134028,0.124831,0.609218
1044,0.226878,3.63755,1.09975,1,6.99222,7,0.810259,0.134028,0.124831,0.609218
38,0.333172,3.63757,1.05208,1,6.99222,7,0.810259,0.134028,0.124831,0.609218
38,0.333172,3.63757,1.05208,1,6.99222,7,0.810259,0.134028,0.124831,0.609218
664,0.434468,3.63754,0.967419,1,6.99222,7,0.810259,0.134028,0.124831,0.609218
664,0.434468,3.63754,0.967419,1,6.99222,7,0.810259,0.134028,0.124831,0.609218
235,0.524381,3.63737,0.852436,1,6.99222,7,0.810259,0.134028,0.124831,0.609218
235,0.524381,3.63737,0.852436,1,6.99222,7,0.810259,0.134028,0.124831,0.609218
1093,0.592586,3.63714,0.705862,1,6.99222,7,0.810259,0.134028,0.124831,0.609218
1093,0.592586,3.63714,0.705862,1,6.99222,7,0.810259,0.134028,0.124831,0.609218
60,0.633114,3.63682,0.532036,1,6.99222,7,0.810259,0.134028,0.124831,0.609218
1045,-0.315998,3.65746,0.700583,0,7.49222,7,0.821925,0.134028,0.124828,0.620884
59,-0.355322,3.65769,0.528732,0,7.49222,7,0.821925,0.134028,0.124828,0.620884
187,-0.262869,3.65757,0.851211,0,7.49222,7,0.821925,0.134028,0.124828,0.620884
1045,-0.315998,3.65746,0.700583,0,7.49222,7,0.821925,0.134028,0.124828,0.620884
616,-0.183522,3.65776,0.975161,0,7.49222,7,0.821925,0.134028,0.124828,0.620884
187,-0.262869,3.65757,0.851211,0,7.49222,7,0.821925,0.134028,0.124828,0.620884
16,-0.0859577,3.65797,1.06808,0,7.49222,7,0.821925,0.134028,0.124828,0.620884
616,-0.183522,3.65776,0.975161,0,7.49222,7,0.821925,0.134028,0.124828,0.620884
16,-0.0859577,3.65797,1.06808,0,7.49222,7,0.821925,0.134028,0.124828,0.620884
615,0.0212669,3.65815,1.12105,0,7.49222,7,0.821925,0.134028,0.124828,0.620884
615,0.0212669,3.65815,1.12105,0,7.49222,7,0.821925,0.134028,0.124828,0.620884
186,0.125031,3.65827,1.13948,0,7.49222,7,0.821925,0.134028,0.124828,0.620884
186,0.125031,3.65827,1.13948,0,7.49222,7,0.821925,0.134028,0.124828,0.620884
1044,0.228784,3.65816,1.12098,0,7.49222,7,0.821925,0.134028,0.124828,0.620884
1044,0.228784,3.65816,1.12098,0,7.49222,7,0.821925,0.134028,0.124828,0.620884
38,0.335999,3.65798,1.06808,0,7.49222,7,0.821925,0.134028,0.124828,0.620884
38,0.335999,3.65798,1.06808,0,7.49222,7,0.821925,0.134028,0.124828,0.620884
664,0.433554,3.65776,0.975191,0,7.49222,7,0.821925,0.134028,0.124828,0.620884
664,0.433554,3.65776,0.975191,0,7.49222,7,0.821925,0.134028,0.124828,0.620884
235,0.512911,3.65758,0.851229,0,7.49222,7,0.821925,0.134028,0.124828,0.620884
235,0.512911,3.65758,0.851229,0,7.49222,7,0.821925,0.134028,0.124828,0.620884
1093,0.566034,3.65747,0.700604,0,7.49222,7,0.821925,0.134028,0.124828,0.620884
1093,0.566034,3.65747,0.700604,0,7.49222,7,0.821925,0.134028,0.124828,0.620884
60,0.605349,3.6577,0.528769,0,7.49222,7,0.821925,0.134028,0.124828,0.620884
1045,-0.351659,3.66282,0.711541,1,7.49222,7,0.821925,0.134028,0.124828,0.620884
59,-0.394409,3.66247,0.534452,1,7.49222,7,0.821925,0.134028,0.124828,0.620884
187,-0.28146,3.6631,0.860303,1,7.49222,7,0.821925,0.134028,0.124828,0.620884
1045,-0.351659,3.66282,0.711541,1,7.49222,7,0.821925,0.134028,0.124828,0.620884
616,-0.189397,3.66328,0.97676,1,7.49222,7,0.821925,0.134028,0.124828,0.620884
187,-0.28146,3.6631,0.860303,1,7.49222,7,0.821925,0.134028,0.124828,0.620884
16,-0.0859365,3.66332,1.06218,1,7.49222,7,0.821925,0.134028,0.124828,0.620884
616,-0.189397,3.66328,0.97676,1,7.49222,7,0.821925,0.134028,0.124828,0.620884
16,-0.0859365,3.66332,1.06218,1,7.49222,7,0.821925,0.134028,0.124828,0.620884
615,0.0221949,3.66329,1.11031,1,7.49222,7,0.821925,0.134028,0.124828,0.620884
615,0.0221949,3.66329,1.11031,1,7.49222,7,0.821925,0.134028,0.124828,0.620884
186,0.124993,3.66325,1.12758,1,7.49222,7,0.821925,0.134028,0.124828,0.620884
186,0.124993,3.66325,1.12758,1,7.49222,7,0.821925,0.134028,0.124828,0.620884
1044,0.227785,3.66327,1.11024,1,7.49222,7,0.821925,0.134028,0.124828,0.620884
1044,0.227785,3.66327,1.11024,1,7.49222,7,0.821925,0.134028,0.124828,0.620884
38,0.335882,3.66329,1.06206,1,7.49222,7,0.821925,0.134028,0.124828,0.620884
38,0.335882,3.66329,1.06206,1,7.49222,7,0.821925,0.134028,0.124828,0.620884
664,0.439308,3.66324,0.976646,1,7.49222,7,0.821925,0.134028,0.124828,0.620884
664,0.439308,3.66324,0.976646,1,7.49222,7,0.821925,0.134028,0.124828,0.620884
235,0.53141,3.66307,0.860249,1,7.49222,7,0.821925,0.134028,0.124828,0.620884
235,0.53141,3.66307,0.860249,1,7.49222,7,0.821925,0.134028,0.124828,0.620884
1093,0.601705,3.66282,0.711538,1,7.49222,7,0.821925,0.134028,0.124828,0.620884
1093,0.601705,3.66282,0.711538,1,7.49222,7,0.821925,0.134028,0.124828,0.620884
60,0.644544,3.66249,0.534488,1,7.49222,7,0.821925,0.134028,0.124828,0.620884
