id,x,y,z,ablated,v,bulkheadyoungs,nickdepth,nickw,nickc,bbmin
1045,-0.25041,3.43042,0.639203,0,3.49222,8,0.704511,0.134028,0.124845,0.503469
59,-0.270164,3.43078,0.496993,0,3.49222,8,0.704511,0.134028,0.124845,0.503469
187,-0.210188,3.43004,0.771138,0,3.49222,8,0.704511,0.134028,0.124845,0.503469
1045,-0.25041,3.43042,0.639203,0,3.49222,8,0.704511,0.134028,0.124845,0.503469
616,-0.147196,3.42967,0.882885,0,3.49222,8,0.704511,0.134028,0.124845,0.503469
187,-0.210188,3.43004,0.771138,0,3.49222,8,0.704511,0.134028,0.124845,0.503469
16,-0.0678865,3.42947,0.971535,0,3.49222,8,0.704511,0.134028,0.124845,0.503469
616,-0.147196,3.42967,0.882885,0,3.49222,8,0.704511,0.134028,0.124845,0.503469
16,-0.0678865,3.42947,0.971535,0,3.49222,8,0.704511,0.134028,0.124845,0.503469
615,0.0257585,3.42921,1.02248,0,3.49222,8,0.704511,0.134028,0.124845,0.503469
615,0.0257585,3.42921,1.02248,0,3.49222,8,0.704511,0.134028,0.124845,0.503469
186,0.125018,3.42921,1.03893,0,3.49222,8,0.704511,0.134028,0.124845,0.503469
186,0.125018,3.42921,1.03893,0,3.49222,8,0.704511,0.134028,0.124845,0.503469
1044,0.224242,3.4292,1.02248,0,3.49222,8,0.704511,0.134028,0.124845,0.503469
1044,0.224242,3.4292,1.02248,0,3.49222,8,0.704511,0.134028,0.124845,0.503469
38,0.317913,3.42938,0.971571,0,3.49222,8,0.704511,0.134028,0.124845,0.503469
38,0.317913,3.42938,0.971571,0,3.49222,8,0.704511,0.134028,0.124845,0.503469
664,0.397229,3.42964,0.882858,0,3.49222,8,0.704511,0.134028,0.124845,0.503469
664,0.397229,3.42964,0.882858,0,3.49222,8,0.704511,0.134028,0.124845,0.503469
235,0.46025,3.42996,0.771123,0,3.49222,8,0.704511,0.134028,0.124845,0.503469
235,0.46025,3.42996,0.771123,0,3.49222,8,0.704511,0.134028,0.124845,0.503469
1093,0.50041,3.43033,0.639152,0,3.49222,8,0.704511,0.134028,0.124845,0.503469
1093,0.50041,3.43033,0.639152,0,3.49222,8,0.704511,0.134028,0.124845,0.503469
60,0.520184,3.43059,0.497002,0,3.49222,8,0.704511,0.134028,0.124845,0.503469
1045,-0.256769,3.43484,0.642266,1,3.49222,8,0.704511,0.134028,0.124845,0.503469
59,-0.279666,3.43502,0.500278,1,3.49222,8,0.704511,0.134028,0.124845,0.503469
187,-0.212474,3.43459,0.772615,1,3.49222,8,0.704511,0.134028,0.124845,0.503469
1045,-0.256769,3.43484,0.642266,1,3.49222,8,0.704511,0.134028,0.124845,0.503469
616,-0.14698,3.43428,0.88188,1,3.49222,8,0.704511,0.134028,0.124845,0.503469
187,-0.212474,3.43459,0.772615,1,3.49222,8,0.704511,0.134028,0.124845,0.503469
16,-0.0667452,3.43398,0.968264,1,3.49222,8,0.704511,0.134028,0.124845,0.503469
616,-0.14698,3.43428,0.88188,1,3.49222,8,0.704511,0.134028,0.124845,0.503469
16,-0.0667452,3.43398,0.968264,1,3.49222,8,0.704511,0.134028,0.124845,0.503469
615,0.0265511,3.43377,1.01773,1,3.49222,8,0.704511,0.134028,0.124845,0.503469
615,0.0265511,3.43377,1.01773,1,3.49222,8,0.704511,0.134028,0.124845,0.503469
186,0.125005,3.4337,1.0337,1,3.49222,8,0.704511,0.134028,0.124845,0.503469
186,0.125005,3.4337,1.0337,1,3.49222,8,0.704511,0.134028,0.124845,0.503469
1044,0.223461,3.43377,1.01772,1,3.49222,8,0.704511,0.134028,0.124845,0.503469
1044,0.223461,3.43377,1.01772,1,3.49222,8,0.704511,0.134028,0.124845,0.503469
38,0.316753,3.43398,0.968256,1,3.49222,8,0.704511,0.134028,0.124845,0.503469
38,0.316753,3.43398,0.968256,1,3.49222,8,0.704511,0.134028,0.124845,0.503469
664,0.39699,3.43428,0.88189,1,3.49222,8,0.704511,0.134028,0.124845,0.503469
664,0.39699,3.43428,0.88189,1,3.49222,8,0.704511,0.134028,0.124845,0.503469
235,0.462505,3.43459,0.772636,1,3.49222,8,0.704511,0.134028,0.124845,0.503469
235,0.462505,3.43459,0.772636,1,3.49222,8,0.704511,0.134028,0.124845,0.503469
1093,0.506779,3.43486,0.642275,1,3.49222,8,0.704511,0.134028,0.124845,0.503469
1093,0.506779,3.43486,0.642275,1,3.49222,8,0.704511,0.134028,0.124845,0.503469
60,0.529688,3.43503,0.500312,1,3.49222,8,0.704511,0.134028,0.124845,0.503469
1045,-0.259457,3.44836,0.647361,0,3.99222,8,0.722961,0.134028,0.124847,0.52192
59,-0.280217,3.44863,0.500118,0,3.99222,8,0.722961,0.134028,0.124847,0.52192
187,-0.218012,3.44845,0.782197,0,3.99222,8,0.722961,0.134028,0.124847,0.52192
1045,-0.259457,3.44836,0.647361,0,3.99222,8,0.722961,0.134028,0.124847,0.52192
616,-0.15229,3.4485,0.895329,0,3.99222,8,0.722961,0.134028,0.124847,0.52192
187,-0.218012,3.44845,0.782197,0,3.99222,8,0.722961,0.134028,0.124847,0.52192
16,-0.0695544,3.44877,0.983357,0,3.99222,8,0.722961,0.134028,0.124847,0.52192
616,-0.15229,3.4485,0.895329,0,3.99222,8,0.722961,0.134028,0.124847,0.52192
16,-0.0695544,3.44877,0.983357,0,3.99222,8,0.722961,0.134028,0.124847,0.52192
615,0.0257013,3.44898,1.03307,0,3.99222,8,0.722961,0.134028,0.124847,0.52192
615,0.0257013,3.44898,1.03307,0,3.99222,8,0.722961,0.134028,0.124847,0.52192
186,0.124964,3.44909,1.04896,0,3.99222,8,0.722961,0.134028,0.124847,0.52192
186,0.124964,3.44909,1.04896,0,3.99222,8,0.722961,0.134028,0.124847,0.52192
1044,0.224274,3.44891,1.03311,0,3.99222,8,0.722961,0.134028,0.124847,0.52192
1044,0.224274,3.44891,1.03311,0,3.99222,8,0.722961,0.134028,0.124847,0.52192
38,0.319546,3.44883,0.983434,0,3.99222,8,0.722961,0.134028,0.124847,0.52192
38,0.319546,3.44883,0.983434,0,3.99222,8,0.722961,0.134028,0.124847,0.52192
664,0.402211,3.44858,0.895308,0,3.99222,8,0.722961,0.134028,0.124847,0.52192
664,0.402211,3.44858,0.895308,0,3.99222,8,0.722961,0.134028,0.124847,0.52192
235,0.467955,3.44849,0.782257,0,3.99222,8,0.722961,0.134028,0.124847,0.52192
235,0.467955,3.44849,0.782257,0,3.99222,8,0.722961,0.134028,0.124847,0.52192
1093,0.509503,3.44843,0.64731,0,3.99222,8,0.722961,0.134028,0.124847,0.52192
1093,0.509503,3.44843,0.64731,0,3.99222,8,0.722961,0.134028,0.124847,0.52192
60,0.530243,3.44878,0.500263,0,3.99222,8,0.722961,0.134028,0.124847,0.52192
1045,-0.26846,3.46189,0.653945,1,3.99222,8,0.722961,0.134028,0.124847,0.52192
59,-0.293545,3.46205,0.506648,1,3.99222,8,0.722961,0.134028,0.124847,0.52192
187,-0.220197,3.46161,0.78616,1,3.99222,8,0.722961,0.134028,0.124847,0.52192
1045,-0.26846,3.46189,0.653945,1,3.99222,8,0.722961,0.134028,0.124847,0.52192
616,-0.151023,3.46132,0.895455,1,3.99222,8,0.722961,0.134028,0.124847,0.52192
187,-0.220197,3.46161,0.78616,1,3.99222,8,0.722961,0.134028,0.124847,0.52192
16,-0.0677999,3.46104,0.980691,1,3.99222,8,0.722961,0.134028,0.124847,0.52192
616,-0.151023,3.46132,0.895455,1,3.99222,8,0.722961,0.134028,0.124847,0.52192
16,-0.0677999,3.46104,0.980691,1,3.99222,8,0.722961,0.134028,0.124847,0.52192
615,0.0266885,3.46086,1.02923,1,3.99222,8,0.722961,0.134028,0.124847,0.52192
615,0.0266885,3.46086,1.02923,1,3.99222,8,0.722961,0.134028,0.124847,0.52192
186,0.125006,3.4608,1.0449,1,3.99222,8,0.722961,0.134028,0.124847,0.52192
186,0.125006,3.4608,1.0449,1,3.99222,8,0.722961,0.134028,0.124847,0.52192
1044,0.223322,3.46086,1.02917,1,3.99222,8,0.722961,0.134028,0.124847,0.52192
1044,0.223322,3.46086,1.02917,1,3.99222,8,0.722961,0.134028,0.124847,0.52192
38,0.317773,3.46104,0.98057,1,3.99222,8,0.722961,0.134028,0.124847,0.52192
38,0.317773,3.46104,0.98057,1,3.99222,8,0.722961,0.134028,0.124847,0.52192
664,0.400944,3.46132,0.895318,1,3.99222,8,0.722961,0.134028,0.124847,0.52192
664,0.400944,3.46132,0.895318,1,3.99222,8,0.722961,0.134028,0.124847,0.52192
235,0.470108,3.4616,0.786037,1,3.99222,8,0.722961,0.134028,0.124847,0.52192
235,0.470108,3.4616,0.786037,1,3.99222,8,0.722961,0.134028,0.124847,0.52192
1093,0.518378,3.46187,0.653858,1,3.99222,8,0.722961,0.134028,0.124847,0.52192
1093,0.518378,3.46187,0.653858,1,3.99222,8,0.722961,0.134028,0.124847,0.52192
60,0.54359,3.46212,0.506594,1,3.99222,8,0.722961,0.134028,0.124847,0.52192
1045,-0.265879,3.47563,0.65765,0,4.49222,8,0.736794,0.134028,0.124842,0.535752
59,-0.289309,3.47612,0.506254,0,4.49222,8,0.736794,0.134028,0.124842,0.535752
187,-0.223026,3.47548,0.794446,0,4.49222,8,0.736794,0.134028,0.124842,0.535752
1045,-0.265879,3.47563,0.65765,0,4.49222,8,0.736794,0.134028,0.124842,0.535752
616,-0.155774,3.47543,0.908691,0,4.49222,8,0.736794,0.134028,0.124842,0.535752
187,-0.223026,3.47548,0.794446,0,4.49222,8,0.736794,0.134028,0.124842,0.535752
16,-0.071307,3.47569,0.997034,0,4.49222,8,0.736794,0.134028,0.124842,0.535752
616,-0.155774,3.47543,0.908691,0,4.49222,8,0.736794,0.134028,0.124842,0.535752
16,-0.071307,3.47569,0.997034,0,4.49222,8,0.736794,0.134028,0.124842,0.535752
615,0.0254318,3.47596,1.04702,0,4.49222,8,0.736794,0.134028,0.124842,0.535752
615,0.0254318,3.47596,1.04702,0,4.49222,8,0.736794,0.134028,0.124842,0.535752
186,0.125007,3.47612,1.06313,0,4.49222,8,0.736794,0.134028,0.124842,0.535752
186,0.125007,3.47612,1.06313,0,4.49222,8,0.736794,0.134028,0.124842,0.535752
1044,0.224576,3.47595,1.04709,0,4.49222,8,0.736794,0.134028,0.124842,0.535752
1044,0.224576,3.47595,1.04709,0,4.49222,8,0.736794,0.134028,0.124842,0.535752
38,0.321313,3.4757,0.997167,0,4.49222,8,0.736794,0.134028,0.124842,0.535752
38,0.321313,3.4757,0.997167,0,4.49222,8,0.736794,0.134028,0.124842,0.535752
664,0.40573,3.47541,0.908786,0,4.49222,8,0.736794,0.134028,0.124842,0.535752
664,0.40573,3.47541,0.908786,0,4.49222,8,0.736794,0.134028,0.124842,0.535752
235,0.473064,3.47544,0.794474,0,4.49222,8,0.736794,0.134028,0.124842,0.535752
235,0.473064,3.47544,0.794474,0,4.49222,8,0.736794,0.134028,0.124842,0.535752
1093,0.515896,3.47558,0.657676,0,4.49222,8,0.736794,0.134028,0.124842,0.535752
1093,0.515896,3.47558,0.657676,0,4.49222,8,0.736794,0.134028,0.124842,0.535752
60,0.539273,3.47618,0.506362,0,4.49222,8,0.736794,0.134028,0.124842,0.535752
1045,-0.279468,3.49299,0.664686,1,4.49222,8,0.736794,0.134028,0.124842,0.535752
59,-0.306883,3.49321,0.512496,1,4.49222,8,0.736794,0.134028,0.124842,0.535752
187,-0.22802,3.49271,0.799156,1,4.49222,8,0.736794,0.134028,0.124842,0.535752
1045,-0.279468,3.49299,0.664686,1,4.49222,8,0.736794,0.134028,0.124842,0.535752
616,-0.155604,3.49242,0.909144,1,4.49222,8,0.736794,0.134028,0.124842,0.535752
187,-0.22802,3.49271,0.799156,1,4.49222,8,0.736794,0.134028,0.124842,0.535752
16,-0.0695285,3.49213,0.993938,1,4.49222,8,0.736794,0.134028,0.124842,0.535752
616,-0.155604,3.49242,0.909144,1,4.49222,8,0.736794,0.134028,0.124842,0.535752
16,-0.0695285,3.49213,0.993938,1,4.49222,8,0.736794,0.134028,0.124842,0.535752
615,0.0265176,3.49194,1.04205,1,4.49222,8,0.736794,0.134028,0.124842,0.535752
615,0.0265176,3.49194,1.04205,1,4.49222,8,0.736794,0.134028,0.124842,0.535752
186,0.125003,3.49186,1.05777,1,4.49222,8,0.736794,0.134028,0.124842,0.535752
186,0.125003,3.49186,1.05777,1,4.49222,8,0.736794,0.134028,0.124842,0.535752
1044,0.22347,3.49194,1.04196,1,4.49222,8,0.736794,0.134028,0.124842,0.535752
1044,0.22347,3.49194,1.04196,1,4.49222,8,0.736794,0.134028,0.124842,0.535752
38,0.319469,3.49214,0.993793,1,4.49222,8,0.736794,0.134028,0.124842,0.535752
38,0.319469,3.49214,0.993793,1,4.49222,8,0.736794,0.134028,0.124842,0.535752
664,0.405493,3.49243,0.908993,1,4.49222,8,0.736794,0.134028,0.124842,0.535752
664,0.405493,3.49243,0.908993,1,4.49222,8,0.736794,0.134028,0.124842,0.535752
235,0.477897,3.49273,0.799047,1,4.49222,8,0.736794,0.134028,0.124842,0.535752
235,0.477897,3.49273,0.799047,1,4.49222,8,0.736794,0.134028,0.124842,0.535752
1093,0.529422,3.49302,0.664689,1,4.49222,8,0.736794,0.134028,0.124842,0.535752
1093,0.529422,3.49302,0.664689,1,4.49222,8,0.736794,0.134028,0.124842,0.535752
60,0.556921,3.49329,0.512453,1,4.49222,8,0.736794,0.134028,0.124842,0.535752
1045,-0.273647,3.5121,0.667819,0,4.99222,8,0.755721,0.134028,0.124838,0.55468
59,-0.298749,3.51275,0.512361,0,4.99222,8,0.755721,0.134028,0.124838,0.55468
187,-0.22967,3.5119,0.807289,0,4.99222,8,0.755721,0.134028,0.124838,0.55468
1045,-0.273647,3.5121,0.667819,0,4.99222,8,0.755721,0.134028,0.124838,0.55468
616,-0.160502,3.51194,0.923536,0,4.99222,8,0.755721,0.134028,0.124838,0.55468
187,-0.22967,3.5119,0.807289,0,4.99222,8,0.755721,0.134028,0.124838,0.55468
16,-0.0735962,3.51226,1.01246,0,4.99222,8,0.755721,0.134028,0.124838,0.55468
616,-0.160502,3.51194,0.923536,0,4.99222,8,0.755721,0.134028,0.124838,0.55468
16,-0.0735962,3.51226,1.01246,0,4.99222,8,0.755721,0.134028,0.124838,0.55468
615,0.0249377,3.51255,1.06245,0,4.99222,8,0.755721,0.134028,0.124838,0.55468
615,0.0249377,3.51255,1.06245,0,4.99222,8,0.755721,0.134028,0.124838,0.55468
186,0.125024,3.51273,1.07875,0,4.99222,8,0.755721,0.134028,0.124838,0.55468
186,0.125024,3.51273,1.07875,0,4.99222,8,0.755721,0.134028,0.124838,0.55468
1044,0.225133,3.51254,1.06238,0,4.99222,8,0.755721,0.134028,0.124838,0.55468
1044,0.225133,3.51254,1.06238,0,4.99222,8,0.755721,0.134028,0.124838,0.55468
38,0.323624,3.51223,1.01234,0,4.99222,8,0.755721,0.134028,0.124838,0.55468
38,0.323624,3.51223,1.01234,0,4.99222,8,0.755721,0.134028,0.124838,0.55468
664,0.410534,3.51192,0.923442,0,4.99222,8,0.755721,0.134028,0.124838,0.55468
664,0.410534,3.51192,0.923442,0,4.99222,8,0.755721,0.134028,0.124838,0.55468
235,0.47971,3.51191,0.807329,0,4.99222,8,0.755721,0.134028,0.124838,0.55468
235,0.47971,3.51191,0.807329,0,4.99222,8,0.755721,0.134028,0.124838,0.55468
1093,0.523674,3.51207,0.667854,0,4.99222,8,0.755721,0.134028,0.124838,0.55468
1093,0.523674,3.51207,0.667854,0,4.99222,8,0.755721,0.134028,0.124838,0.55468
60,0.548806,3.51286,0.512406,0,4.99222,8,0.755721,0.134028,0.124838,0.55468
1045,-0.293667,3.52435,0.675379,1,4.99222,8,0.755721,0.134028,0.124838,0.55468
59,-0.324132,3.52454,0.518365,1,4.99222,8,0.755721,0.134028,0.124838,0.55468
187,-0.237499,3.52414,0.811884,1,4.99222,8,0.755721,0.134028,0.124838,0.55468
1045,-0.293667,3.52435,0.675379,1,4.99222,8,0.755721,0.134028,0.124838,0.55468
616,-0.160618,3.52394,0.921877,1,4.99222,8,0.755721,0.134028,0.124838,0.55468
187,-0.237499,3.52414,0.811884,1,4.99222,8,0.755721,0.134028,0.124838,0.55468
16,-0.0712609,3.52372,1.00567,1,4.99222,8,0.755721,0.134028,0.124838,0.55468
616,-0.160618,3.52394,0.921877,1,4.99222,8,0.755721,0.134028,0.124838,0.55468
16,-0.0712609,3.52372,1.00567,1,4.99222,8,0.755721,0.134028,0.124838,0.55468
615,0.0264079,3.52357,1.05311,1,4.99222,8,0.755721,0.134028,0.124838,0.55468
615,0.0264079,3.52357,1.05311,1,4.99222,8,0.755721,0.134028,0.124838,0.55468
186,0.12501,3.52351,1.069,1,4.99222,8,0.755721,0.134028,0.124838,0.55468
186,0.12501,3.52351,1.069,1,4.99222,8,0.755721,0.134028,0.124838,0.55468
1044,0.223684,3.52358,1.05341,1,4.99222,8,0.755721,0.134028,0.124838,0.55468
1044,0.223684,3.52358,1.05341,1,4.99222,8,0.755721,0.134028,0.124838,0.55468
38,0.321547,3.52373,1.00618,1,4.99222,8,0.755721,0.134028,0.124838,0.55468
38,0.321547,3.52373,1.00618,1,4.99222,8,0.755721,0.134028,0.124838,0.55468
664,0.411063,3.52395,0.922362,1,4.99222,8,0.755721,0.134028,0.124838,0.55468
664,0.411063,3.52395,0.922362,1,4.99222,8,0.755721,0.134028,0.124838,0.55468
235,0.487829,3.52415,0.812146,1,4.99222,8,0.755721,0.134028,0.124838,0.55468
235,0.487829,3.52415,0.812146,1,4.99222,8,0.755721,0.134028,0.124838,0.55468
1093,0.543614,3.52432,0.67554,1,4.99222,8,0.755721,0.134028,0.124838,0.55468
1093,0.543614,3.52432,0.67554,1,4.99222,8,0.755721,0.134028,0.124838,0.55468
60,0.573783,3.52457,0.51847,1,4.99222,8,0.755721,0.134028,0.124838,0.55468
1045,-0.282141,3.54233,0.67556,0,5.49222,8,0.769455,0.134028,0.124855,0.568414
59,-0.310878,3.54286,0.51686,0,5.49222,8,0.769455,0.134028,0.124855,0.568414
187,-0.235782,3.54222,0.81701,0,5.49222,8,0.769455,0.134028,0.124855,0.568414
1045,-0.282141,3.54233,0.67556,0,5.49222,8,0.769455,0.134028,0.124855,0.568414
616,-0.164396,3.54229,0.934349,0,5.49222,8,0.769455,0.134028,0.124855,0.568414
187,-0.235782,3.54222,0.81701,0,5.49222,8,0.769455,0.134028,0.124855,0.568414
16,-0.0754885,3.54255,1.02381,0,5.49222,8,0.769455,0.134028,0.124855,0.568414
616,-0.164396,3.54229,0.934349,0,5.49222,8,0.769455,0.134028,0.124855,0.568414
16,-0.0754885,3.54255,1.02381,0,5.49222,8,0.769455,0.134028,0.124855,0.568414
615,0.0244362,3.5428,1.07448,0,5.49222,8,0.769455,0.134028,0.124855,0.568414
615,0.0244362,3.5428,1.07448,0,5.49222,8,0.769455,0.134028,0.124855,0.568414
186,0.12505,3.54299,1.09122,0,5.49222,8,0.769455,0.134028,0.124855,0.568414
186,0.12505,3.54299,1.09122,0,5.49222,8,0.769455,0.134028,0.124855,0.568414
1044,0.225605,3.54284,1.07438,0,5.49222,8,0.769455,0.134028,0.124855,0.568414
1044,0.225605,3.54284,1.07438,0,5.49222,8,0.769455,0.134028,0.124855,0.568414
38,0.325498,3.54258,1.02376,0,5.49222,8,0.769455,0.134028,0.124855,0.568414
38,0.325498,3.54258,1.02376,0,5.49222,8,0.769455,0.134028,0.124855,0.568414
664,0.414499,3.54232,0.934319,0,5.49222,8,0.769455,0.134028,0.124855,0.568414
664,0.414499,3.54232,0.934319,0,5.49222,8,0.769455,0.134028,0.124855,0.568414
235,0.485803,3.54224,0.816969,0,5.49222,8,0.769455,0.134028,0.124855,0.568414
235,0.485803,3.54224,0.816969,0,5.49222,8,0.769455,0.134028,0.124855,0.568414
1093,0.532205,3.54225,0.675554,0,5.49222,8,0.769455,0.134028,0.124855,0.568414
1093,0.532205,3.54225,0.675554,0,5.49222,8,0.769455,0.134028,0.124855,0.568414
60,0.560943,3.54296,0.516919,0,5.49222,8,0.769455,0.134028,0.124855,0.568414
1045,-0.308507,3.55484,0.685001,1,5.49222,8,0.769455,0.134028,0.124855,0.568414
59,-0.341505,3.55492,0.523345,1,5.49222,8,0.769455,0.134028,0.124855,0.568414
187,-0.248127,3.55473,0.823869,1,5.49222,8,0.769455,0.134028,0.124855,0.568414
1045,-0.308507,3.55484,0.685001,1,5.49222,8,0.769455,0.134028,0.124855,0.568414
616,-0.166718,3.55461,0.934228,1,5.49222,8,0.769455,0.134028,0.124855,0.568414
187,-0.248127,3.55473,0.823869,1,5.49222,8,0.769455,0.134028,0.124855,0.568414
16,-0.073715,3.55444,1.01707,1,5.49222,8,0.769455,0.134028,0.124855,0.568414
616,-0.166718,3.55461,0.934228,1,5.49222,8,0.769455,0.134028,0.124855,0.568414
16,-0.073715,3.55444,1.01707,1,5.49222,8,0.769455,0.134028,0.124855,0.568414
615,0.0259749,3.5543,1.06365,1,5.49222,8,0.769455,0.134028,0.124855,0.568414
615,0.0259749,3.5543,1.06365,1,5.49222,8,0.769455,0.134028,0.124855,0.568414
186,0.124973,3.55425,1.07942,1,5.49222,8,0.769455,0.134028,0.124855,0.568414
186,0.124973,3.55425,1.07942,1,5.49222,8,0.769455,0.134028,0.124855,0.568414
1044,0.223969,3.55432,1.06363,1,5.49222,8,0.769455,0.134028,0.124855,0.568414
1044,0.223969,3.55432,1.06363,1,5.49222,8,0.769455,0.134028,0.124855,0.568414
38,0.323656,3.55446,1.01704,1,5.49222,8,0.769455,0.134028,0.124855,0.568414
38,0.323656,3.55446,1.01704,1,5.49222,8,0.769455,0.134028,0.124855,0.568414
664,0.416647,3.55464,0.93419,1,5.49222,8,0.769455,0.134028,0.124855,0.568414
664,0.416647,3.55464,0.93419,1,5.49222,8,0.769455,0.134028,0.124855,0.568414
235,0.498031,3.55476,0.823845,1,5.49222,8,0.769455,0.134028,0.124855,0.568414
235,0.498031,3.55476,0.823845,1,5.49222,8,0.769455,0.134028,0.124855,0.568414
1093,0.558471,3.55484,0.685085,1,5.49222,8,0.769455,0.134028,0.124855,0.568414
1093,0.558471,3.55484,0.685085,1,5.49222,8,0.769455,0.134028,0.124855,0.568414
60,0.591488,3.55501,0.523355,1,5.49222,8,0.769455,0.134028,0.124855,0.568414
1045,-0.289625,3.57491,0.682984,0,5.99222,8,0.783325,0.134028,0.124844,0.582283
59,-0.320958,3.57551,0.521081,0,5.99222,8,0.783325,0.134028,0.124844,0.582283
187,-0.241605,3.57483,0.826493,0,5.99222,8,0.783325,0.134028,0.124844,0.582283
1045,-0.289625,3.57491,0.682984,0,5.99222,8,0.783325,0.134028,0.124844,0.582283
616,-0.168378,3.57494,0.945293,0,5.99222,8,0.783325,0.134028,0.124844,0.582283
187,-0.241605,3.57483,0.826493,0,5.99222,8,0.783325,0.134028,0.124844,0.582283
16,-0.0777479,3.5752,1.03577,0,5.99222,8,0.783325,0.134028,0.124844,0.582283
616,-0.168378,3.57494,0.945293,0,5.99222,8,0.783325,0.134028,0.124844,0.582283
16,-0.0777479,3.5752,1.03577,0,5.99222,8,0.783325,0.134028,0.124844,0.582283
615,0.0237537,3.57545,1.08712,0,5.99222,8,0.783325,0.134028,0.124844,0.582283
615,0.0237537,3.57545,1.08712,0,5.99222,8,0.783325,0.134028,0.124844,0.582283
186,0.125031,3.57561,1.10434,0,5.99222,8,0.783325,0.134028,0.124844,0.582283
186,0.125031,3.57561,1.10434,0,5.99222,8,0.783325,0.134028,0.124844,0.582283
1044,0.226295,3.57546,1.08713,0,5.99222,8,0.783325,0.134028,0.124844,0.582283
1044,0.226295,3.57546,1.08713,0,5.99222,8,0.783325,0.134028,0.124844,0.582283
38,0.327788,3.57521,1.03579,0,5.99222,8,0.783325,0.134028,0.124844,0.582283
38,0.327788,3.57521,1.03579,0,5.99222,8,0.783325,0.134028,0.124844,0.582283
664,0.418407,3.57496,0.945303,0,5.99222,8,0.783325,0.134028,0.124844,0.582283
664,0.418407,3.57496,0.945303,0,5.99222,8,0.783325,0.134028,0.124844,0.582283
235,0.491638,3.57485,0.82648,0,5.99222,8,0.783325,0.134028,0.124844,0.582283
235,0.491638,3.57485,0.82648,0,5.99222,8,0.783325,0.134028,0.124844,0.582283
1093,0.539659,3.57487,0.682969,0,5.99222,8,0.783325,0.134028,0.124844,0.582283
1093,0.539659,3.57487,0.682969,0,5.99222,8,0.783325,0.134028,0.124844,0.582283
60,0.570969,3.57554,0.521131,0,5.99222,8,0.783325,0.134028,0.124844,0.582283
1045,-0.31853,3.58378,0.692671,1,5.99222,8,0.783325,0.134028,0.124844,0.582283
59,-0.353857,3.58372,0.527142,1,5.99222,8,0.783325,0.134028,0.124844,0.582283
187,-0.255693,3.58378,0.833778,1,5.99222,8,0.783325,0.134028,0.124844,0.582283
1045,-0.31853,3.58378,0.692671,1,5.99222,8,0.783325,0.134028,0.124844,0.582283
616,-0.171679,3.58374,0.945361,1,5.99222,8,0.783325,0.134028,0.124844,0.582283
187,-0.255693,3.58378,0.833778,1,5.99222,8,0.783325,0.134028,0.124844,0.582283
16,-0.0762229,3.58363,1.02856,1,5.99222,8,0.783325,0.134028,0.124844,0.582283
616,-0.171679,3.58374,0.945361,1,5.99222,8,0.783325,0.134028,0.124844,0.582283
16,-0.0762229,3.58363,1.02856,1,5.99222,8,0.783325,0.134028,0.124844,0.582283
615,0.0252996,3.58354,1.07533,1,5.99222,8,0.783325,0.134028,0.124844,0.582283
615,0.0252996,3.58354,1.07533,1,5.99222,8,0.783325,0.134028,0.124844,0.582283
186,0.124985,3.5835,1.09144,1,5.99222,8,0.783325,0.134028,0.124844,0.582283
186,0.124985,3.5835,1.09144,1,5.99222,8,0.783325,0.134028,0.124844,0.582283
1044,0.224664,3.58357,1.07533,1,5.99222,8,0.783325,0.134028,0.124844,0.582283
1044,0.224664,3.58357,1.07533,1,5.99222,8,0.783325,0.134028,0.124844,0.582283
38,0.326191,3.58367,1.02856,1,5.99222,8,0.783325,0.134028,0.124844,0.582283
38,0.326191,3.58367,1.02856,1,5.99222,8,0.783325,0.134028,0.124844,0.582283
664,0.421646,3.58378,0.945365,1,5.99222,8,0.783325,0.134028,0.124844,0.582283
664,0.421646,3.58378,0.945365,1,5.99222,8,0.783325,0.134028,0.124844,0.582283
235,0.505667,3.58381,0.833796,1,5.99222,8,0.783325,0.134028,0.124844,0.582283
235,0.505667,3.58381,0.833796,1,5.99222,8,0.783325,0.134028,0.124844,0.582283
1093,0.568523,3.58378,0.692743,1,5.99222,8,0.783325,0.134028,0.124844,0.582283
1093,0.568523,3.58378,0.692743,1,5.99222,8,0.783325,0.134028,0.124844,0.582283
60,0.603848,3.58386,0.527183,1,5.99222,8,0.783325,0.134028,0.124844,0.582283
1045,-0.297092,3.60423,0.689668,0,6.49222,8,0.796223,0.134028,0.124839,0.595181
59,-0.33098,3.6046,0.524725,0,6.49222,8,0.796223,0.134028,0.124839,0.595181
187,-0.247439,3.6043,0.835276,0,6.49222,8,0.796223,0.134028,0.124839,0.595181
1045,-0.297092,3.60423,0.689668,0,6.49222,8,0.796223,0.134028,0.124839,0.595181
616,-0.172457,3.60452,0.955641,0,6.49222,8,0.796223,0.134028,0.124839,0.595181
187,-0.247439,3.6043,0.835276,0,6.49222,8,0.796223,0.134028,0.124839,0.595181
16,-0.0799883,3.60478,1.04698,0,6.49222,8,0.796223,0.134028,0.124839,0.595181
616,-0.172457,3.60452,0.955641,0,6.49222,8,0.796223,0.134028,0.124839,0.595181
16,-0.0799883,3.60478,1.04698,0,6.49222,8,0.796223,0.134028,0.124839,0.595181
615,0.0230229,3.60502,1.09906,0,6.49222,8,0.796223,0.134028,0.124839,0.595181
615,0.0230229,3.60502,1.09906,0,6.49222,8,0.796223,0.134028,0.124839,0.595181
186,0.125008,3.60519,1.11662,0,6.49222,8,0.796223,0.134028,0.124839,0.595181
186,0.125008,3.60519,1.11662,0,6.49222,8,0.796223,0.134028,0.124839,0.595181
1044,0.227031,3.60505,1.09898,0,6.49222,8,0.796223,0.134028,0.124839,0.595181
1044,0.227031,3.60505,1.09898,0,6.49222,8,0.796223,0.134028,0.124839,0.595181
38,0.330058,3.60482,1.04694,0,6.49222,8,0.796223,0.134028,0.124839,0.595181
38,0.330058,3.60482,1.04694,0,6.49222,8,0.796223,0.134028,0.124839,0.595181
664,0.422478,3.60453,0.955596,0,6.49222,8,0.796223,0.134028,0.124839,0.595181
664,0.422478,3.60453,0.955596,0,6.49222,8,0.796223,0.134028,0.124839,0.595181
235,0.497523,3.60432,0.83526,0,6.49222,8,0.796223,0.134028,0.124839,0.595181
235,0.497523,3.60432,0.83526,0,6.49222,8,0.796223,0.134028,0.124839,0.595181
1093,0.547125,3.60417,0.689643,0,6.49222,8,0.796223,0.134028,0.124839,0.595181
1093,0.547125,3.60417,0.689643,0,6.49222,8,0.796223,0.134028,0.124839,0.595181
60,0.580996,3.60467,0.524719,0,6.49222,8,0.796223,0.134028,0.124839,0.595181
1045,-0.328103,3.61218,0.699867,1,6.49222,8,0.796223,0.134028,0.124839,0.595181
59,-0.365795,3.61205,0.5308,1,6.49222,8,0.796223,0.134028,0.124839,0.595181
187,-0.262975,3.61223,0.843151,1,6.49222,8,0.796223,0.134028,0.124839,0.595181
1045,-0.328103,3.61218,0.699867,1,6.49222,8,0.796223,0.134028,0.124839,0.595181
616,-0.176529,3.61223,0.956005,1,6.49222,8,0.796223,0.134028,0.124839,0.595181
187,-0.262975,3.61223,0.843151,1,6.49222,8,0.796223,0.134028,0.124839,0.595181
16,-0.0787903,3.61214,1.0397,1,6.49222,8,0.796223,0.134028,0.124839,0.595181
616,-0.176529,3.61223,0.956005,1,6.49222,8,0.796223,0.134028,0.124839,0.595181
16,-0.0787903,3.61214,1.0397,1,6.49222,8,0.796223,0.134028,0.124839,0.595181
615,0.0245395,3.61204,1.08676,1,6.49222,8,0.796223,0.134028,0.124839,0.595181
615,0.0245395,3.61204,1.08676,1,6.49222,8,0.796223,0.134028,0.124839,0.595181
186,0.124991,3.612,1.10321,1,6.49222,8,0.796223,0.134028,0.124839,0.595181
186,0.124991,3.612,1.10321,1,6.49222,8,0.796223,0.134028,0.124839,0.595181
1044,0.225432,3.61205,1.08673,1,6.49222,8,0.796223,0.134028,0.124839,0.595181
1044,0.225432,3.61205,1.08673,1,6.49222,8,0.796223,0.134028,0.124839,0.595181
38,0.328746,3.61213,1.03965,1,6.49222,8,0.796223,0.134028,0.124839,0.595181
38,0.328746,3.61213,1.03965,1,6.49222,8,0.796223,0.134028,0.124839,0.595181
664,0.426481,3.61219,0.955951,1,6.49222,8,0.796223,0.134028,0.124839,0.595181
664,0.426481,3.61219,0.955951,1,6.49222,8,0.796223,0.134028,0.124839,0.595181
235,0.512903,3.61219,0.843115,1,6.49222,8,0.796223,0.134028,0.124839,0.595181
235,0.512903,3.61219,0.843115,1,6.49222,8,0.796223,0.134028,0.124839,0.595181
1093,0.578063,3.61214,0.699918,1,6.49222,8,0.796223,0.134028,0.124839,0.595181
1093,0.578063,3.61214,0.699918,1,6.49222,8,0.796223,0.134028,0.124839,0.595181
60,0.615715,3.61218,0.530783,1,6.49222,8,0.796223,0.134028,0.124839,0.595181
1045,-0.303922,3.63032,0.695539,0,6.99222,8,0.807091,0.134028,0.124839,0.606049
59,-0.340172,3.63063,0.527845,0,6.99222,8,0.807091,0.134028,0.124839,0.606049
187,-0.253071,3.63038,0.842977,0,6.99222,8,0.807091,0.134028,0.124839,0.606049
1045,-0.303922,3.63032,0.695539,0,6.99222,8,0.807091,0.134028,0.124839,0.606049
616,-0.176455,3.63053,0.964703,0,6.99222,8,0.807091,0.134028,0.124839,0.606049
187,-0.253071,3.63038,0.842977,0,6.99222,8,0.807091,0.134028,0.124839,0.606049
16,-0.0820884,3.63073,1.0565,0,6.99222,8,0.807091,0.134028,0.124839,0.606049
616,-0.176455,3.63053,0.964703,0,6.99222,8,0.807091,0.134028,0.124839,0.606049
16,-0.0820884,3.63073,1.0565,0,6.99222,8,0.807091,0.134028,0.124839,0.606049
615,0.0224088,3.63091,1.10874,0,6.99222,8,0.807091,0.134028,0.124839,0.606049
615,0.0224088,3.63091,1.10874,0,6.99222,8,0.807091,0.134028,0.124839,0.606049
186,0.125024,3.63105,1.12685,0,6.99222,8,0.807091,0.134028,0.124839,0.606049
186,0.125024,3.63105,1.12685,0,6.99222,8,0.807091,0.134028,0.124839,0.606049
1044,0.227666,3.63092,1.10876,0,6.99222,8,0.807091,0.134028,0.124839,0.606049
1044,0.227666,3.63092,1.10876,0,6.99222,8,0.807091,0.134028,0.124839,0.606049
38,0.332193,3.63073,1.05641,0,6.99222,8,0.807091,0.134028,0.124839,0.606049
38,0.332193,3.63073,1.05641,0,6.99222,8,0.807091,0.134028,0.124839,0.606049
664,0.426542,3.63054,0.964611,0,6.99222,8,0.807091,0.134028,0.124839,0.606049
664,0.426542,3.63054,0.964611,0,6.99222,8,0.807091,0.134028,0.124839,0.606049
235,0.503112,3.63038,0.842941,0,6.99222,8,0.807091,0.134028,0.124839,0.606049
235,0.503112,3.63038,0.842941,0,6.99222,8,0.807091,0.134028,0.124839,0.606049
1093,0.553957,3.63023,0.695522,0,6.99222,8,0.807091,0.134028,0.124839,0.606049
1093,0.553957,3.63023,0.695522,0,6.99222,8,0.807091,0.134028,0.124839,0.606049
60,0.59019,3.63073,0.527897,0,6.99222,8,0.807091,0.134028,0.124839,0.606049
1045,-0.337139,3.63896,0.706275,1,6.99222,8,0.807091,0.134028,0.124839,0.606049
59,-0.377135,3.63876,0.533897,1,6.99222,8,0.807091,0.134028,0.124839,0.606049
187,-0.269912,3.63906,0.851655,1,6.99222,8,0.807091,0.134028,0.124839,0.606049
1045,-0.337139,3.63896,0.706275,1,6.99222,8,0.807091,0.134028,0.124839,0.606049
616,-0.181256,3.63911,0.965837,1,6.99222,8,0.807091,0.134028,0.124839,0.606049
187,-0.269912,3.63906,0.851655,1,6.99222,8,0.807091,0.134028,0.124839,0.606049
16,-0.0813524,3.63905,1.05016,1,6.99222,8,0.807091,0.134028,0.124839,0.606049
616,-0.181256,3.63911,0.965837,1,6.99222,8,0.807091,0.134028,0.124839,0.606049
16,-0.0813524,3.63905,1.05016,1,6.99222,8,0.807091,0.134028,0.124839,0.606049
615,0.0237332,3.63898,1.09761,1,6.99222,8,0.807091,0.134028,0.124839,0.606049
615,0.0237332,3.63898,1.09761,1,6.99222,8,0.807091,0.134028,0.124839,0.606049
186,0.124999,3.63892,1.11446,1,6.99222,8,0.807091,0.134028,0.124839,0.606049
186,0.124999,3.63892,1.11446,1,6.99222,8,0.807091,0.134028,0.124839,0.606049
1044,0.226261,3.63895,1.09758,1,6.99222,8,0.807091,0.134028,0.124839,0.606049
1044,0.226261,3.63895,1.09758,1,6.99222,8,0.807091,0.134028,0.124839,0.606049
38,0.331338,3.639,1.0501,1,6.99222,8,0.807091,0.134028,0.124839,0.606049
38,0.331338,3.639,1.0501,1,6.99222,8,0.807091,0.134028,0.124839,0.606049
664,0.431214,3.63906,0.965784,1,6.99222,8,0.807091,0.134028,0.124839,0.606049
664,0.431214,3.63906,0.965784,1,6.99222,8,0.807091,0.134028,0.124839,0.606049
235,0.519849,3.63903,0.851615,1,6.99222,8,0.807091,0.134028,0.124839,0.606049
235,0.519849,3.63903,0.851615,1,6.99222,8,0.807091,0.134028,0.124839,0.606049
1093,0.587099,3.63891,0.706317,1,6.99222,8,0.807091,0.134028,0.124839,0.606049
1093,0.587099,3.63891,0.706317,1,6.99222,8,0.807091,0.134028,0.124839,0.606049
60,0.62704,3.63891,0.533873,1,6.99222,8,0.807091,0.134028,0.124839,0.606049
1045,-0.310637,3.65838,0.701105,0,7.49222,8,0.818447,0.134028,0.124838,0.617406
59,-0.349132,3.65866,0.530698,0,7.49222,8,0.818447,0.134028,0.124838,0.617406
187,-0.258489,3.65843,0.850534,0,7.49222,8,0.818447,0.134028,0.124838,0.617406
1045,-0.310637,3.65838,0.701105,0,7.49222,8,0.818447,0.134028,0.124838,0.617406
616,-0.180411,3.65855,0.973752,0,7.49222,8,0.818447,0.134028,0.124838,0.617406
187,-0.258489,3.65843,0.850534,0,7.49222,8,0.818447,0.134028,0.124838,0.617406
16,-0.0843393,3.65874,1.06644,0,7.49222,8,0.818447,0.134028,0.124838,0.617406
616,-0.180411,3.65855,0.973752,0,7.49222,8,0.818447,0.134028,0.124838,0.617406
16,-0.0843393,3.65874,1.06644,0,7.49222,8,0.818447,0.134028,0.124838,0.617406
615,0.0216883,3.6589,1.11936,0,7.49222,8,0.818447,0.134028,0.124838,0.617406
615,0.0216883,3.6589,1.11936,0,7.49222,8,0.818447,0.134028,0.124838,0.617406
186,0.125029,3.65902,1.13787,0,7.49222,8,0.818447,0.134028,0.124838,0.617406
186,0.125029,3.65902,1.13787,0,7.49222,8,0.818447,0.134028,0.124838,0.617406
1044,0.22835,3.65891,1.11932,0,7.49222,8,0.818447,0.134028,0.124838,0.617406
1044,0.22835,3.65891,1.11932,0,7.49222,8,0.818447,0.134028,0.124838,0.617406
38,0.334407,3.65875,1.06642,0,7.49222,8,0.818447,0.134028,0.124838,0.617406
38,0.334407,3.65875,1.06642,0,7.49222,8,0.818447,0.134028,0.124838,0.617406
664,0.430484,3.65858,0.973706,0,7.49222,8,0.818447,0.134028,0.124838,0.617406
664,0.430484,3.65858,0.973706,0,7.49222,8,0.818447,0.134028,0.124838,0.617406
235,0.508557,3.65843,0.850485,0,7.49222,8,0.818447,0.134028,0.124838,0.617406
235,0.508557,3.65843,0.850485,0,7.49222,8,0.818447,0.134028,0.124838,0.617406
1093,0.560688,3.6583,0.701076,0,7.49222,8,0.818447,0.134028,0.124838,0.617406
1093,0.560688,3.6583,0.701076,0,7.49222,8,0.818447,0.134028,0.124838,0.617406
60,0.599159,3.6588,0.530693,0,7.49222,8,0.818447,0.134028,0.124838,0.617406
1045,-0.345794,3.66489,0.712339,1,7.49222,8,0.818447,0.134028,0.124838,0.617406
59,-0.38801,3.66461,0.536808,1,7.49222,8,0.818447,0.134028,0.124838,0.617406
187,-0.276576,3.66507,0.859738,1,7.49222,8,0.818447,0.134028,0.124838,0.617406
1045,-0.345794,3.66489,0.712339,1,7.49222,8,0.818447,0.134028,0.124838,0.617406
616,-0.185819,3.66517,0.975237,1,7.49222,8,0.818447,0.134028,0.124838,0.617406
187,-0.276576,3.66507,0.859738,1,7.49222,8,0.818447,0.134028,0.124838,0.617406
16,-0.0838852,3.66515,1.06022,1,7.49222,8,0.818447,0.134028,0.124838,0.617406
616,-0.185819,3.66517,0.975237,1,7.49222,8,0.818447,0.134028,0.124838,0.617406
16,-0.0838852,3.66515,1.06022,1,7.49222,8,0.818447,0.134028,0.124838,0.617406
615,0.0228918,3.66508,1.10811,1,7.49222,8,0.818447,0.134028,0.124838,0.617406
615,0.0228918,3.66508,1.10811,1,7.49222,8,0.818447,0.134028,0.124838,0.617406
186,0.124998,3.66503,1.12534,1,7.49222,8,0.818447,0.134028,0.124838,0.617406
186,0.124998,3.66503,1.12534,1,7.49222,8,0.818447,0.134028,0.124838,0.617406
1044,0.227104,3.66507,1.10808,1,7.49222,8,0.818447,0.134028,0.124838,0.617406
1044,0.227104,3.66507,1.10808,1,7.49222,8,0.818447,0.134028,0.124838,0.617406
38,0.333883,3.66512,1.06017,1,7.49222,8,0.818447,0.134028,0.124838,0.617406
38,0.333883,3.66512,1.06017,1,7.49222,8,0.818447,0.134028,0.124838,0.617406
664,0.435807,3.66514,0.975185,1,7.49222,8,0.818447,0.134028,0.124838,0.617406
664,0.435807,3.66514,0.975185,1,7.49222,8,0.818447,0.134028,0.124838,0.617406
235,0.526546,3.66504,0.859681,1,7.49222,8,0.818447,0.134028,0.124838,0.617406
235,0.526546,3.66504,0.859681,1,7.49222,8,0.818447,0.134028,0.124838,0.617406
1093,0.59576,3.66485,0.712341,1,7.49222,8,0.818447,0.134028,0.124838,0.617406
1093,0.59576,3.66485,0.712341,1,7.49222,8,0.818447,0.134028,0.124838,0.617406
60,0.637924,3.66477,0.536761,1,7.49222,8,0.818447,0.134028,0.124838,0.617406
