id,x,y,z,ablated,v,bulkheadyoungs,nickdepth,nickw,nickc,bbmin
1045,-0.248812,3.42608,0.639555,0,3.49222,12.5,0.703434,0.134028,0.124846,0.502392
59,-0.268077,3.42623,0.497889,0,3.49222,12.5,0.703434,0.134028,0.124846,0.502392
187,-0.208957,3.42587,0.771144,0,3.49222,12.5,0.703434,0.134028,0.124846,0.502392
1045,-0.248812,3.42608,0.639555,0,3.49222,12.5,0.703434,0.134028,0.124846,0.502392
616,-0.146449,3.42567,0.882759,0,3.49222,12.5,0.703434,0.134028,0.124846,0.502392
187,-0.208957,3.42587,0.771144,0,3.49222,12.5,0.703434,0.134028,0.124846,0.502392
16,-0.0676128,3.42553,0.97146,0,3.49222,12.5,0.703434,0.134028,0.124846,0.502392
616,-0.146449,3.42567,0.882759,0,3.49222,12.5,0.703434,0.134028,0.124846,0.502392
16,-0.0676128,3.42553,0.97146,0,3.49222,12.5,0.703434,0.134028,0.124846,0.502392
615,0.0258525,3.42543,1.02239,0,3.49222,12.5,0.703434,0.134028,0.124846,0.502392
615,0.0258525,3.42543,1.02239,0,3.49222,12.5,0.703434,0.134028,0.124846,0.502392
186,0.124999,3.42541,1.03876,0,3.49222,12.5,0.703434,0.134028,0.124846,0.502392
186,0.124999,3.42541,1.03876,0,3.49222,12.5,0.703434,0.134028,0.124846,0.502392
1044,0.224155,3.42543,1.02239,0,3.49222,12.5,0.703434,0.134028,0.124846,0.502392
1044,0.224155,3.42543,1.02239,0,3.49222,12.5,0.703434,0.134028,0.124846,0.502392
38,0.317611,3.42554,0.971473,0,3.49222,12.5,0.703434,0.134028,0.124846,0.502392
38,0.317611,3.42554,0.971473,0,3.49222,12.5,0.703434,0.134028,0.124846,0.502392
664,0.396462,3.42567,0.882792,0,3.49222,12.5,0.703434,0.134028,0.124846,0.502392
664,0.396462,3.42567,0.882792,0,3.49222,12.5,0.703434,0.134028,0.124846,0.502392
235,0.458958,3.42587,0.77119,0,3.49222,12.5,0.703434,0.134028,0.124846,0.502392
235,0.458958,3.42587,0.77119,0,3.49222,12.5,0.703434,0.134028,0.124846,0.502392
1093,0.498826,3.42605,0.639589,0,3.49222,12.5,0.703434,0.134028,0.124846,0.502392
1093,0.498826,3.42605,0.639589,0,3.49222,12.5,0.703434,0.134028,0.124846,0.502392
60,0.518128,3.4262,0.497989,0,3.49222,12.5,0.703434,0.134028,0.124846,0.502392
1045,-0.253478,3.43473,0.641787,1,3.49222,12.5,0.703434,0.134028,0.124846,0.502392
59,-0.275126,3.43493,0.500424,1,3.49222,12.5,0.703434,0.134028,0.124846,0.502392
187,-0.210616,3.43447,0.772266,1,3.49222,12.5,0.703434,0.134028,0.124846,0.502392
1045,-0.253478,3.43473,0.641787,1,3.49222,12.5,0.703434,0.134028,0.124846,0.502392
616,-0.146161,3.43419,0.88203,1,3.49222,12.5,0.703434,0.134028,0.124846,0.502392
187,-0.210616,3.43447,0.772266,1,3.49222,12.5,0.703434,0.134028,0.124846,0.502392
16,-0.0665995,3.43394,0.968982,1,3.49222,12.5,0.703434,0.134028,0.124846,0.502392
616,-0.146161,3.43419,0.88203,1,3.49222,12.5,0.703434,0.134028,0.124846,0.502392
16,-0.0665995,3.43394,0.968982,1,3.49222,12.5,0.703434,0.134028,0.124846,0.502392
615,0.026534,3.43377,1.01883,1,3.49222,12.5,0.703434,0.134028,0.124846,0.502392
615,0.026534,3.43377,1.01883,1,3.49222,12.5,0.703434,0.134028,0.124846,0.502392
186,0.125019,3.43371,1.03497,1,3.49222,12.5,0.703434,0.134028,0.124846,0.502392
186,0.125019,3.43371,1.03497,1,3.49222,12.5,0.703434,0.134028,0.124846,0.502392
1044,0.223499,3.43377,1.01881,1,3.49222,12.5,0.703434,0.134028,0.124846,0.502392
1044,0.223499,3.43377,1.01881,1,3.49222,12.5,0.703434,0.134028,0.124846,0.502392
38,0.316616,3.43395,0.96894,1,3.49222,12.5,0.703434,0.134028,0.124846,0.502392
38,0.316616,3.43395,0.96894,1,3.49222,12.5,0.703434,0.134028,0.124846,0.502392
664,0.396167,3.43419,0.881998,1,3.49222,12.5,0.703434,0.134028,0.124846,0.502392
664,0.396167,3.43419,0.881998,1,3.49222,12.5,0.703434,0.134028,0.124846,0.502392
235,0.460608,3.43448,0.772247,1,3.49222,12.5,0.703434,0.134028,0.124846,0.502392
235,0.460608,3.43448,0.772247,1,3.49222,12.5,0.703434,0.134028,0.124846,0.502392
1093,0.503486,3.43473,0.641798,1,3.49222,12.5,0.703434,0.134028,0.124846,0.502392
1093,0.503486,3.43473,0.641798,1,3.49222,12.5,0.703434,0.134028,0.124846,0.502392
60,0.525165,3.43494,0.500459,1,3.49222,12.5,0.703434,0.134028,0.124846,0.502392
1045,-0.254299,3.44317,0.647232,0,3.99222,12.5,0.71599,0.134028,0.124844,0.514948
59,-0.27496,3.4437,0.501871,0,3.99222,12.5,0.71599,0.134028,0.124844,0.514948
187,-0.213468,3.44289,0.780659,0,3.99222,12.5,0.71599,0.134028,0.124844,0.514948
1045,-0.254299,3.44317,0.647232,0,3.99222,12.5,0.71599,0.134028,0.124844,0.514948
616,-0.149247,3.44287,0.892959,0,3.99222,12.5,0.71599,0.134028,0.124844,0.514948
187,-0.213468,3.44289,0.780659,0,3.99222,12.5,0.71599,0.134028,0.124844,0.514948
16,-0.0683491,3.443,0.98112,0,3.99222,12.5,0.71599,0.134028,0.124844,0.514948
616,-0.149247,3.44287,0.892959,0,3.99222,12.5,0.71599,0.134028,0.124844,0.514948
16,-0.0683491,3.443,0.98112,0,3.99222,12.5,0.71599,0.134028,0.124844,0.514948
615,0.0259541,3.44321,1.03141,0,3.99222,12.5,0.71599,0.134028,0.124844,0.514948
615,0.0259541,3.44321,1.03141,0,3.99222,12.5,0.71599,0.134028,0.124844,0.514948
186,0.125012,3.44351,1.04756,0,3.99222,12.5,0.71599,0.134028,0.124844,0.514948
186,0.125012,3.44351,1.04756,0,3.99222,12.5,0.71599,0.134028,0.124844,0.514948
1044,0.224062,3.44324,1.03142,0,3.99222,12.5,0.71599,0.134028,0.124844,0.514948
1044,0.224062,3.44324,1.03142,0,3.99222,12.5,0.71599,0.134028,0.124844,0.514948
38,0.318405,3.44301,0.981131,0,3.99222,12.5,0.71599,0.134028,0.124844,0.514948
38,0.318405,3.44301,0.981131,0,3.99222,12.5,0.71599,0.134028,0.124844,0.514948
664,0.399301,3.44283,0.892982,0,3.99222,12.5,0.71599,0.134028,0.124844,0.514948
664,0.399301,3.44283,0.892982,0,3.99222,12.5,0.71599,0.134028,0.124844,0.514948
235,0.463459,3.4429,0.780621,0,3.99222,12.5,0.71599,0.134028,0.124844,0.514948
235,0.463459,3.4429,0.780621,0,3.99222,12.5,0.71599,0.134028,0.124844,0.514948
1093,0.504303,3.44313,0.647247,0,3.99222,12.5,0.71599,0.134028,0.124844,0.514948
1093,0.504303,3.44313,0.647247,0,3.99222,12.5,0.71599,0.134028,0.124844,0.514948
60,0.52497,3.44362,0.501893,0,3.99222,12.5,0.71599,0.134028,0.124844,0.514948
1045,-0.262509,3.46214,0.653245,1,3.99222,12.5,0.71599,0.134028,0.124844,0.514948
59,-0.286277,3.46243,0.507567,1,3.99222,12.5,0.71599,0.134028,0.124844,0.514948
187,-0.2162,3.46172,0.784891,1,3.99222,12.5,0.71599,0.134028,0.124844,0.514948
1045,-0.262509,3.46214,0.653245,1,3.99222,12.5,0.71599,0.134028,0.124844,0.514948
616,-0.148821,3.4614,0.894324,1,3.99222,12.5,0.71599,0.134028,0.124844,0.514948
187,-0.2162,3.46172,0.784891,1,3.99222,12.5,0.71599,0.134028,0.124844,0.514948
16,-0.0671183,3.46115,0.980204,1,3.99222,12.5,0.71599,0.134028,0.124844,0.514948
616,-0.148821,3.4614,0.894324,1,3.99222,12.5,0.71599,0.134028,0.124844,0.514948
16,-0.0671183,3.46115,0.980204,1,3.99222,12.5,0.71599,0.134028,0.124844,0.514948
615,0.0267491,3.46098,1.0292,1,3.99222,12.5,0.71599,0.134028,0.124844,0.514948
615,0.0267491,3.46098,1.0292,1,3.99222,12.5,0.71599,0.134028,0.124844,0.514948
186,0.125006,3.46092,1.04501,1,3.99222,12.5,0.71599,0.134028,0.124844,0.514948
186,0.125006,3.46092,1.04501,1,3.99222,12.5,0.71599,0.134028,0.124844,0.514948
1044,0.223253,3.46097,1.02915,1,3.99222,12.5,0.71599,0.134028,0.124844,0.514948
1044,0.223253,3.46097,1.02915,1,3.99222,12.5,0.71599,0.134028,0.124844,0.514948
38,0.317112,3.46114,0.980149,1,3.99222,12.5,0.71599,0.134028,0.124844,0.514948
38,0.317112,3.46114,0.980149,1,3.99222,12.5,0.71599,0.134028,0.124844,0.514948
664,0.398783,3.4614,0.894272,1,3.99222,12.5,0.71599,0.134028,0.124844,0.514948
664,0.398783,3.4614,0.894272,1,3.99222,12.5,0.71599,0.134028,0.124844,0.514948
235,0.466164,3.46173,0.784864,1,3.99222,12.5,0.71599,0.134028,0.124844,0.514948
235,0.466164,3.46173,0.784864,1,3.99222,12.5,0.71599,0.134028,0.124844,0.514948
1093,0.5125,3.46214,0.653234,1,3.99222,12.5,0.71599,0.134028,0.124844,0.514948
1093,0.5125,3.46214,0.653234,1,3.99222,12.5,0.71599,0.134028,0.124844,0.514948
60,0.536301,3.46245,0.507595,1,3.99222,12.5,0.71599,0.134028,0.124844,0.514948
1045,-0.261113,3.47524,0.658557,0,4.49222,12.5,0.735647,0.134028,0.124841,0.534605
59,-0.282167,3.47585,0.508914,0,4.49222,12.5,0.735647,0.134028,0.124841,0.534605
187,-0.219471,3.47513,0.794428,0,4.49222,12.5,0.735647,0.134028,0.124841,0.534605
1045,-0.261113,3.47524,0.658557,0,4.49222,12.5,0.735647,0.134028,0.124841,0.534605
616,-0.153214,3.4752,0.908188,0,4.49222,12.5,0.735647,0.134028,0.124841,0.534605
187,-0.219471,3.47513,0.794428,0,4.49222,12.5,0.735647,0.134028,0.124841,0.534605
16,-0.0698812,3.47559,0.996287,0,4.49222,12.5,0.735647,0.134028,0.124841,0.534605
616,-0.153214,3.4752,0.908188,0,4.49222,12.5,0.735647,0.134028,0.124841,0.534605
16,-0.0698812,3.47559,0.996287,0,4.49222,12.5,0.735647,0.134028,0.124841,0.534605
615,0.0258813,3.47595,1.04595,0,4.49222,12.5,0.735647,0.134028,0.124841,0.534605
615,0.0258813,3.47595,1.04595,0,4.49222,12.5,0.735647,0.134028,0.124841,0.534605
186,0.125014,3.47619,1.0618,0,4.49222,12.5,0.735647,0.134028,0.124841,0.534605
186,0.125014,3.47619,1.0618,0,4.49222,12.5,0.735647,0.134028,0.124841,0.534605
1044,0.224131,3.47594,1.04593,0,4.49222,12.5,0.735647,0.134028,0.124841,0.534605
1044,0.224131,3.47594,1.04593,0,4.49222,12.5,0.735647,0.134028,0.124841,0.534605
38,0.31993,3.47563,0.996328,0,4.49222,12.5,0.735647,0.134028,0.124841,0.534605
38,0.31993,3.47563,0.996328,0,4.49222,12.5,0.735647,0.134028,0.124841,0.534605
664,0.403202,3.47527,0.908185,0,4.49222,12.5,0.735647,0.134028,0.124841,0.534605
664,0.403202,3.47527,0.908185,0,4.49222,12.5,0.735647,0.134028,0.124841,0.534605
235,0.46946,3.47522,0.794455,0,4.49222,12.5,0.735647,0.134028,0.124841,0.534605
235,0.46946,3.47522,0.794455,0,4.49222,12.5,0.735647,0.134028,0.124841,0.534605
1093,0.511119,3.47531,0.658556,0,4.49222,12.5,0.735647,0.134028,0.124841,0.534605
1093,0.511119,3.47531,0.658556,0,4.49222,12.5,0.735647,0.134028,0.124841,0.534605
60,0.532221,3.47588,0.509005,0,4.49222,12.5,0.735647,0.134028,0.124841,0.534605
1045,-0.271395,3.49411,0.664303,1,4.49222,12.5,0.735647,0.134028,0.124841,0.534605
59,-0.297399,3.4945,0.514481,1,4.49222,12.5,0.735647,0.134028,0.124841,0.534605
187,-0.222054,3.49376,0.797384,1,4.49222,12.5,0.735647,0.134028,0.124841,0.534605
1045,-0.271395,3.49411,0.664303,1,4.49222,12.5,0.735647,0.134028,0.124841,0.534605
616,-0.151956,3.49346,0.906998,1,4.49222,12.5,0.735647,0.134028,0.124841,0.534605
187,-0.222054,3.49376,0.797384,1,4.49222,12.5,0.735647,0.134028,0.124841,0.534605
16,-0.0680967,3.49313,0.992233,1,4.49222,12.5,0.735647,0.134028,0.124841,0.534605
616,-0.151956,3.49346,0.906998,1,4.49222,12.5,0.735647,0.134028,0.124841,0.534605
16,-0.0680967,3.49313,0.992233,1,4.49222,12.5,0.735647,0.134028,0.124841,0.534605
615,0.0268146,3.49293,1.04074,1,4.49222,12.5,0.735647,0.134028,0.124841,0.534605
615,0.0268146,3.49293,1.04074,1,4.49222,12.5,0.735647,0.134028,0.124841,0.534605
186,0.125013,3.49287,1.05652,1,4.49222,12.5,0.735647,0.134028,0.124841,0.534605
186,0.125013,3.49287,1.05652,1,4.49222,12.5,0.735647,0.134028,0.124841,0.534605
1044,0.223202,3.49293,1.04068,1,4.49222,12.5,0.735647,0.134028,0.124841,0.534605
1044,0.223202,3.49293,1.04068,1,4.49222,12.5,0.735647,0.134028,0.124841,0.534605
38,0.318089,3.49313,0.992154,1,4.49222,12.5,0.735647,0.134028,0.124841,0.534605
38,0.318089,3.49313,0.992154,1,4.49222,12.5,0.735647,0.134028,0.124841,0.534605
664,0.401921,3.49346,0.906918,1,4.49222,12.5,0.735647,0.134028,0.124841,0.534605
664,0.401921,3.49346,0.906918,1,4.49222,12.5,0.735647,0.134028,0.124841,0.534605
235,0.472003,3.49376,0.797328,1,4.49222,12.5,0.735647,0.134028,0.124841,0.534605
235,0.472003,3.49376,0.797328,1,4.49222,12.5,0.735647,0.134028,0.124841,0.534605
1093,0.521379,3.4941,0.664286,1,4.49222,12.5,0.735647,0.134028,0.124841,0.534605
1093,0.521379,3.4941,0.664286,1,4.49222,12.5,0.735647,0.134028,0.124841,0.534605
60,0.54745,3.4945,0.514515,1,4.49222,12.5,0.735647,0.134028,0.124841,0.534605
1045,-0.265663,3.50818,0.668039,0,4.99222,12.5,0.749647,0.134028,0.124838,0.548605
59,-0.28853,3.50898,0.514761,0,4.99222,12.5,0.749647,0.134028,0.124838,0.548605
187,-0.222901,3.50794,0.805798,0,4.99222,12.5,0.749647,0.134028,0.124838,0.548605
1045,-0.265663,3.50818,0.668039,0,4.99222,12.5,0.749647,0.134028,0.124838,0.548605
616,-0.155756,3.50784,0.920856,0,4.99222,12.5,0.749647,0.134028,0.124838,0.548605
187,-0.222901,3.50794,0.805798,0,4.99222,12.5,0.749647,0.134028,0.124838,0.548605
16,-0.0713587,3.50813,1.00963,0,4.99222,12.5,0.749647,0.134028,0.124838,0.548605
616,-0.155756,3.50784,0.920856,0,4.99222,12.5,0.749647,0.134028,0.124838,0.548605
16,-0.0713587,3.50813,1.00963,0,4.99222,12.5,0.749647,0.134028,0.124838,0.548605
615,0.0254133,3.50864,1.06006,0,4.99222,12.5,0.749647,0.134028,0.124838,0.548605
615,0.0254133,3.50864,1.06006,0,4.99222,12.5,0.749647,0.134028,0.124838,0.548605
186,0.125039,3.50896,1.07645,0,4.99222,12.5,0.749647,0.134028,0.124838,0.548605
186,0.125039,3.50896,1.07645,0,4.99222,12.5,0.749647,0.134028,0.124838,0.548605
1044,0.224645,3.50864,1.06002,0,4.99222,12.5,0.749647,0.134028,0.124838,0.548605
1044,0.224645,3.50864,1.06002,0,4.99222,12.5,0.749647,0.134028,0.124838,0.548605
38,0.321484,3.50815,1.00972,0,4.99222,12.5,0.749647,0.134028,0.124838,0.548605
38,0.321484,3.50815,1.00972,0,4.99222,12.5,0.749647,0.134028,0.124838,0.548605
664,0.405824,3.50784,0.92079,0,4.99222,12.5,0.749647,0.134028,0.124838,0.548605
664,0.405824,3.50784,0.92079,0,4.99222,12.5,0.749647,0.134028,0.124838,0.548605
235,0.473002,3.50794,0.805679,0,4.99222,12.5,0.749647,0.134028,0.124838,0.548605
235,0.473002,3.50794,0.805679,0,4.99222,12.5,0.749647,0.134028,0.124838,0.548605
1093,0.51573,3.5082,0.668,0,4.99222,12.5,0.749647,0.134028,0.124838,0.548605
1093,0.51573,3.5082,0.668,0,4.99222,12.5,0.749647,0.134028,0.124838,0.548605
60,0.538562,3.50904,0.514963,0,4.99222,12.5,0.749647,0.134028,0.124838,0.548605
1045,-0.27967,3.52675,0.674373,1,4.99222,12.5,0.749647,0.134028,0.124838,0.548605
59,-0.307716,3.52709,0.520617,1,4.99222,12.5,0.749647,0.134028,0.124838,0.548605
187,-0.22791,3.52646,0.809196,1,4.99222,12.5,0.749647,0.134028,0.124838,0.548605
1045,-0.27967,3.52675,0.674373,1,4.99222,12.5,0.749647,0.134028,0.124838,0.548605
616,-0.155394,3.52617,0.919453,1,4.99222,12.5,0.749647,0.134028,0.124838,0.548605
187,-0.22791,3.52646,0.809196,1,4.99222,12.5,0.749647,0.134028,0.124838,0.548605
16,-0.0694295,3.52587,1.00451,1,4.99222,12.5,0.749647,0.134028,0.124838,0.548605
616,-0.155394,3.52617,0.919453,1,4.99222,12.5,0.749647,0.134028,0.124838,0.548605
16,-0.0694295,3.52587,1.00451,1,4.99222,12.5,0.749647,0.134028,0.124838,0.548605
615,0.0266715,3.52568,1.05279,1,4.99222,12.5,0.749647,0.134028,0.124838,0.548605
615,0.0266715,3.52568,1.05279,1,4.99222,12.5,0.749647,0.134028,0.124838,0.548605
186,0.125025,3.5256,1.06871,1,4.99222,12.5,0.749647,0.134028,0.124838,0.548605
186,0.125025,3.5256,1.06871,1,4.99222,12.5,0.749647,0.134028,0.124838,0.548605
1044,0.223371,3.52568,1.05273,1,4.99222,12.5,0.749647,0.134028,0.124838,0.548605
1044,0.223371,3.52568,1.05273,1,4.99222,12.5,0.749647,0.134028,0.124838,0.548605
38,0.319437,3.52587,1.00442,1,4.99222,12.5,0.749647,0.134028,0.124838,0.548605
38,0.319437,3.52587,1.00442,1,4.99222,12.5,0.749647,0.134028,0.124838,0.548605
664,0.405377,3.52617,0.919374,1,4.99222,12.5,0.749647,0.134028,0.124838,0.548605
664,0.405377,3.52617,0.919374,1,4.99222,12.5,0.749647,0.134028,0.124838,0.548605
235,0.477881,3.52645,0.809143,1,4.99222,12.5,0.749647,0.134028,0.124838,0.548605
235,0.477881,3.52645,0.809143,1,4.99222,12.5,0.749647,0.134028,0.124838,0.548605
1093,0.529684,3.52675,0.674365,1,4.99222,12.5,0.749647,0.134028,0.124838,0.548605
1093,0.529684,3.52675,0.674365,1,4.99222,12.5,0.749647,0.134028,0.124838,0.548605
60,0.55779,3.52711,0.520659,1,4.99222,12.5,0.749647,0.134028,0.124838,0.548605
1045,-0.271645,3.54259,0.676739,0,5.49222,12.5,0.764287,0.134028,0.124834,0.563245
59,-0.296921,3.54333,0.520645,0,5.49222,12.5,0.764287,0.134028,0.124834,0.563245
187,-0.227627,3.54251,0.81607,0,5.49222,12.5,0.764287,0.134028,0.124834,0.563245
1045,-0.271645,3.54259,0.676739,0,5.49222,12.5,0.764287,0.134028,0.124834,0.563245
616,-0.158859,3.54254,0.93235,0,5.49222,12.5,0.764287,0.134028,0.124834,0.563245
187,-0.227627,3.54251,0.81607,0,5.49222,12.5,0.764287,0.134028,0.124834,0.563245
16,-0.0728949,3.5429,1.0218,0,5.49222,12.5,0.764287,0.134028,0.124834,0.563245
616,-0.158859,3.54254,0.93235,0,5.49222,12.5,0.764287,0.134028,0.124834,0.563245
16,-0.0728949,3.5429,1.0218,0,5.49222,12.5,0.764287,0.134028,0.124834,0.563245
615,0.0250134,3.54324,1.07244,0,5.49222,12.5,0.764287,0.134028,0.124834,0.563245
615,0.0250134,3.54324,1.07244,0,5.49222,12.5,0.764287,0.134028,0.124834,0.563245
186,0.125011,3.54338,1.08913,0,5.49222,12.5,0.764287,0.134028,0.124834,0.563245
186,0.125011,3.54338,1.08913,0,5.49222,12.5,0.764287,0.134028,0.124834,0.563245
1044,0.225007,3.54326,1.07251,0,5.49222,12.5,0.764287,0.134028,0.124834,0.563245
1044,0.225007,3.54326,1.07251,0,5.49222,12.5,0.764287,0.134028,0.124834,0.563245
38,0.322972,3.54293,1.02177,0,5.49222,12.5,0.764287,0.134028,0.124834,0.563245
38,0.322972,3.54293,1.02177,0,5.49222,12.5,0.764287,0.134028,0.124834,0.563245
664,0.408981,3.54256,0.932274,0,5.49222,12.5,0.764287,0.134028,0.124834,0.563245
664,0.408981,3.54256,0.932274,0,5.49222,12.5,0.764287,0.134028,0.124834,0.563245
235,0.477673,3.54247,0.816078,0,5.49222,12.5,0.764287,0.134028,0.124834,0.563245
235,0.477673,3.54247,0.816078,0,5.49222,12.5,0.764287,0.134028,0.124834,0.563245
1093,0.521664,3.54262,0.676777,0,5.49222,12.5,0.764287,0.134028,0.124834,0.563245
1093,0.521664,3.54262,0.676777,0,5.49222,12.5,0.764287,0.134028,0.124834,0.563245
60,0.546871,3.54334,0.520788,0,5.49222,12.5,0.764287,0.134028,0.124834,0.563245
1045,-0.291646,3.55827,0.684637,1,5.49222,12.5,0.764287,0.134028,0.124834,0.563245
59,-0.322644,3.55862,0.526942,1,5.49222,12.5,0.764287,0.134028,0.124834,0.563245
187,-0.235579,3.55802,0.820898,1,5.49222,12.5,0.764287,0.134028,0.124834,0.563245
1045,-0.291646,3.55827,0.684637,1,5.49222,12.5,0.764287,0.134028,0.124834,0.563245
616,-0.159188,3.55777,0.930841,1,5.49222,12.5,0.764287,0.134028,0.124834,0.563245
187,-0.235579,3.55802,0.820898,1,5.49222,12.5,0.764287,0.134028,0.124834,0.563245
16,-0.0705608,3.55748,1.01482,1,5.49222,12.5,0.764287,0.134028,0.124834,0.563245
616,-0.159188,3.55777,0.930841,1,5.49222,12.5,0.764287,0.134028,0.124834,0.563245
16,-0.0705608,3.55748,1.01482,1,5.49222,12.5,0.764287,0.134028,0.124834,0.563245
615,0.0266811,3.55728,1.06244,1,5.49222,12.5,0.764287,0.134028,0.124834,0.563245
615,0.0266811,3.55728,1.06244,1,5.49222,12.5,0.764287,0.134028,0.124834,0.563245
186,0.125015,3.55721,1.07856,1,5.49222,12.5,0.764287,0.134028,0.124834,0.563245
186,0.125015,3.55721,1.07856,1,5.49222,12.5,0.764287,0.134028,0.124834,0.563245
1044,0.223419,3.55729,1.06275,1,5.49222,12.5,0.764287,0.134028,0.124834,0.563245
1044,0.223419,3.55729,1.06275,1,5.49222,12.5,0.764287,0.134028,0.124834,0.563245
38,0.320872,3.55748,1.01536,1,5.49222,12.5,0.764287,0.134028,0.124834,0.563245
38,0.320872,3.55748,1.01536,1,5.49222,12.5,0.764287,0.134028,0.124834,0.563245
664,0.409689,3.55776,0.931362,1,5.49222,12.5,0.764287,0.134028,0.124834,0.563245
664,0.409689,3.55776,0.931362,1,5.49222,12.5,0.764287,0.134028,0.124834,0.563245
235,0.485995,3.55803,0.821174,1,5.49222,12.5,0.764287,0.134028,0.124834,0.563245
235,0.485995,3.55803,0.821174,1,5.49222,12.5,0.764287,0.134028,0.124834,0.563245
1093,0.541601,3.55828,0.684713,1,5.49222,12.5,0.764287,0.134028,0.124834,0.563245
1093,0.541601,3.55828,0.684713,1,5.49222,12.5,0.764287,0.134028,0.124834,0.563245
60,0.572284,3.55863,0.527078,1,5.49222,12.5,0.764287,0.134028,0.124834,0.563245
1045,-0.277788,3.57357,0.684106,0,5.99222,12.5,0.776718,0.134028,0.12485,0.575676
59,-0.305806,3.57442,0.52534,0,5.99222,12.5,0.776718,0.134028,0.12485,0.575676
187,-0.23234,3.57336,0.825224,0,5.99222,12.5,0.776718,0.134028,0.12485,0.575676
1045,-0.277788,3.57357,0.684106,0,5.99222,12.5,0.776718,0.134028,0.12485,0.575676
616,-0.16197,3.57335,0.942566,0,5.99222,12.5,0.776718,0.134028,0.12485,0.575676
187,-0.23234,3.57336,0.825224,0,5.99222,12.5,0.776718,0.134028,0.12485,0.575676
16,-0.0742949,3.57361,1.03229,0,5.99222,12.5,0.776718,0.134028,0.12485,0.575676
616,-0.16197,3.57335,0.942566,0,5.99222,12.5,0.776718,0.134028,0.12485,0.575676
16,-0.0742949,3.57361,1.03229,0,5.99222,12.5,0.776718,0.134028,0.12485,0.575676
615,0.024778,3.57389,1.08337,0,5.99222,12.5,0.776718,0.134028,0.12485,0.575676
615,0.024778,3.57389,1.08337,0,5.99222,12.5,0.776718,0.134028,0.12485,0.575676
186,0.125019,3.57415,1.10053,0,5.99222,12.5,0.776718,0.134028,0.12485,0.575676
186,0.125019,3.57415,1.10053,0,5.99222,12.5,0.776718,0.134028,0.12485,0.575676
1044,0.225254,3.57392,1.0834,0,5.99222,12.5,0.776718,0.134028,0.12485,0.575676
1044,0.225254,3.57392,1.0834,0,5.99222,12.5,0.776718,0.134028,0.12485,0.575676
38,0.324236,3.57363,1.03239,0,5.99222,12.5,0.776718,0.134028,0.12485,0.575676
38,0.324236,3.57363,1.03239,0,5.99222,12.5,0.776718,0.134028,0.12485,0.575676
664,0.411973,3.57339,0.942561,0,5.99222,12.5,0.776718,0.134028,0.12485,0.575676
664,0.411973,3.57339,0.942561,0,5.99222,12.5,0.776718,0.134028,0.12485,0.575676
235,0.482382,3.57338,0.82516,0,5.99222,12.5,0.776718,0.134028,0.12485,0.575676
235,0.482382,3.57338,0.82516,0,5.99222,12.5,0.776718,0.134028,0.12485,0.575676
1093,0.527856,3.57349,0.684081,0,5.99222,12.5,0.776718,0.134028,0.12485,0.575676
1093,0.527856,3.57349,0.684081,0,5.99222,12.5,0.776718,0.134028,0.12485,0.575676
60,0.555945,3.57436,0.525371,0,5.99222,12.5,0.776718,0.134028,0.12485,0.575676
1045,-0.299696,3.58818,0.692722,1,5.99222,12.5,0.776718,0.134028,0.12485,0.575676
59,-0.332907,3.5885,0.531687,1,5.99222,12.5,0.776718,0.134028,0.12485,0.575676
187,-0.241433,3.58802,0.830706,1,5.99222,12.5,0.776718,0.134028,0.12485,0.575676
1045,-0.299696,3.58818,0.692722,1,5.99222,12.5,0.776718,0.134028,0.12485,0.575676
616,-0.162816,3.58785,0.941458,1,5.99222,12.5,0.776718,0.134028,0.12485,0.575676
187,-0.241433,3.58802,0.830706,1,5.99222,12.5,0.776718,0.134028,0.12485,0.575676
16,-0.072229,3.58764,1.02555,1,5.99222,12.5,0.776718,0.134028,0.12485,0.575676
616,-0.162816,3.58785,0.941458,1,5.99222,12.5,0.776718,0.134028,0.12485,0.575676
16,-0.072229,3.58764,1.02555,1,5.99222,12.5,0.776718,0.134028,0.12485,0.575676
615,0.0263187,3.58748,1.07322,1,5.99222,12.5,0.776718,0.134028,0.12485,0.575676
615,0.0263187,3.58748,1.07322,1,5.99222,12.5,0.776718,0.134028,0.12485,0.575676
186,0.125031,3.5874,1.08963,1,5.99222,12.5,0.776718,0.134028,0.12485,0.575676
186,0.125031,3.5874,1.08963,1,5.99222,12.5,0.776718,0.134028,0.12485,0.575676
1044,0.223819,3.58748,1.07355,1,5.99222,12.5,0.776718,0.134028,0.12485,0.575676
1044,0.223819,3.58748,1.07355,1,5.99222,12.5,0.776718,0.134028,0.12485,0.575676
38,0.322581,3.58765,1.02612,1,5.99222,12.5,0.776718,0.134028,0.12485,0.575676
38,0.322581,3.58765,1.02612,1,5.99222,12.5,0.776718,0.134028,0.12485,0.575676
664,0.41337,3.58787,0.942015,1,5.99222,12.5,0.776718,0.134028,0.12485,0.575676
664,0.41337,3.58787,0.942015,1,5.99222,12.5,0.776718,0.134028,0.12485,0.575676
235,0.491898,3.58803,0.831004,1,5.99222,12.5,0.776718,0.134028,0.12485,0.575676
235,0.491898,3.58803,0.831004,1,5.99222,12.5,0.776718,0.134028,0.12485,0.575676
1093,0.549656,3.58819,0.692801,1,5.99222,12.5,0.776718,0.134028,0.12485,0.575676
1093,0.549656,3.58819,0.692801,1,5.99222,12.5,0.776718,0.134028,0.12485,0.575676
60,0.582526,3.5885,0.531842,1,5.99222,12.5,0.776718,0.134028,0.12485,0.575676
1045,-0.283507,3.60438,0.691354,0,6.49222,12.5,0.789789,0.134028,0.124847,0.588747
59,-0.313834,3.60507,0.529838,0,6.49222,12.5,0.789789,0.134028,0.124847,0.588747
187,-0.237002,3.6043,0.834249,0,6.49222,12.5,0.789789,0.134028,0.124847,0.588747
1045,-0.283507,3.60438,0.691354,0,6.49222,12.5,0.789789,0.134028,0.124847,0.588747
616,-0.165223,3.6045,0.952777,0,6.49222,12.5,0.789789,0.134028,0.124847,0.588747
187,-0.237002,3.6043,0.834249,0,6.49222,12.5,0.789789,0.134028,0.124847,0.588747
16,-0.0760491,3.60492,1.04345,0,6.49222,12.5,0.789789,0.134028,0.124847,0.588747
616,-0.165223,3.6045,0.952777,0,6.49222,12.5,0.789789,0.134028,0.124847,0.588747
16,-0.0760491,3.60492,1.04345,0,6.49222,12.5,0.789789,0.134028,0.124847,0.588747
615,0.0241761,3.60533,1.09498,0,6.49222,12.5,0.789789,0.134028,0.124847,0.588747
615,0.0241761,3.60533,1.09498,0,6.49222,12.5,0.789789,0.134028,0.124847,0.588747
186,0.125043,3.60554,1.11251,0,6.49222,12.5,0.789789,0.134028,0.124847,0.588747
186,0.125043,3.60554,1.11251,0,6.49222,12.5,0.789789,0.134028,0.124847,0.588747
1044,0.225792,3.6053,1.095,0,6.49222,12.5,0.789789,0.134028,0.124847,0.588747
1044,0.225792,3.6053,1.095,0,6.49222,12.5,0.789789,0.134028,0.124847,0.588747
38,0.32604,3.6049,1.04339,0,6.49222,12.5,0.789789,0.134028,0.124847,0.588747
38,0.32604,3.6049,1.04339,0,6.49222,12.5,0.789789,0.134028,0.124847,0.588747
664,0.415299,3.60449,0.952811,0,6.49222,12.5,0.789789,0.134028,0.124847,0.588747
664,0.415299,3.60449,0.952811,0,6.49222,12.5,0.789789,0.134028,0.124847,0.588747
235,0.487037,3.60434,0.83419,0,6.49222,12.5,0.789789,0.134028,0.124847,0.588747
235,0.487037,3.60434,0.83419,0,6.49222,12.5,0.789789,0.134028,0.124847,0.588747
1093,0.533587,3.60439,0.691298,0,6.49222,12.5,0.789789,0.134028,0.124847,0.588747
1093,0.533587,3.60439,0.691298,0,6.49222,12.5,0.789789,0.134028,0.124847,0.588747
60,0.563839,3.60506,0.529937,0,6.49222,12.5,0.789789,0.134028,0.124847,0.588747
1045,-0.312454,3.61674,0.701481,1,6.49222,12.5,0.789789,0.134028,0.124847,0.588747
59,-0.348129,3.61694,0.536766,1,6.49222,12.5,0.789789,0.134028,0.124847,0.588747
187,-0.250365,3.61667,0.841256,1,6.49222,12.5,0.789789,0.134028,0.124847,0.588747
1045,-0.312454,3.61674,0.701481,1,6.49222,12.5,0.789789,0.134028,0.124847,0.588747
616,-0.167767,3.61662,0.952076,1,6.49222,12.5,0.789789,0.134028,0.124847,0.588747
187,-0.250365,3.61667,0.841256,1,6.49222,12.5,0.789789,0.134028,0.124847,0.588747
16,-0.0741303,3.6165,1.03517,1,6.49222,12.5,0.789789,0.134028,0.124847,0.588747
616,-0.167767,3.61662,0.952076,1,6.49222,12.5,0.789789,0.134028,0.124847,0.588747
16,-0.0741303,3.6165,1.03517,1,6.49222,12.5,0.789789,0.134028,0.124847,0.588747
615,0.0260034,3.61639,1.08195,1,6.49222,12.5,0.789789,0.134028,0.124847,0.588747
615,0.0260034,3.61639,1.08195,1,6.49222,12.5,0.789789,0.134028,0.124847,0.588747
186,0.125007,3.61633,1.09824,1,6.49222,12.5,0.789789,0.134028,0.124847,0.588747
186,0.125007,3.61633,1.09824,1,6.49222,12.5,0.789789,0.134028,0.124847,0.588747
1044,0.224009,3.6164,1.08193,1,6.49222,12.5,0.789789,0.134028,0.124847,0.588747
1044,0.224009,3.6164,1.08193,1,6.49222,12.5,0.789789,0.134028,0.124847,0.588747
38,0.324139,3.6165,1.03515,1,6.49222,12.5,0.789789,0.134028,0.124847,0.588747
38,0.324139,3.6165,1.03515,1,6.49222,12.5,0.789789,0.134028,0.124847,0.588747
664,0.417777,3.61662,0.95207,1,6.49222,12.5,0.789789,0.134028,0.124847,0.588747
664,0.417777,3.61662,0.95207,1,6.49222,12.5,0.789789,0.134028,0.124847,0.588747
235,0.500385,3.61668,0.841254,1,6.49222,12.5,0.789789,0.134028,0.124847,0.588747
235,0.500385,3.61668,0.841254,1,6.49222,12.5,0.789789,0.134028,0.124847,0.588747
1093,0.562439,3.61673,0.701482,1,6.49222,12.5,0.789789,0.134028,0.124847,0.588747
1093,0.562439,3.61673,0.701482,1,6.49222,12.5,0.789789,0.134028,0.124847,0.588747
60,0.598127,3.61695,0.53683,1,6.49222,12.5,0.789789,0.134028,0.124847,0.588747
1045,-0.289344,3.63398,0.697793,0,6.99222,12.5,0.800223,0.134028,0.124837,0.599181
59,-0.322306,3.63447,0.534219,0,6.99222,12.5,0.800223,0.134028,0.124837,0.599181
187,-0.241182,3.63402,0.842017,0,6.99222,12.5,0.800223,0.134028,0.124837,0.599181
1045,-0.289344,3.63398,0.697793,0,6.99222,12.5,0.800223,0.134028,0.124837,0.599181
616,-0.16815,3.63424,0.9618,0,6.99222,12.5,0.800223,0.134028,0.124837,0.599181
187,-0.241182,3.63402,0.842017,0,6.99222,12.5,0.800223,0.134028,0.124837,0.599181
16,-0.0776737,3.63457,1.05298,0,6.99222,12.5,0.800223,0.134028,0.124837,0.599181
616,-0.16815,3.63424,0.9618,0,6.99222,12.5,0.800223,0.134028,0.124837,0.599181
16,-0.0776737,3.63457,1.05298,0,6.99222,12.5,0.800223,0.134028,0.124837,0.599181
615,0.0237657,3.63492,1.1047,0,6.99222,12.5,0.800223,0.134028,0.124837,0.599181
615,0.0237657,3.63492,1.1047,0,6.99222,12.5,0.800223,0.134028,0.124837,0.599181
186,0.125022,3.6351,1.12258,0,6.99222,12.5,0.800223,0.134028,0.124837,0.599181
186,0.125022,3.6351,1.12258,0,6.99222,12.5,0.800223,0.134028,0.124837,0.599181
1044,0.226262,3.63493,1.1047,0,6.99222,12.5,0.800223,0.134028,0.124837,0.599181
1044,0.226262,3.63493,1.1047,0,6.99222,12.5,0.800223,0.134028,0.124837,0.599181
38,0.327704,3.6346,1.05296,0,6.99222,12.5,0.800223,0.134028,0.124837,0.599181
38,0.327704,3.6346,1.05296,0,6.99222,12.5,0.800223,0.134028,0.124837,0.599181
664,0.418164,3.63423,0.96177,0,6.99222,12.5,0.800223,0.134028,0.124837,0.599181
664,0.418164,3.63423,0.96177,0,6.99222,12.5,0.800223,0.134028,0.124837,0.599181
235,0.49123,3.63399,0.842029,0,6.99222,12.5,0.800223,0.134028,0.124837,0.599181
235,0.49123,3.63399,0.842029,0,6.99222,12.5,0.800223,0.134028,0.124837,0.599181
1093,0.539391,3.63396,0.697852,0,6.99222,12.5,0.800223,0.134028,0.124837,0.599181
1093,0.539391,3.63396,0.697852,0,6.99222,12.5,0.800223,0.134028,0.124837,0.599181
60,0.572364,3.63453,0.534255,0,6.99222,12.5,0.800223,0.134028,0.124837,0.599181
1045,-0.320188,3.64409,0.708481,1,6.99222,12.5,0.800223,0.134028,0.124837,0.599181
59,-0.357983,3.64422,0.540828,1,6.99222,12.5,0.800223,0.134028,0.124837,0.599181
187,-0.256159,3.64412,0.849965,1,6.99222,12.5,0.800223,0.134028,0.124837,0.599181
1045,-0.320188,3.64409,0.708481,1,6.99222,12.5,0.800223,0.134028,0.124837,0.599181
616,-0.171525,3.64413,0.961724,1,6.99222,12.5,0.800223,0.134028,0.124837,0.599181
187,-0.256159,3.64412,0.849965,1,6.99222,12.5,0.800223,0.134028,0.124837,0.599181
16,-0.0760446,3.64405,1.04513,1,6.99222,12.5,0.800223,0.134028,0.124837,0.599181
616,-0.171525,3.64413,0.961724,1,6.99222,12.5,0.800223,0.134028,0.124837,0.599181
16,-0.0760446,3.64405,1.04513,1,6.99222,12.5,0.800223,0.134028,0.124837,0.599181
615,0.0254462,3.64396,1.09209,1,6.99222,12.5,0.800223,0.134028,0.124837,0.599181
615,0.0254462,3.64396,1.09209,1,6.99222,12.5,0.800223,0.134028,0.124837,0.599181
186,0.124992,3.64391,1.10868,1,6.99222,12.5,0.800223,0.134028,0.124837,0.599181
186,0.124992,3.64391,1.10868,1,6.99222,12.5,0.800223,0.134028,0.124837,0.599181
1044,0.224543,3.64397,1.09207,1,6.99222,12.5,0.800223,0.134028,0.124837,0.599181
1044,0.224543,3.64397,1.09207,1,6.99222,12.5,0.800223,0.134028,0.124837,0.599181
38,0.326037,3.64405,1.04513,1,6.99222,12.5,0.800223,0.134028,0.124837,0.599181
38,0.326037,3.64405,1.04513,1,6.99222,12.5,0.800223,0.134028,0.124837,0.599181
664,0.42153,3.64413,0.961737,1,6.99222,12.5,0.800223,0.134028,0.124837,0.599181
664,0.42153,3.64413,0.961737,1,6.99222,12.5,0.800223,0.134028,0.124837,0.599181
235,0.506179,3.64413,0.849982,1,6.99222,12.5,0.800223,0.134028,0.124837,0.599181
235,0.506179,3.64413,0.849982,1,6.99222,12.5,0.800223,0.134028,0.124837,0.599181
1093,0.570176,3.64409,0.708498,1,6.99222,12.5,0.800223,0.134028,0.124837,0.599181
1093,0.570176,3.64409,0.708498,1,6.99222,12.5,0.800223,0.134028,0.124837,0.599181
60,0.607981,3.64423,0.5409,1,6.99222,12.5,0.800223,0.134028,0.124837,0.599181
1045,-0.295031,3.6621,0.704345,0,7.49222,12.5,0.811343,0.134028,0.124834,0.610301
59,-0.330027,3.66264,0.538348,0,7.49222,12.5,0.811343,0.134028,0.124834,0.610301
187,-0.245824,3.66224,0.850135,0,7.49222,12.5,0.811343,0.134028,0.124834,0.610301
1045,-0.295031,3.6621,0.704345,0,7.49222,12.5,0.811343,0.134028,0.124834,0.610301
616,-0.171395,3.66247,0.97099,0,7.49222,12.5,0.811343,0.134028,0.124834,0.610301
187,-0.245824,3.66224,0.850135,0,7.49222,12.5,0.811343,0.134028,0.124834,0.610301
16,-0.0793158,3.66285,1.06261,0,7.49222,12.5,0.811343,0.134028,0.124834,0.610301
616,-0.171395,3.66247,0.97099,0,7.49222,12.5,0.811343,0.134028,0.124834,0.610301
16,-0.0793158,3.66285,1.06261,0,7.49222,12.5,0.811343,0.134028,0.124834,0.610301
615,0.0233244,3.66317,1.1145,0,7.49222,12.5,0.811343,0.134028,0.124834,0.610301
615,0.0233244,3.66317,1.1145,0,7.49222,12.5,0.811343,0.134028,0.124834,0.610301
186,0.125003,3.66335,1.13265,0,7.49222,12.5,0.811343,0.134028,0.124834,0.610301
186,0.125003,3.66335,1.13265,0,7.49222,12.5,0.811343,0.134028,0.124834,0.610301
1044,0.226685,3.66317,1.1145,0,7.49222,12.5,0.811343,0.134028,0.124834,0.610301
1044,0.226685,3.66317,1.1145,0,7.49222,12.5,0.811343,0.134028,0.124834,0.610301
38,0.329369,3.66286,1.06261,0,7.49222,12.5,0.811343,0.134028,0.124834,0.610301
38,0.329369,3.66286,1.06261,0,7.49222,12.5,0.811343,0.134028,0.124834,0.610301
664,0.421447,3.66249,0.970949,0,7.49222,12.5,0.811343,0.134028,0.124834,0.610301
664,0.421447,3.66249,0.970949,0,7.49222,12.5,0.811343,0.134028,0.124834,0.610301
235,0.495882,3.66225,0.850106,0,7.49222,12.5,0.811343,0.134028,0.124834,0.610301
235,0.495882,3.66225,0.850106,0,7.49222,12.5,0.811343,0.134028,0.124834,0.610301
1093,0.545072,3.66211,0.704353,0,7.49222,12.5,0.811343,0.134028,0.124834,0.610301
1093,0.545072,3.66211,0.704353,0,7.49222,12.5,0.811343,0.134028,0.124834,0.610301
60,0.58009,3.66264,0.538396,0,7.49222,12.5,0.811343,0.134028,0.124834,0.610301
1045,-0.327572,3.67022,0.714845,1,7.49222,12.5,0.811343,0.134028,0.124834,0.610301
59,-0.367498,3.6703,0.544434,1,7.49222,12.5,0.811343,0.134028,0.124834,0.610301
187,-0.261717,3.67034,0.857991,1,7.49222,12.5,0.811343,0.134028,0.124834,0.610301
1045,-0.327572,3.67022,0.714845,1,7.49222,12.5,0.811343,0.134028,0.124834,0.610301
616,-0.175216,3.67041,0.970745,1,7.49222,12.5,0.811343,0.134028,0.124834,0.610301
187,-0.261717,3.67034,0.857991,1,7.49222,12.5,0.811343,0.134028,0.124834,0.610301
16,-0.077982,3.67039,1.05457,1,7.49222,12.5,0.811343,0.134028,0.124834,0.610301
616,-0.175216,3.67041,0.970745,1,7.49222,12.5,0.811343,0.134028,0.124834,0.610301
16,-0.077982,3.67039,1.05457,1,7.49222,12.5,0.811343,0.134028,0.124834,0.610301
615,0.0248456,3.67033,1.10182,1,7.49222,12.5,0.811343,0.134028,0.124834,0.610301
615,0.0248456,3.67033,1.10182,1,7.49222,12.5,0.811343,0.134028,0.124834,0.610301
186,0.124994,3.67028,1.11879,1,7.49222,12.5,0.811343,0.134028,0.124834,0.610301
186,0.124994,3.67028,1.11879,1,7.49222,12.5,0.811343,0.134028,0.124834,0.610301
1044,0.22515,3.67033,1.10182,1,7.49222,12.5,0.811343,0.134028,0.124834,0.610301
1044,0.22515,3.67033,1.10182,1,7.49222,12.5,0.811343,0.134028,0.124834,0.610301
38,0.327988,3.67038,1.05458,1,7.49222,12.5,0.811343,0.134028,0.124834,0.610301
38,0.327988,3.67038,1.05458,1,7.49222,12.5,0.811343,0.134028,0.124834,0.610301
664,0.42523,3.67041,0.970771,1,7.49222,12.5,0.811343,0.134028,0.124834,0.610301
664,0.42523,3.67041,0.970771,1,7.49222,12.5,0.811343,0.134028,0.124834,0.610301
235,0.511737,3.67033,0.858019,1,7.49222,12.5,0.811343,0.134028,0.124834,0.610301
235,0.511737,3.67033,0.858019,1,7.49222,12.5,0.811343,0.134028,0.124834,0.610301
1093,0.577562,3.67022,0.714872,1,7.49222,12.5,0.811343,0.134028,0.124834,0.610301
1093,0.577562,3.67022,0.714872,1,7.49222,12.5,0.811343,0.134028,0.124834,0.610301
60,0.61749,3.67031,0.544516,1,7.49222,12.5,0.811343,0.134028,0.124834,0.610301
