id,x,y,z,ablated,v,bulkheadyoungs,nickdepth,nickw,nickc,bbmin
1045,-0.247451,3.42488,0.639488,0,3.49222,21.5,0.702991,0.134028,0.124845,0.501949
59,-0.265911,3.42501,0.498535,0,3.49222,21.5,0.702991,0.134028,0.124845,0.501949
187,-0.208169,3.42482,0.771002,0,3.49222,21.5,0.702991,0.134028,0.124845,0.501949
1045,-0.247451,3.42488,0.639488,0,3.49222,21.5,0.702991,0.134028,0.124845,0.501949
616,-0.145957,3.42471,0.882608,0,3.49222,21.5,0.702991,0.134028,0.124845,0.501949
187,-0.208169,3.42482,0.771002,0,3.49222,21.5,0.702991,0.134028,0.124845,0.501949
16,-0.0674687,3.42464,0.97127,0,3.49222,21.5,0.702991,0.134028,0.124845,0.501949
616,-0.145957,3.42471,0.882608,0,3.49222,21.5,0.702991,0.134028,0.124845,0.501949
16,-0.0674687,3.42464,0.97127,0,3.49222,21.5,0.702991,0.134028,0.124845,0.501949
615,0.0258373,3.42458,1.02223,0,3.49222,21.5,0.702991,0.134028,0.124845,0.501949
615,0.0258373,3.42458,1.02223,0,3.49222,21.5,0.702991,0.134028,0.124845,0.501949
186,0.125006,3.42459,1.0387,0,3.49222,21.5,0.702991,0.134028,0.124845,0.501949
186,0.125006,3.42459,1.0387,0,3.49222,21.5,0.702991,0.134028,0.124845,0.501949
1044,0.224185,3.42459,1.02225,0,3.49222,21.5,0.702991,0.134028,0.124845,0.501949
1044,0.224185,3.42459,1.02225,0,3.49222,21.5,0.702991,0.134028,0.124845,0.501949
38,0.317509,3.42462,0.971246,0,3.49222,21.5,0.702991,0.134028,0.124845,0.501949
38,0.317509,3.42462,0.971246,0,3.49222,21.5,0.702991,0.134028,0.124845,0.501949
664,0.395983,3.42471,0.882616,0,3.49222,21.5,0.702991,0.134028,0.124845,0.501949
664,0.395983,3.42471,0.882616,0,3.49222,21.5,0.702991,0.134028,0.124845,0.501949
235,0.45817,3.42487,0.771016,0,3.49222,21.5,0.702991,0.134028,0.124845,0.501949
235,0.45817,3.42487,0.771016,0,3.49222,21.5,0.702991,0.134028,0.124845,0.501949
1093,0.49744,3.42494,0.639484,0,3.49222,21.5,0.702991,0.134028,0.124845,0.501949
1093,0.49744,3.42494,0.639484,0,3.49222,21.5,0.702991,0.134028,0.124845,0.501949
60,0.51596,3.42504,0.498637,0,3.49222,21.5,0.702991,0.134028,0.124845,0.501949
1045,-0.250675,3.43335,0.641296,1,3.49222,21.5,0.702991,0.134028,0.124845,0.501949
59,-0.271269,3.4336,0.5006,1,3.49222,21.5,0.702991,0.134028,0.124845,0.501949
187,-0.209057,3.43315,0.771857,1,3.49222,21.5,0.702991,0.134028,0.124845,0.501949
1045,-0.250675,3.43335,0.641296,1,3.49222,21.5,0.702991,0.134028,0.124845,0.501949
616,-0.145489,3.43287,0.882025,1,3.49222,21.5,0.702991,0.134028,0.124845,0.501949
187,-0.209057,3.43315,0.771857,1,3.49222,21.5,0.702991,0.134028,0.124845,0.501949
16,-0.0664846,3.43268,0.969438,1,3.49222,21.5,0.702991,0.134028,0.124845,0.501949
616,-0.145489,3.43287,0.882025,1,3.49222,21.5,0.702991,0.134028,0.124845,0.501949
16,-0.0664846,3.43268,0.969438,1,3.49222,21.5,0.702991,0.134028,0.124845,0.501949
615,0.0265446,3.43259,1.01947,1,3.49222,21.5,0.702991,0.134028,0.124845,0.501949
615,0.0265446,3.43259,1.01947,1,3.49222,21.5,0.702991,0.134028,0.124845,0.501949
186,0.124998,3.43258,1.03568,1,3.49222,21.5,0.702991,0.134028,0.124845,0.501949
186,0.124998,3.43258,1.03568,1,3.49222,21.5,0.702991,0.134028,0.124845,0.501949
1044,0.223469,3.43259,1.01947,1,3.49222,21.5,0.702991,0.134028,0.124845,0.501949
1044,0.223469,3.43259,1.01947,1,3.49222,21.5,0.702991,0.134028,0.124845,0.501949
38,0.316495,3.43267,0.969421,1,3.49222,21.5,0.702991,0.134028,0.124845,0.501949
38,0.316495,3.43267,0.969421,1,3.49222,21.5,0.702991,0.134028,0.124845,0.501949
664,0.395499,3.43286,0.882001,1,3.49222,21.5,0.702991,0.134028,0.124845,0.501949
664,0.395499,3.43286,0.882001,1,3.49222,21.5,0.702991,0.134028,0.124845,0.501949
235,0.459074,3.43313,0.771837,1,3.49222,21.5,0.702991,0.134028,0.124845,0.501949
235,0.459074,3.43313,0.771837,1,3.49222,21.5,0.702991,0.134028,0.124845,0.501949
1093,0.500677,3.43335,0.641287,1,3.49222,21.5,0.702991,0.134028,0.124845,0.501949
1093,0.500677,3.43335,0.641287,1,3.49222,21.5,0.702991,0.134028,0.124845,0.501949
60,0.521286,3.43362,0.500625,1,3.49222,21.5,0.702991,0.134028,0.124845,0.501949
1045,-0.250381,3.43914,0.646769,0,3.99222,21.5,0.711548,0.134028,0.124847,0.510506
59,-0.270592,3.43968,0.50341,0,3.99222,21.5,0.711548,0.134028,0.124847,0.510506
187,-0.209955,3.43874,0.779055,0,3.99222,21.5,0.711548,0.134028,0.124847,0.510506
1045,-0.250381,3.43914,0.646769,0,3.99222,21.5,0.711548,0.134028,0.124847,0.510506
616,-0.146823,3.43853,0.890965,0,3.99222,21.5,0.711548,0.134028,0.124847,0.510506
187,-0.209955,3.43874,0.779055,0,3.99222,21.5,0.711548,0.134028,0.124847,0.510506
16,-0.0673396,3.43849,0.979465,0,3.99222,21.5,0.711548,0.134028,0.124847,0.510506
616,-0.146823,3.43853,0.890965,0,3.99222,21.5,0.711548,0.134028,0.124847,0.510506
16,-0.0673396,3.43849,0.979465,0,3.99222,21.5,0.711548,0.134028,0.124847,0.510506
615,0.0261241,3.4387,1.03017,0,3.99222,21.5,0.711548,0.134028,0.124847,0.510506
615,0.0261241,3.4387,1.03017,0,3.99222,21.5,0.711548,0.134028,0.124847,0.510506
186,0.125008,3.43909,1.04661,0,3.99222,21.5,0.711548,0.134028,0.124847,0.510506
186,0.125008,3.43909,1.04661,0,3.99222,21.5,0.711548,0.134028,0.124847,0.510506
1044,0.223914,3.43868,1.03021,0,3.99222,21.5,0.711548,0.134028,0.124847,0.510506
1044,0.223914,3.43868,1.03021,0,3.99222,21.5,0.711548,0.134028,0.124847,0.510506
38,0.3174,3.4385,0.979468,0,3.99222,21.5,0.711548,0.134028,0.124847,0.510506
38,0.3174,3.4385,0.979468,0,3.99222,21.5,0.711548,0.134028,0.124847,0.510506
664,0.396845,3.43856,0.891033,0,3.99222,21.5,0.711548,0.134028,0.124847,0.510506
664,0.396845,3.43856,0.891033,0,3.99222,21.5,0.711548,0.134028,0.124847,0.510506
235,0.460022,3.43876,0.779041,0,3.99222,21.5,0.711548,0.134028,0.124847,0.510506
235,0.460022,3.43876,0.779041,0,3.99222,21.5,0.711548,0.134028,0.124847,0.510506
1093,0.50035,3.4391,0.646773,0,3.99222,21.5,0.711548,0.134028,0.124847,0.510506
1093,0.50035,3.4391,0.646773,0,3.99222,21.5,0.711548,0.134028,0.124847,0.510506
60,0.52055,3.43962,0.503457,0,3.99222,21.5,0.711548,0.134028,0.124847,0.510506
1045,-0.256992,3.46037,0.65262,1,3.99222,21.5,0.711548,0.134028,0.124847,0.510506
59,-0.279307,3.46083,0.508869,1,3.99222,21.5,0.711548,0.134028,0.124847,0.510506
187,-0.212724,3.45987,0.783735,1,3.99222,21.5,0.711548,0.134028,0.124847,0.510506
1045,-0.256992,3.46037,0.65262,1,3.99222,21.5,0.711548,0.134028,0.124847,0.510506
616,-0.147106,3.45948,0.893428,1,3.99222,21.5,0.711548,0.134028,0.124847,0.510506
187,-0.212724,3.45987,0.783735,1,3.99222,21.5,0.711548,0.134028,0.124847,0.510506
16,-0.0667404,3.45928,0.979859,1,3.99222,21.5,0.711548,0.134028,0.124847,0.510506
616,-0.147106,3.45948,0.893428,1,3.99222,21.5,0.711548,0.134028,0.124847,0.510506
16,-0.0667404,3.45928,0.979859,1,3.99222,21.5,0.711548,0.134028,0.124847,0.510506
615,0.0267138,3.45917,1.02932,1,3.99222,21.5,0.711548,0.134028,0.124847,0.510506
615,0.0267138,3.45917,1.02932,1,3.99222,21.5,0.711548,0.134028,0.124847,0.510506
186,0.124991,3.45923,1.04535,1,3.99222,21.5,0.711548,0.134028,0.124847,0.510506
186,0.124991,3.45923,1.04535,1,3.99222,21.5,0.711548,0.134028,0.124847,0.510506
1044,0.223298,3.45919,1.02932,1,3.99222,21.5,0.711548,0.134028,0.124847,0.510506
1044,0.223298,3.45919,1.02932,1,3.99222,21.5,0.711548,0.134028,0.124847,0.510506
38,0.316727,3.45929,0.979843,1,3.99222,21.5,0.711548,0.134028,0.124847,0.510506
38,0.316727,3.45929,0.979843,1,3.99222,21.5,0.711548,0.134028,0.124847,0.510506
664,0.397129,3.45949,0.893452,1,3.99222,21.5,0.711548,0.134028,0.124847,0.510506
664,0.397129,3.45949,0.893452,1,3.99222,21.5,0.711548,0.134028,0.124847,0.510506
235,0.46278,3.45991,0.783765,1,3.99222,21.5,0.711548,0.134028,0.124847,0.510506
235,0.46278,3.45991,0.783765,1,3.99222,21.5,0.711548,0.134028,0.124847,0.510506
1093,0.506951,3.46034,0.652593,1,3.99222,21.5,0.711548,0.134028,0.124847,0.510506
1093,0.506951,3.46034,0.652593,1,3.99222,21.5,0.711548,0.134028,0.124847,0.510506
60,0.529327,3.46075,0.508885,1,3.99222,21.5,0.711548,0.134028,0.124847,0.510506
1045,-0.254822,3.46893,0.657614,0,4.49222,21.5,0.727778,0.134028,0.124845,0.526736
59,-0.275344,3.46961,0.510884,0,4.49222,21.5,0.727778,0.134028,0.124845,0.526736
187,-0.214042,3.46845,0.791574,0,4.49222,21.5,0.727778,0.134028,0.124845,0.526736
1045,-0.254822,3.46893,0.657614,0,4.49222,21.5,0.727778,0.134028,0.124845,0.526736
616,-0.149664,3.46799,0.904423,0,4.49222,21.5,0.727778,0.134028,0.124845,0.526736
187,-0.214042,3.46845,0.791574,0,4.49222,21.5,0.727778,0.134028,0.124845,0.526736
16,-0.0685896,3.46792,0.992749,0,4.49222,21.5,0.727778,0.134028,0.124845,0.526736
616,-0.149664,3.46799,0.904423,0,4.49222,21.5,0.727778,0.134028,0.124845,0.526736
16,-0.0685896,3.46792,0.992749,0,4.49222,21.5,0.727778,0.134028,0.124845,0.526736
615,0.0258546,3.46823,1.04323,0,4.49222,21.5,0.727778,0.134028,0.124845,0.526736
615,0.0258546,3.46823,1.04323,0,4.49222,21.5,0.727778,0.134028,0.124845,0.526736
186,0.124994,3.46857,1.05962,0,4.49222,21.5,0.727778,0.134028,0.124845,0.526736
186,0.124994,3.46857,1.05962,0,4.49222,21.5,0.727778,0.134028,0.124845,0.526736
1044,0.224114,3.46827,1.04317,0,4.49222,21.5,0.727778,0.134028,0.124845,0.526736
1044,0.224114,3.46827,1.04317,0,4.49222,21.5,0.727778,0.134028,0.124845,0.526736
38,0.318547,3.4679,0.992761,0,4.49222,21.5,0.727778,0.134028,0.124845,0.526736
38,0.318547,3.4679,0.992761,0,4.49222,21.5,0.727778,0.134028,0.124845,0.526736
664,0.39967,3.46797,0.904434,0,4.49222,21.5,0.727778,0.134028,0.124845,0.526736
664,0.39967,3.46797,0.904434,0,4.49222,21.5,0.727778,0.134028,0.124845,0.526736
235,0.464075,3.46832,0.791607,0,4.49222,21.5,0.727778,0.134028,0.124845,0.526736
235,0.464075,3.46832,0.791607,0,4.49222,21.5,0.727778,0.134028,0.124845,0.526736
1093,0.504817,3.46886,0.657546,0,4.49222,21.5,0.727778,0.134028,0.124845,0.526736
1093,0.504817,3.46886,0.657546,0,4.49222,21.5,0.727778,0.134028,0.124845,0.526736
60,0.525331,3.46949,0.51092,0,4.49222,21.5,0.727778,0.134028,0.124845,0.526736
1045,-0.263429,3.49464,0.66333,1,4.49222,21.5,0.727778,0.134028,0.124845,0.526736
59,-0.287533,3.49504,0.516366,1,4.49222,21.5,0.727778,0.134028,0.124845,0.526736
187,-0.216716,3.49403,0.79538,1,4.49222,21.5,0.727778,0.134028,0.124845,0.526736
1045,-0.263429,3.49464,0.66333,1,4.49222,21.5,0.727778,0.134028,0.124845,0.526736
616,-0.149019,3.49354,0.904978,1,4.49222,21.5,0.727778,0.134028,0.124845,0.526736
187,-0.216716,3.49403,0.79538,1,4.49222,21.5,0.727778,0.134028,0.124845,0.526736
16,-0.0671666,3.4932,0.990877,1,4.49222,21.5,0.727778,0.134028,0.124845,0.526736
616,-0.149019,3.49354,0.904978,1,4.49222,21.5,0.727778,0.134028,0.124845,0.526736
16,-0.0671666,3.4932,0.990877,1,4.49222,21.5,0.727778,0.134028,0.124845,0.526736
615,0.0268713,3.49304,1.03995,1,4.49222,21.5,0.727778,0.134028,0.124845,0.526736
615,0.0268713,3.49304,1.03995,1,4.49222,21.5,0.727778,0.134028,0.124845,0.526736
186,0.125051,3.49301,1.05586,1,4.49222,21.5,0.727778,0.134028,0.124845,0.526736
186,0.125051,3.49301,1.05586,1,4.49222,21.5,0.727778,0.134028,0.124845,0.526736
1044,0.223221,3.49302,1.03987,1,4.49222,21.5,0.727778,0.134028,0.124845,0.526736
1044,0.223221,3.49302,1.03987,1,4.49222,21.5,0.727778,0.134028,0.124845,0.526736
38,0.317204,3.4932,0.990739,1,4.49222,21.5,0.727778,0.134028,0.124845,0.526736
38,0.317204,3.4932,0.990739,1,4.49222,21.5,0.727778,0.134028,0.124845,0.526736
664,0.398988,3.49358,0.904804,1,4.49222,21.5,0.727778,0.134028,0.124845,0.526736
664,0.398988,3.49358,0.904804,1,4.49222,21.5,0.727778,0.134028,0.124845,0.526736
235,0.466627,3.49399,0.795201,1,4.49222,21.5,0.727778,0.134028,0.124845,0.526736
235,0.466627,3.49399,0.795201,1,4.49222,21.5,0.727778,0.134028,0.124845,0.526736
1093,0.513321,3.49449,0.663227,1,4.49222,21.5,0.727778,0.134028,0.124845,0.526736
1093,0.513321,3.49449,0.663227,1,4.49222,21.5,0.727778,0.134028,0.124845,0.526736
60,0.537595,3.49504,0.516316,1,4.49222,21.5,0.727778,0.134028,0.124845,0.526736
1045,-0.260953,3.50426,0.668869,0,4.99222,21.5,0.745708,0.134028,0.12484,0.544666
59,-0.281929,3.50505,0.519174,0,4.99222,21.5,0.745708,0.134028,0.12484,0.544666
187,-0.219429,3.50393,0.804278,0,4.99222,21.5,0.745708,0.134028,0.12484,0.544666
1045,-0.260953,3.50426,0.668869,0,4.99222,21.5,0.745708,0.134028,0.12484,0.544666
616,-0.153094,3.50387,0.917843,0,4.99222,21.5,0.745708,0.134028,0.12484,0.544666
187,-0.219429,3.50393,0.804278,0,4.99222,21.5,0.745708,0.134028,0.12484,0.544666
16,-0.0698374,3.504,1.00557,0,4.99222,21.5,0.745708,0.134028,0.12484,0.544666
616,-0.153094,3.50387,0.917843,0,4.99222,21.5,0.745708,0.134028,0.12484,0.544666
16,-0.0698374,3.504,1.00557,0,4.99222,21.5,0.745708,0.134028,0.12484,0.544666
615,0.0260635,3.50416,1.05494,0,4.99222,21.5,0.745708,0.134028,0.12484,0.544666
615,0.0260635,3.50416,1.05494,0,4.99222,21.5,0.745708,0.134028,0.12484,0.544666
186,0.124988,3.50442,1.07088,0,4.99222,21.5,0.745708,0.134028,0.12484,0.544666
186,0.124988,3.50442,1.07088,0,4.99222,21.5,0.745708,0.134028,0.12484,0.544666
1044,0.223934,3.50417,1.05508,0,4.99222,21.5,0.745708,0.134028,0.12484,0.544666
1044,0.223934,3.50417,1.05508,0,4.99222,21.5,0.745708,0.134028,0.12484,0.544666
38,0.319877,3.50388,1.00559,0,4.99222,21.5,0.745708,0.134028,0.12484,0.544666
38,0.319877,3.50388,1.00559,0,4.99222,21.5,0.745708,0.134028,0.12484,0.544666
664,0.403239,3.5039,0.917825,0,4.99222,21.5,0.745708,0.134028,0.12484,0.544666
664,0.403239,3.5039,0.917825,0,4.99222,21.5,0.745708,0.134028,0.12484,0.544666
235,0.469459,3.50416,0.804261,0,4.99222,21.5,0.745708,0.134028,0.12484,0.544666
235,0.469459,3.50416,0.804261,0,4.99222,21.5,0.745708,0.134028,0.12484,0.544666
1093,0.510969,3.50431,0.668719,0,4.99222,21.5,0.745708,0.134028,0.12484,0.544666
1093,0.510969,3.50431,0.668719,0,4.99222,21.5,0.745708,0.134028,0.12484,0.544666
60,0.531891,3.50508,0.519196,0,4.99222,21.5,0.745708,0.134028,0.12484,0.544666
1045,-0.270086,3.52626,0.673767,1,4.99222,21.5,0.745708,0.134028,0.12484,0.544666
59,-0.296307,3.52667,0.5238,1,4.99222,21.5,0.745708,0.134028,0.12484,0.544666
187,-0.220947,3.52576,0.806712,1,4.99222,21.5,0.745708,0.134028,0.12484,0.544666
1045,-0.270086,3.52626,0.673767,1,4.99222,21.5,0.745708,0.134028,0.12484,0.544666
616,-0.151143,3.52532,0.91628,1,4.99222,21.5,0.745708,0.134028,0.12484,0.544666
187,-0.220947,3.52576,0.806712,1,4.99222,21.5,0.745708,0.134028,0.12484,0.544666
16,-0.0677278,3.52496,1.00158,1,4.99222,21.5,0.745708,0.134028,0.12484,0.544666
616,-0.151143,3.52532,0.91628,1,4.99222,21.5,0.745708,0.134028,0.12484,0.544666
16,-0.0677278,3.52496,1.00158,1,4.99222,21.5,0.745708,0.134028,0.12484,0.544666
615,0.0269349,3.52479,1.05019,1,4.99222,21.5,0.745708,0.134028,0.12484,0.544666
615,0.0269349,3.52479,1.05019,1,4.99222,21.5,0.745708,0.134028,0.12484,0.544666
186,0.124981,3.52474,1.06616,1,4.99222,21.5,0.745708,0.134028,0.12484,0.544666
186,0.124981,3.52474,1.06616,1,4.99222,21.5,0.745708,0.134028,0.12484,0.544666
1044,0.223028,3.52479,1.05015,1,4.99222,21.5,0.745708,0.134028,0.12484,0.544666
1044,0.223028,3.52479,1.05015,1,4.99222,21.5,0.745708,0.134028,0.12484,0.544666
38,0.31768,3.52497,1.00146,1,4.99222,21.5,0.745708,0.134028,0.12484,0.544666
38,0.31768,3.52497,1.00146,1,4.99222,21.5,0.745708,0.134028,0.12484,0.544666
664,0.401055,3.52532,0.916137,1,4.99222,21.5,0.745708,0.134028,0.12484,0.544666
664,0.401055,3.52532,0.916137,1,4.99222,21.5,0.745708,0.134028,0.12484,0.544666
235,0.470797,3.52573,0.806566,1,4.99222,21.5,0.745708,0.134028,0.12484,0.544666
235,0.470797,3.52573,0.806566,1,4.99222,21.5,0.745708,0.134028,0.12484,0.544666
1093,0.519941,3.52627,0.673683,1,4.99222,21.5,0.745708,0.134028,0.12484,0.544666
1093,0.519941,3.52627,0.673683,1,4.99222,21.5,0.745708,0.134028,0.12484,0.544666
60,0.54628,3.52682,0.523685,1,4.99222,21.5,0.745708,0.134028,0.12484,0.544666
1045,-0.264579,3.5391,0.677638,0,5.49222,21.5,0.759456,0.134028,0.124842,0.558415
59,-0.286369,3.54006,0.524907,0,5.49222,21.5,0.759456,0.134028,0.124842,0.558415
187,-0.22252,3.53863,0.815064,0,5.49222,21.5,0.759456,0.134028,0.124842,0.558415
1045,-0.264579,3.5391,0.677638,0,5.49222,21.5,0.759456,0.134028,0.124842,0.558415
616,-0.155469,3.53842,0.929871,0,5.49222,21.5,0.759456,0.134028,0.124842,0.558415
187,-0.22252,3.53863,0.815064,0,5.49222,21.5,0.759456,0.134028,0.124842,0.558415
16,-0.0711131,3.53867,1.01839,0,5.49222,21.5,0.759456,0.134028,0.124842,0.558415
616,-0.155469,3.53842,0.929871,0,5.49222,21.5,0.759456,0.134028,0.124842,0.558415
16,-0.0711131,3.53867,1.01839,0,5.49222,21.5,0.759456,0.134028,0.124842,0.558415
615,0.0255936,3.53901,1.06799,0,5.49222,21.5,0.759456,0.134028,0.124842,0.558415
615,0.0255936,3.53901,1.06799,0,5.49222,21.5,0.759456,0.134028,0.124842,0.558415
186,0.12501,3.53931,1.08416,0,5.49222,21.5,0.759456,0.134028,0.124842,0.558415
186,0.12501,3.53931,1.08416,0,5.49222,21.5,0.759456,0.134028,0.124842,0.558415
1044,0.224396,3.539,1.06798,0,5.49222,21.5,0.759456,0.134028,0.124842,0.558415
1044,0.224396,3.539,1.06798,0,5.49222,21.5,0.759456,0.134028,0.124842,0.558415
38,0.321062,3.53867,1.01842,0,5.49222,21.5,0.759456,0.134028,0.124842,0.558415
38,0.321062,3.53867,1.01842,0,5.49222,21.5,0.759456,0.134028,0.124842,0.558415
664,0.405402,3.53842,0.929865,0,5.49222,21.5,0.759456,0.134028,0.124842,0.558415
664,0.405402,3.53842,0.929865,0,5.49222,21.5,0.759456,0.134028,0.124842,0.558415
235,0.472531,3.53868,0.815059,0,5.49222,21.5,0.759456,0.134028,0.124842,0.558415
235,0.472531,3.53868,0.815059,0,5.49222,21.5,0.759456,0.134028,0.124842,0.558415
1093,0.514568,3.53907,0.677618,0,5.49222,21.5,0.759456,0.134028,0.124842,0.558415
1093,0.514568,3.53907,0.677618,0,5.49222,21.5,0.759456,0.134028,0.124842,0.558415
60,0.536399,3.54011,0.524961,0,5.49222,21.5,0.759456,0.134028,0.124842,0.558415
1045,-0.275895,3.5603,0.682729,1,5.49222,21.5,0.759456,0.134028,0.124842,0.558415
59,-0.303655,3.56067,0.529792,1,5.49222,21.5,0.759456,0.134028,0.124842,0.558415
187,-0.225035,3.55993,0.817049,1,5.49222,21.5,0.759456,0.134028,0.124842,0.558415
1045,-0.275895,3.5603,0.682729,1,5.49222,21.5,0.759456,0.134028,0.124842,0.558415
616,-0.153511,3.55964,0.927102,1,5.49222,21.5,0.759456,0.134028,0.124842,0.558415
187,-0.225035,3.55993,0.817049,1,5.49222,21.5,0.759456,0.134028,0.124842,0.558415
16,-0.0686801,3.55931,1.01237,1,5.49222,21.5,0.759456,0.134028,0.124842,0.558415
616,-0.153511,3.55964,0.927102,1,5.49222,21.5,0.759456,0.134028,0.124842,0.558415
16,-0.0686801,3.55931,1.01237,1,5.49222,21.5,0.759456,0.134028,0.124842,0.558415
615,0.0268769,3.55907,1.0608,1,5.49222,21.5,0.759456,0.134028,0.124842,0.558415
615,0.0268769,3.55907,1.0608,1,5.49222,21.5,0.759456,0.134028,0.124842,0.558415
186,0.12501,3.55896,1.07686,1,5.49222,21.5,0.759456,0.134028,0.124842,0.558415
186,0.12501,3.55896,1.07686,1,5.49222,21.5,0.759456,0.134028,0.124842,0.558415
1044,0.223108,3.55906,1.0607,1,5.49222,21.5,0.759456,0.134028,0.124842,0.558415
1044,0.223108,3.55906,1.0607,1,5.49222,21.5,0.759456,0.134028,0.124842,0.558415
38,0.318602,3.55927,1.01218,1,5.49222,21.5,0.759456,0.134028,0.124842,0.558415
38,0.318602,3.55927,1.01218,1,5.49222,21.5,0.759456,0.134028,0.124842,0.558415
664,0.403373,3.55961,0.926874,1,5.49222,21.5,0.759456,0.134028,0.124842,0.558415
664,0.403373,3.55961,0.926874,1,5.49222,21.5,0.759456,0.134028,0.124842,0.558415
235,0.474847,3.55996,0.816851,1,5.49222,21.5,0.759456,0.134028,0.124842,0.558415
235,0.474847,3.55996,0.816851,1,5.49222,21.5,0.759456,0.134028,0.124842,0.558415
1093,0.525826,3.5604,0.68272,1,5.49222,21.5,0.759456,0.134028,0.124842,0.558415
1093,0.525826,3.5604,0.68272,1,5.49222,21.5,0.759456,0.134028,0.124842,0.558415
60,0.553746,3.56093,0.529724,1,5.49222,21.5,0.759456,0.134028,0.124842,0.558415
1045,-0.267399,3.57095,0.684655,0,5.99222,21.5,0.768492,0.134028,0.124841,0.567451
59,-0.291792,3.57176,0.52984,0,5.99222,21.5,0.768492,0.134028,0.124841,0.567451
187,-0.224555,3.57046,0.823192,0,5.99222,21.5,0.768492,0.134028,0.124841,0.567451
1045,-0.267399,3.57095,0.684655,0,5.99222,21.5,0.768492,0.134028,0.124841,0.567451
616,-0.156957,3.57015,0.938892,0,5.99222,21.5,0.768492,0.134028,0.124841,0.567451
187,-0.224555,3.57046,0.823192,0,5.99222,21.5,0.768492,0.134028,0.124841,0.567451
16,-0.0720254,3.57037,1.028,0,5.99222,21.5,0.768492,0.134028,0.124841,0.567451
616,-0.156957,3.57015,0.938892,0,5.99222,21.5,0.768492,0.134028,0.124841,0.567451
16,-0.0720254,3.57037,1.028,0,5.99222,21.5,0.768492,0.134028,0.124841,0.567451
615,0.0253232,3.57068,1.07795,0,5.99222,21.5,0.768492,0.134028,0.124841,0.567451
615,0.0253232,3.57068,1.07795,0,5.99222,21.5,0.768492,0.134028,0.124841,0.567451
186,0.125004,3.5709,1.0945,0,5.99222,21.5,0.768492,0.134028,0.124841,0.567451
186,0.125004,3.5709,1.0945,0,5.99222,21.5,0.768492,0.134028,0.124841,0.567451
1044,0.224671,3.57059,1.07804,0,5.99222,21.5,0.768492,0.134028,0.124841,0.567451
1044,0.224671,3.57059,1.07804,0,5.99222,21.5,0.768492,0.134028,0.124841,0.567451
38,0.322014,3.57034,1.02789,0,5.99222,21.5,0.768492,0.134028,0.124841,0.567451
38,0.322014,3.57034,1.02789,0,5.99222,21.5,0.768492,0.134028,0.124841,0.567451
664,0.40689,3.5702,0.938835,0,5.99222,21.5,0.768492,0.134028,0.124841,0.567451
664,0.40689,3.5702,0.938835,0,5.99222,21.5,0.768492,0.134028,0.124841,0.567451
235,0.474609,3.57049,0.823245,0,5.99222,21.5,0.768492,0.134028,0.124841,0.567451
235,0.474609,3.57049,0.823245,0,5.99222,21.5,0.768492,0.134028,0.124841,0.567451
1093,0.517483,3.57088,0.684762,0,5.99222,21.5,0.768492,0.134028,0.124841,0.567451
1093,0.517483,3.57088,0.684762,0,5.99222,21.5,0.768492,0.134028,0.124841,0.567451
60,0.541775,3.57194,0.52993,0,5.99222,21.5,0.768492,0.134028,0.124841,0.567451
1045,-0.281687,3.59105,0.691505,1,5.99222,21.5,0.768492,0.134028,0.124841,0.567451
59,-0.311318,3.59143,0.535868,1,5.99222,21.5,0.768492,0.134028,0.124841,0.567451
187,-0.22914,3.59072,0.82709,1,5.99222,21.5,0.768492,0.134028,0.124841,0.567451
1045,-0.281687,3.59105,0.691505,1,5.99222,21.5,0.768492,0.134028,0.124841,0.567451
616,-0.155974,3.59045,0.93768,1,5.99222,21.5,0.768492,0.134028,0.124841,0.567451
187,-0.22914,3.59072,0.82709,1,5.99222,21.5,0.768492,0.134028,0.124841,0.567451
16,-0.0697247,3.59018,1.02291,1,5.99222,21.5,0.768492,0.134028,0.124841,0.567451
616,-0.155974,3.59045,0.93768,1,5.99222,21.5,0.768492,0.134028,0.124841,0.567451
16,-0.0697247,3.59018,1.02291,1,5.99222,21.5,0.768492,0.134028,0.124841,0.567451
615,0.0266361,3.59,1.07138,1,5.99222,21.5,0.768492,0.134028,0.124841,0.567451
615,0.0266361,3.59,1.07138,1,5.99222,21.5,0.768492,0.134028,0.124841,0.567451
186,0.124974,3.58992,1.08766,1,5.99222,21.5,0.768492,0.134028,0.124841,0.567451
186,0.124974,3.58992,1.08766,1,5.99222,21.5,0.768492,0.134028,0.124841,0.567451
1044,0.223293,3.59001,1.07129,1,5.99222,21.5,0.768492,0.134028,0.124841,0.567451
1044,0.223293,3.59001,1.07129,1,5.99222,21.5,0.768492,0.134028,0.124841,0.567451
38,0.319595,3.59021,1.02277,1,5.99222,21.5,0.768492,0.134028,0.124841,0.567451
38,0.319595,3.59021,1.02277,1,5.99222,21.5,0.768492,0.134028,0.124841,0.567451
664,0.405804,3.59051,0.937527,1,5.99222,21.5,0.768492,0.134028,0.124841,0.567451
664,0.405804,3.59051,0.937527,1,5.99222,21.5,0.768492,0.134028,0.124841,0.567451
235,0.478915,3.5908,0.826981,1,5.99222,21.5,0.768492,0.134028,0.124841,0.567451
235,0.478915,3.5908,0.826981,1,5.99222,21.5,0.768492,0.134028,0.124841,0.567451
1093,0.531613,3.59114,0.691599,1,5.99222,21.5,0.768492,0.134028,0.124841,0.567451
1093,0.531613,3.59114,0.691599,1,5.99222,21.5,0.768492,0.134028,0.124841,0.567451
60,0.561328,3.59159,0.535846,1,5.99222,21.5,0.768492,0.134028,0.124841,0.567451
1045,-0.270869,3.60271,0.692165,0,6.49222,21.5,0.779344,0.134028,0.124841,0.578302
59,-0.297243,3.60344,0.535094,0,6.49222,21.5,0.779344,0.134028,0.124841,0.578302
187,-0.227098,3.60226,0.831788,0,6.49222,21.5,0.779344,0.134028,0.124841,0.578302
1045,-0.270869,3.60271,0.692165,0,6.49222,21.5,0.779344,0.134028,0.124841,0.578302
616,-0.158717,3.60214,0.948475,0,6.49222,21.5,0.779344,0.134028,0.124841,0.578302
187,-0.227098,3.60226,0.831788,0,6.49222,21.5,0.779344,0.134028,0.124841,0.578302
16,-0.0730843,3.60233,1.03845,0,6.49222,21.5,0.779344,0.134028,0.124841,0.578302
616,-0.158717,3.60214,0.948475,0,6.49222,21.5,0.779344,0.134028,0.124841,0.578302
16,-0.0730843,3.60233,1.03845,0,6.49222,21.5,0.779344,0.134028,0.124841,0.578302
615,0.0248712,3.60262,1.08945,0,6.49222,21.5,0.779344,0.134028,0.124841,0.578302
615,0.0248712,3.60262,1.08945,0,6.49222,21.5,0.779344,0.134028,0.124841,0.578302
186,0.124999,3.60287,1.1065,0,6.49222,21.5,0.779344,0.134028,0.124841,0.578302
186,0.124999,3.60287,1.1065,0,6.49222,21.5,0.779344,0.134028,0.124841,0.578302
1044,0.22515,3.60263,1.08938,0,6.49222,21.5,0.779344,0.134028,0.124841,0.578302
1044,0.22515,3.60263,1.08938,0,6.49222,21.5,0.779344,0.134028,0.124841,0.578302
38,0.323129,3.60232,1.03836,0,6.49222,21.5,0.779344,0.134028,0.124841,0.578302
38,0.323129,3.60232,1.03836,0,6.49222,21.5,0.779344,0.134028,0.124841,0.578302
664,0.408729,3.60209,0.948413,0,6.49222,21.5,0.779344,0.134028,0.124841,0.578302
664,0.408729,3.60209,0.948413,0,6.49222,21.5,0.779344,0.134028,0.124841,0.578302
235,0.477063,3.60219,0.831779,0,6.49222,21.5,0.779344,0.134028,0.124841,0.578302
235,0.477063,3.60219,0.831779,0,6.49222,21.5,0.779344,0.134028,0.124841,0.578302
1093,0.520897,3.60259,0.692202,0,6.49222,21.5,0.779344,0.134028,0.124841,0.578302
1093,0.520897,3.60259,0.692202,0,6.49222,21.5,0.779344,0.134028,0.124841,0.578302
60,0.547298,3.60363,0.535199,0,6.49222,21.5,0.779344,0.134028,0.124841,0.578302
1045,-0.287383,3.62092,0.699501,1,6.49222,21.5,0.779344,0.134028,0.124841,0.578302
59,-0.318986,3.62125,0.541319,1,6.49222,21.5,0.779344,0.134028,0.124841,0.578302
187,-0.233186,3.62061,0.836297,1,6.49222,21.5,0.779344,0.134028,0.124841,0.578302
1045,-0.287383,3.62092,0.699501,1,6.49222,21.5,0.779344,0.134028,0.124841,0.578302
616,-0.158381,3.62036,0.947437,1,6.49222,21.5,0.779344,0.134028,0.124841,0.578302
187,-0.233186,3.62061,0.836297,1,6.49222,21.5,0.779344,0.134028,0.124841,0.578302
16,-0.0707231,3.62011,1.03269,1,6.49222,21.5,0.779344,0.134028,0.124841,0.578302
616,-0.158381,3.62036,0.947437,1,6.49222,21.5,0.779344,0.134028,0.124841,0.578302
16,-0.0707231,3.62011,1.03269,1,6.49222,21.5,0.779344,0.134028,0.124841,0.578302
615,0.0264536,3.61992,1.08115,1,6.49222,21.5,0.779344,0.134028,0.124841,0.578302
615,0.0264536,3.61992,1.08115,1,6.49222,21.5,0.779344,0.134028,0.124841,0.578302
186,0.124977,3.61985,1.09768,1,6.49222,21.5,0.779344,0.134028,0.124841,0.578302
186,0.124977,3.61985,1.09768,1,6.49222,21.5,0.779344,0.134028,0.124841,0.578302
1044,0.223478,3.61996,1.08106,1,6.49222,21.5,0.779344,0.134028,0.124841,0.578302
1044,0.223478,3.61996,1.08106,1,6.49222,21.5,0.779344,0.134028,0.124841,0.578302
38,0.320614,3.62018,1.03256,1,6.49222,21.5,0.779344,0.134028,0.124841,0.578302
38,0.320614,3.62018,1.03256,1,6.49222,21.5,0.779344,0.134028,0.124841,0.578302
664,0.408225,3.62046,0.947303,1,6.49222,21.5,0.779344,0.134028,0.124841,0.578302
664,0.408225,3.62046,0.947303,1,6.49222,21.5,0.779344,0.134028,0.124841,0.578302
235,0.483005,3.62071,0.836217,1,6.49222,21.5,0.779344,0.134028,0.124841,0.578302
235,0.483005,3.62071,0.836217,1,6.49222,21.5,0.779344,0.134028,0.124841,0.578302
1093,0.537364,3.62094,0.699614,1,6.49222,21.5,0.779344,0.134028,0.124841,0.578302
1093,0.537364,3.62094,0.699614,1,6.49222,21.5,0.779344,0.134028,0.124841,0.578302
60,0.569061,3.62133,0.541314,1,6.49222,21.5,0.779344,0.134028,0.124841,0.578302
1045,-0.275193,3.63227,0.699,0,6.99222,21.5,0.790111,0.134028,0.12484,0.589069
59,-0.30345,3.6329,0.539951,0,6.99222,21.5,0.790111,0.134028,0.12484,0.589069
187,-0.230189,3.63197,0.839865,0,6.99222,21.5,0.790111,0.134028,0.12484,0.589069
1045,-0.275193,3.63227,0.699,0,6.99222,21.5,0.790111,0.134028,0.12484,0.589069
616,-0.160751,3.63197,0.957443,0,6.99222,21.5,0.790111,0.134028,0.12484,0.589069
187,-0.230189,3.63197,0.839865,0,6.99222,21.5,0.790111,0.134028,0.12484,0.589069
16,-0.0740854,3.63219,1.04761,0,6.99222,21.5,0.790111,0.134028,0.12484,0.589069
616,-0.160751,3.63197,0.957443,0,6.99222,21.5,0.790111,0.134028,0.12484,0.589069
16,-0.0740854,3.63219,1.04761,0,6.99222,21.5,0.790111,0.134028,0.12484,0.589069
615,0.0245393,3.63255,1.09897,0,6.99222,21.5,0.790111,0.134028,0.12484,0.589069
615,0.0245393,3.63255,1.09897,0,6.99222,21.5,0.790111,0.134028,0.12484,0.589069
186,0.125048,3.63276,1.11664,0,6.99222,21.5,0.790111,0.134028,0.12484,0.589069
186,0.125048,3.63276,1.11664,0,6.99222,21.5,0.790111,0.134028,0.12484,0.589069
1044,0.225409,3.63253,1.09901,0,6.99222,21.5,0.790111,0.134028,0.12484,0.589069
1044,0.225409,3.63253,1.09901,0,6.99222,21.5,0.790111,0.134028,0.12484,0.589069
38,0.324098,3.63214,1.04762,0,6.99222,21.5,0.790111,0.134028,0.12484,0.589069
38,0.324098,3.63214,1.04762,0,6.99222,21.5,0.790111,0.134028,0.12484,0.589069
664,0.410814,3.6319,0.957383,0,6.99222,21.5,0.790111,0.134028,0.12484,0.589069
664,0.410814,3.6319,0.957383,0,6.99222,21.5,0.790111,0.134028,0.12484,0.589069
235,0.480293,3.63193,0.839895,0,6.99222,21.5,0.790111,0.134028,0.12484,0.589069
235,0.480293,3.63193,0.839895,0,6.99222,21.5,0.790111,0.134028,0.12484,0.589069
1093,0.525193,3.6322,0.699051,0,6.99222,21.5,0.790111,0.134028,0.12484,0.589069
1093,0.525193,3.6322,0.699051,0,6.99222,21.5,0.790111,0.134028,0.12484,0.589069
60,0.553451,3.63308,0.540022,0,6.99222,21.5,0.790111,0.134028,0.12484,0.589069
1045,-0.297348,3.64958,0.708296,1,6.99222,21.5,0.790111,0.134028,0.12484,0.589069
59,-0.331801,3.64984,0.547255,1,6.99222,21.5,0.790111,0.134028,0.12484,0.589069
187,-0.239266,3.64934,0.845934,1,6.99222,21.5,0.790111,0.134028,0.12484,0.589069
1045,-0.297348,3.64958,0.708296,1,6.99222,21.5,0.790111,0.134028,0.12484,0.589069
616,-0.161143,3.64914,0.956474,1,6.99222,21.5,0.790111,0.134028,0.12484,0.589069
187,-0.239266,3.64934,0.845934,1,6.99222,21.5,0.790111,0.134028,0.12484,0.589069
16,-0.0714302,3.64892,1.04067,1,6.99222,21.5,0.790111,0.134028,0.12484,0.589069
616,-0.161143,3.64914,0.956474,1,6.99222,21.5,0.790111,0.134028,0.12484,0.589069
16,-0.0714302,3.64892,1.04067,1,6.99222,21.5,0.790111,0.134028,0.12484,0.589069
615,0.0265446,3.64876,1.08853,1,6.99222,21.5,0.790111,0.134028,0.12484,0.589069
615,0.0265446,3.64876,1.08853,1,6.99222,21.5,0.790111,0.134028,0.12484,0.589069
186,0.12498,3.64868,1.10528,1,6.99222,21.5,0.790111,0.134028,0.12484,0.589069
186,0.12498,3.64868,1.10528,1,6.99222,21.5,0.790111,0.134028,0.12484,0.589069
1044,0.223498,3.6488,1.08884,1,6.99222,21.5,0.790111,0.134028,0.12484,0.589069
1044,0.223498,3.6488,1.08884,1,6.99222,21.5,0.790111,0.134028,0.12484,0.589069
38,0.32167,3.64899,1.04119,1,6.99222,21.5,0.790111,0.134028,0.12484,0.589069
38,0.32167,3.64899,1.04119,1,6.99222,21.5,0.790111,0.134028,0.12484,0.589069
664,0.411585,3.64923,0.956981,1,6.99222,21.5,0.790111,0.134028,0.12484,0.589069
664,0.411585,3.64923,0.956981,1,6.99222,21.5,0.790111,0.134028,0.12484,0.589069
235,0.489588,3.64942,0.84618,1,6.99222,21.5,0.790111,0.134028,0.12484,0.589069
235,0.489588,3.64942,0.84618,1,6.99222,21.5,0.790111,0.134028,0.12484,0.589069
1093,0.54725,3.64959,0.708461,1,6.99222,21.5,0.790111,0.134028,0.12484,0.589069
1093,0.54725,3.64959,0.708461,1,6.99222,21.5,0.790111,0.134028,0.12484,0.589069
60,0.581357,3.64994,0.547328,1,6.99222,21.5,0.790111,0.134028,0.12484,0.589069
1045,-0.27867,3.66129,0.705959,0,7.49222,21.5,0.799681,0.134028,0.124853,0.59864
59,-0.309189,3.66182,0.545062,0,7.49222,21.5,0.799681,0.134028,0.124853,0.59864
187,-0.23294,3.66119,0.847874,0,7.49222,21.5,0.799681,0.134028,0.124853,0.59864
1045,-0.27867,3.66129,0.705959,0,7.49222,21.5,0.799681,0.134028,0.124853,0.59864
616,-0.16264,3.66134,0.966197,0,7.49222,21.5,0.799681,0.134028,0.124853,0.59864
187,-0.23294,3.66119,0.847874,0,7.49222,21.5,0.799681,0.134028,0.124853,0.59864
16,-0.0750981,3.66174,1.05702,0,7.49222,21.5,0.799681,0.134028,0.124853,0.59864
616,-0.16264,3.66134,0.966197,0,7.49222,21.5,0.799681,0.134028,0.124853,0.59864
16,-0.0750981,3.66174,1.05702,0,7.49222,21.5,0.799681,0.134028,0.124853,0.59864
615,0.0243202,3.6623,1.10878,0,7.49222,21.5,0.799681,0.134028,0.124853,0.59864
615,0.0243202,3.6623,1.10878,0,7.49222,21.5,0.799681,0.134028,0.124853,0.59864
186,0.125023,3.66259,1.12683,0,7.49222,21.5,0.799681,0.134028,0.124853,0.59864
186,0.125023,3.66259,1.12683,0,7.49222,21.5,0.799681,0.134028,0.124853,0.59864
1044,0.225742,3.66231,1.10886,0,7.49222,21.5,0.799681,0.134028,0.124853,0.59864
1044,0.225742,3.66231,1.10886,0,7.49222,21.5,0.799681,0.134028,0.124853,0.59864
38,0.325103,3.6617,1.05709,0,7.49222,21.5,0.799681,0.134028,0.124853,0.59864
38,0.325103,3.6617,1.05709,0,7.49222,21.5,0.799681,0.134028,0.124853,0.59864
664,0.412702,3.66131,0.966254,0,7.49222,21.5,0.799681,0.134028,0.124853,0.59864
664,0.412702,3.66131,0.966254,0,7.49222,21.5,0.799681,0.134028,0.124853,0.59864
235,0.483021,3.66124,0.847882,0,7.49222,21.5,0.799681,0.134028,0.124853,0.59864
235,0.483021,3.66124,0.847882,0,7.49222,21.5,0.799681,0.134028,0.124853,0.59864
1093,0.528725,3.66127,0.705989,0,7.49222,21.5,0.799681,0.134028,0.124853,0.59864
1093,0.528725,3.66127,0.705989,0,7.49222,21.5,0.799681,0.134028,0.124853,0.59864
60,0.559282,3.66188,0.545156,0,7.49222,21.5,0.799681,0.134028,0.124853,0.59864
1045,-0.302926,3.67653,0.715097,1,7.49222,21.5,0.799681,0.134028,0.124853,0.59864
59,-0.33933,3.67665,0.551778,1,7.49222,21.5,0.799681,0.134028,0.124853,0.59864
187,-0.243279,3.67641,0.853951,1,7.49222,21.5,0.799681,0.134028,0.124853,0.59864
1045,-0.302926,3.67653,0.715097,1,7.49222,21.5,0.799681,0.134028,0.124853,0.59864
616,-0.163683,3.67632,0.965159,1,7.49222,21.5,0.799681,0.134028,0.124853,0.59864
187,-0.243279,3.67641,0.853951,1,7.49222,21.5,0.799681,0.134028,0.124853,0.59864
16,-0.072662,3.67613,1.04957,1,7.49222,21.5,0.799681,0.134028,0.124853,0.59864
616,-0.163683,3.67632,0.965159,1,7.49222,21.5,0.799681,0.134028,0.124853,0.59864
16,-0.072662,3.67613,1.04957,1,7.49222,21.5,0.799681,0.134028,0.124853,0.59864
615,0.0262379,3.67601,1.09751,1,7.49222,21.5,0.799681,0.134028,0.124853,0.59864
615,0.0262379,3.67601,1.09751,1,7.49222,21.5,0.799681,0.134028,0.124853,0.59864
186,0.125015,3.67597,1.11454,1,7.49222,21.5,0.799681,0.134028,0.124853,0.59864
186,0.125015,3.67597,1.11454,1,7.49222,21.5,0.799681,0.134028,0.124853,0.59864
1044,0.223869,3.67606,1.09784,1,7.49222,21.5,0.799681,0.134028,0.124853,0.59864
1044,0.223869,3.67606,1.09784,1,7.49222,21.5,0.799681,0.134028,0.124853,0.59864
38,0.322991,3.67619,1.05014,1,7.49222,21.5,0.799681,0.134028,0.124853,0.59864
38,0.322991,3.67619,1.05014,1,7.49222,21.5,0.799681,0.134028,0.124853,0.59864
664,0.414198,3.67632,0.965697,1,7.49222,21.5,0.799681,0.134028,0.124853,0.59864
664,0.414198,3.67632,0.965697,1,7.49222,21.5,0.799681,0.134028,0.124853,0.59864
235,0.493654,3.67637,0.854233,1,7.49222,21.5,0.799681,0.134028,0.124853,0.59864
235,0.493654,3.67637,0.854233,1,7.49222,21.5,0.799681,0.134028,0.124853,0.59864
1093,0.552879,3.67645,0.715316,1,7.49222,21.5,0.799681,0.134028,0.124853,0.59864
1093,0.552879,3.67645,0.715316,1,7.49222,21.5,0.799681,0.134028,0.124853,0.59864
60,0.588927,3.6767,0.551902,1,7.49222,21.5,0.799681,0.134028,0.124853,0.59864
