id,x,y,z,ablated,v,bulkheadyoungs,nickdepth,nickw,nickc,bbmin
1045,-0.249378,3.42832,0.639347,0,3.49222,10,0.994131,0.327778,0.124845,0.502464
59,-0.269118,3.42856,0.497487,0,3.49222,10,0.994131,0.327778,0.124845,0.502464
187,-0.209324,3.428,0.771053,0,3.49222,10,0.994131,0.327778,0.124845,0.502464
1045,-0.249378,3.42832,0.639347,0,3.49222,10,0.994131,0.327778,0.124845,0.502464
616,-0.146619,3.42761,0.882811,0,3.49222,10,0.994131,0.327778,0.124845,0.502464
187,-0.209324,3.428,0.771053,0,3.49222,10,0.994131,0.327778,0.124845,0.502464
16,-0.0675886,3.42731,0.971454,0,3.49222,10,0.994131,0.327778,0.124845,0.502464
616,-0.146619,3.42761,0.882811,0,3.49222,10,0.994131,0.327778,0.124845,0.502464
16,-0.0675886,3.42731,0.971454,0,3.49222,10,0.994131,0.327778,0.124845,0.502464
615,0.0257649,3.4271,1.02263,0,3.49222,10,0.994131,0.327778,0.124845,0.502464
615,0.0257649,3.4271,1.02263,0,3.49222,10,0.994131,0.327778,0.124845,0.502464
186,0.125,3.42707,1.03923,0,3.49222,10,0.994131,0.327778,0.124845,0.502464
186,0.125,3.42707,1.03923,0,3.49222,10,0.994131,0.327778,0.124845,0.502464
1044,0.22423,3.42716,1.02267,0,3.49222,10,0.994131,0.327778,0.124845,0.502464
1044,0.22423,3.42716,1.02267,0,3.49222,10,0.994131,0.327778,0.124845,0.502464
38,0.317572,3.42733,0.971427,0,3.49222,10,0.994131,0.327778,0.124845,0.502464
38,0.317572,3.42733,0.971427,0,3.49222,10,0.994131,0.327778,0.124845,0.502464
664,0.396629,3.42764,0.882822,0,3.49222,10,0.994131,0.327778,0.124845,0.502464
664,0.396629,3.42764,0.882822,0,3.49222,10,0.994131,0.327778,0.124845,0.502464
235,0.459372,3.42792,0.771071,0,3.49222,10,0.994131,0.327778,0.124845,0.502464
235,0.459372,3.42792,0.771071,0,3.49222,10,0.994131,0.327778,0.124845,0.502464
1093,0.49932,3.42825,0.639341,0,3.49222,10,0.994131,0.327778,0.124845,0.502464
1093,0.49932,3.42825,0.639341,0,3.49222,10,0.994131,0.327778,0.124845,0.502464
60,0.51914,3.42837,0.497602,0,3.49222,10,0.994131,0.327778,0.124845,0.502464
1045,-0.324681,3.43977,0.6566,1,3.49222,10,0.994131,0.327778,0.124845,0.502464
59,-0.349851,3.43958,0.5115,1,3.49222,10,0.994131,0.327778,0.124845,0.502464
187,-0.262524,3.44012,0.784927,1,3.49222,10,0.994131,0.327778,0.124845,0.502464
1045,-0.324681,3.43977,0.6566,1,3.49222,10,0.994131,0.327778,0.124845,0.502464
616,-0.175023,3.44019,0.882601,1,3.49222,10,0.994131,0.327778,0.124845,0.502464
187,-0.262524,3.44012,0.784927,1,3.49222,10,0.994131,0.327778,0.124845,0.502464
16,-0.0756959,3.43962,0.950393,1,3.49222,10,0.994131,0.327778,0.124845,0.502464
616,-0.175023,3.44019,0.882601,1,3.49222,10,0.994131,0.327778,0.124845,0.502464
16,-0.0756959,3.43962,0.950393,1,3.49222,10,0.994131,0.327778,0.124845,0.502464
615,0.0273412,3.43942,0.97635,1,3.49222,10,0.994131,0.327778,0.124845,0.502464
615,0.0273412,3.43942,0.97635,1,3.49222,10,0.994131,0.327778,0.124845,0.502464
186,0.125114,3.4395,0.976536,1,3.49222,10,0.994131,0.327778,0.124845,0.502464
186,0.125114,3.4395,0.976536,1,3.49222,10,0.994131,0.327778,0.124845,0.502464
1044,0.22281,3.43953,0.97623,1,3.49222,10,0.994131,0.327778,0.124845,0.502464
1044,0.22281,3.43953,0.97623,1,3.49222,10,0.994131,0.327778,0.124845,0.502464
38,0.325693,3.43969,0.950103,1,3.49222,10,0.994131,0.327778,0.124845,0.502464
38,0.325693,3.43969,0.950103,1,3.49222,10,0.994131,0.327778,0.124845,0.502464
664,0.424994,3.44007,0.882322,1,3.49222,10,0.994131,0.327778,0.124845,0.502464
664,0.424994,3.44007,0.882322,1,3.49222,10,0.994131,0.327778,0.124845,0.502464
235,0.512536,3.44004,0.784817,1,3.49222,10,0.994131,0.327778,0.124845,0.502464
235,0.512536,3.44004,0.784817,1,3.49222,10,0.994131,0.327778,0.124845,0.502464
1093,0.574459,3.43973,0.6565,1,3.49222,10,0.994131,0.327778,0.124845,0.502464
1093,0.574459,3.43973,0.6565,1,3.49222,10,0.994131,0.327778,0.124845,0.502464
60,0.599386,3.43952,0.511541,1,3.49222,10,0.994131,0.327778,0.124845,0.502464
1045,-0.256746,3.4472,0.645154,0,3.99222,10,1.00594,0.327778,0.124856,0.514269
59,-0.27802,3.44747,0.499385,0,3.99222,10,1.00594,0.327778,0.124856,0.514269
187,-0.215197,3.4471,0.778836,0,3.99222,10,1.00594,0.327778,0.124856,0.514269
1045,-0.256746,3.4472,0.645154,0,3.99222,10,1.00594,0.327778,0.124856,0.514269
616,-0.150183,3.44708,0.891201,0,3.99222,10,1.00594,0.327778,0.124856,0.514269
187,-0.215197,3.4471,0.778836,0,3.99222,10,1.00594,0.327778,0.124856,0.514269
16,-0.0685974,3.44728,0.979151,0,3.99222,10,1.00594,0.327778,0.124856,0.514269
616,-0.150183,3.44708,0.891201,0,3.99222,10,1.00594,0.327778,0.124856,0.514269
16,-0.0685974,3.44728,0.979151,0,3.99222,10,1.00594,0.327778,0.124856,0.514269
615,0.0259998,3.44743,1.029,0,3.99222,10,1.00594,0.327778,0.124856,0.514269
615,0.0259998,3.44743,1.029,0,3.99222,10,1.00594,0.327778,0.124856,0.514269
186,0.124993,3.44754,1.04498,0,3.99222,10,1.00594,0.327778,0.124856,0.514269
186,0.124993,3.44754,1.04498,0,3.99222,10,1.00594,0.327778,0.124856,0.514269
1044,0.224019,3.44741,1.02898,0,3.99222,10,1.00594,0.327778,0.124856,0.514269
1044,0.224019,3.44741,1.02898,0,3.99222,10,1.00594,0.327778,0.124856,0.514269
38,0.318652,3.44724,0.979156,0,3.99222,10,1.00594,0.327778,0.124856,0.514269
38,0.318652,3.44724,0.979156,0,3.99222,10,1.00594,0.327778,0.124856,0.514269
664,0.400216,3.44704,0.891252,0,3.99222,10,1.00594,0.327778,0.124856,0.514269
664,0.400216,3.44704,0.891252,0,3.99222,10,1.00594,0.327778,0.124856,0.514269
235,0.465245,3.44709,0.778822,0,3.99222,10,1.00594,0.327778,0.124856,0.514269
235,0.465245,3.44709,0.778822,0,3.99222,10,1.00594,0.327778,0.124856,0.514269
1093,0.506784,3.44712,0.645131,0,3.99222,10,1.00594,0.327778,0.124856,0.514269
1093,0.506784,3.44712,0.645131,0,3.99222,10,1.00594,0.327778,0.124856,0.514269
60,0.528089,3.44757,0.499396,0,3.99222,10,1.00594,0.327778,0.124856,0.514269
1045,-0.341988,3.46437,0.666017,1,3.99222,10,1.00594,0.327778,0.124856,0.514269
59,-0.366086,3.46442,0.514451,1,3.99222,10,1.00594,0.327778,0.124856,0.514269
187,-0.280302,3.46428,0.799473,1,3.99222,10,1.00594,0.327778,0.124856,0.514269
1045,-0.341988,3.46437,0.666017,1,3.99222,10,1.00594,0.327778,0.124856,0.514269
616,-0.191609,3.46419,0.902554,1,3.99222,10,1.00594,0.327778,0.124856,0.514269
187,-0.280302,3.46428,0.799473,1,3.99222,10,1.00594,0.327778,0.124856,0.514269
16,-0.0880543,3.46399,0.973104,1,3.99222,10,1.00594,0.327778,0.124856,0.514269
616,-0.191609,3.46419,0.902554,1,3.99222,10,1.00594,0.327778,0.124856,0.514269
16,-0.0880543,3.46399,0.973104,1,3.99222,10,1.00594,0.327778,0.124856,0.514269
615,0.0211966,3.4639,0.998183,1,3.99222,10,1.00594,0.327778,0.124856,0.514269
615,0.0211966,3.4639,0.998183,1,3.99222,10,1.00594,0.327778,0.124856,0.514269
186,0.125047,3.46384,0.99128,1,3.99222,10,1.00594,0.327778,0.124856,0.514269
186,0.125047,3.46384,0.99128,1,3.99222,10,1.00594,0.327778,0.124856,0.514269
1044,0.228904,3.46389,0.998228,1,3.99222,10,1.00594,0.327778,0.124856,0.514269
1044,0.228904,3.46389,0.998228,1,3.99222,10,1.00594,0.327778,0.124856,0.514269
38,0.338102,3.46394,0.973116,1,3.99222,10,1.00594,0.327778,0.124856,0.514269
38,0.338102,3.46394,0.973116,1,3.99222,10,1.00594,0.327778,0.124856,0.514269
664,0.441765,3.46407,0.902684,1,3.99222,10,1.00594,0.327778,0.124856,0.514269
664,0.441765,3.46407,0.902684,1,3.99222,10,1.00594,0.327778,0.124856,0.514269
235,0.530504,3.4642,0.799575,1,3.99222,10,1.00594,0.327778,0.124856,0.514269
235,0.530504,3.4642,0.799575,1,3.99222,10,1.00594,0.327778,0.124856,0.514269
1093,0.591987,3.4643,0.665973,1,3.99222,10,1.00594,0.327778,0.124856,0.514269
1093,0.591987,3.4643,0.665973,1,3.99222,10,1.00594,0.327778,0.124856,0.514269
60,0.615814,3.46435,0.514327,1,3.99222,10,1.00594,0.327778,0.124856,0.514269
1045,-0.262828,3.47769,0.659054,0,4.49222,10,1.02901,0.327778,0.124849,0.537345
59,-0.284193,3.47777,0.508368,0,4.49222,10,1.02901,0.327778,0.124849,0.537345
187,-0.221266,3.47776,0.79573,0,4.49222,10,1.02901,0.327778,0.124849,0.537345
1045,-0.262828,3.47769,0.659054,0,4.49222,10,1.02901,0.327778,0.124849,0.537345
616,-0.154775,3.47806,0.910008,0,4.49222,10,1.02901,0.327778,0.124849,0.537345
187,-0.221266,3.47776,0.79573,0,4.49222,10,1.02901,0.327778,0.124849,0.537345
16,-0.070853,3.4785,0.998063,0,4.49222,10,1.02901,0.327778,0.124849,0.537345
616,-0.154775,3.47806,0.910008,0,4.49222,10,1.02901,0.327778,0.124849,0.537345
16,-0.070853,3.4785,0.998063,0,4.49222,10,1.02901,0.327778,0.124849,0.537345
615,0.025614,3.4786,1.04749,0,4.49222,10,1.02901,0.327778,0.124849,0.537345
615,0.025614,3.4786,1.04749,0,4.49222,10,1.02901,0.327778,0.124849,0.537345
186,0.125085,3.47887,1.0637,0,4.49222,10,1.02901,0.327778,0.124849,0.537345
186,0.125085,3.47887,1.0637,0,4.49222,10,1.02901,0.327778,0.124849,0.537345
1044,0.224546,3.47871,1.04754,0,4.49222,10,1.02901,0.327778,0.124849,0.537345
1044,0.224546,3.47871,1.04754,0,4.49222,10,1.02901,0.327778,0.124849,0.537345
38,0.320893,3.47844,0.998021,0,4.49222,10,1.02901,0.327778,0.124849,0.537345
38,0.320893,3.47844,0.998021,0,4.49222,10,1.02901,0.327778,0.124849,0.537345
664,0.404753,3.47798,0.90996,0,4.49222,10,1.02901,0.327778,0.124849,0.537345
664,0.404753,3.47798,0.90996,0,4.49222,10,1.02901,0.327778,0.124849,0.537345
235,0.471342,3.47774,0.795828,0,4.49222,10,1.02901,0.327778,0.124849,0.537345
235,0.471342,3.47774,0.795828,0,4.49222,10,1.02901,0.327778,0.124849,0.537345
1093,0.512964,3.4776,0.659195,0,4.49222,10,1.02901,0.327778,0.124849,0.537345
1093,0.512964,3.4776,0.659195,0,4.49222,10,1.02901,0.327778,0.124849,0.537345
60,0.534277,3.47801,0.508442,0,4.49222,10,1.02901,0.327778,0.124849,0.537345
1045,-0.363025,3.49271,0.67883,1,4.49222,10,1.02901,0.327778,0.124849,0.537345
59,-0.385382,3.49274,0.520748,1,4.49222,10,1.02901,0.327778,0.124849,0.537345
187,-0.298654,3.49281,0.816637,1,4.49222,10,1.02901,0.327778,0.124849,0.537345
1045,-0.363025,3.49271,0.67883,1,4.49222,10,1.02901,0.327778,0.124849,0.537345
616,-0.205156,3.49282,0.921409,1,4.49222,10,1.02901,0.327778,0.124849,0.537345
187,-0.298654,3.49281,0.816637,1,4.49222,10,1.02901,0.327778,0.124849,0.537345
16,-0.0961183,3.49277,0.990803,1,4.49222,10,1.02901,0.327778,0.124849,0.537345
616,-0.205156,3.49282,0.921409,1,4.49222,10,1.02901,0.327778,0.124849,0.537345
16,-0.0961183,3.49277,0.990803,1,4.49222,10,1.02901,0.327778,0.124849,0.537345
615,0.017552,3.49277,1.01329,1,4.49222,10,1.02901,0.327778,0.124849,0.537345
615,0.017552,3.49277,1.01329,1,4.49222,10,1.02901,0.327778,0.124849,0.537345
186,0.125087,3.49284,1.00468,1,4.49222,10,1.02901,0.327778,0.124849,0.537345
186,0.125087,3.49284,1.00468,1,4.49222,10,1.02901,0.327778,0.124849,0.537345
1044,0.232638,3.49281,1.01329,1,4.49222,10,1.02901,0.327778,0.124849,0.537345
1044,0.232638,3.49281,1.01329,1,4.49222,10,1.02901,0.327778,0.124849,0.537345
38,0.346257,3.49281,0.990692,1,4.49222,10,1.02901,0.327778,0.124849,0.537345
38,0.346257,3.49281,0.990692,1,4.49222,10,1.02901,0.327778,0.124849,0.537345
664,0.455151,3.4928,0.921217,1,4.49222,10,1.02901,0.327778,0.124849,0.537345
664,0.455151,3.4928,0.921217,1,4.49222,10,1.02901,0.327778,0.124849,0.537345
235,0.548627,3.49271,0.816492,1,4.49222,10,1.02901,0.327778,0.124849,0.537345
235,0.548627,3.49271,0.816492,1,4.49222,10,1.02901,0.327778,0.124849,0.537345
1093,0.612975,3.49262,0.678641,1,4.49222,10,1.02901,0.327778,0.124849,0.537345
1093,0.612975,3.49262,0.678641,1,4.49222,10,1.02901,0.327778,0.124849,0.537345
60,0.635201,3.49261,0.520604,1,4.49222,10,1.02901,0.327778,0.124849,0.537345
1045,-0.269264,3.5077,0.667994,0,4.99222,10,1.04144,0.327778,0.124799,0.549772
59,-0.293743,3.50815,0.513991,0,4.99222,10,1.04144,0.327778,0.124799,0.549772
187,-0.225811,3.5077,0.806018,0,4.99222,10,1.04144,0.327778,0.124799,0.549772
1045,-0.269264,3.5077,0.667994,0,4.99222,10,1.04144,0.327778,0.124799,0.549772
616,-0.157882,3.50785,0.921477,0,4.99222,10,1.04144,0.327778,0.124799,0.549772
187,-0.225811,3.5077,0.806018,0,4.99222,10,1.04144,0.327778,0.124799,0.549772
16,-0.0724039,3.50817,1.01045,0,4.99222,10,1.04144,0.327778,0.124799,0.549772
616,-0.157882,3.50785,0.921477,0,4.99222,10,1.04144,0.327778,0.124799,0.549772
16,-0.0724039,3.50817,1.01045,0,4.99222,10,1.04144,0.327778,0.124799,0.549772
615,0.0251524,3.50854,1.06074,0,4.99222,10,1.04144,0.327778,0.124799,0.549772
615,0.0251524,3.50854,1.06074,0,4.99222,10,1.04144,0.327778,0.124799,0.549772
186,0.12503,3.50886,1.0769,0,4.99222,10,1.04144,0.327778,0.124799,0.549772
186,0.12503,3.50886,1.0769,0,4.99222,10,1.04144,0.327778,0.124799,0.549772
1044,0.224892,3.50858,1.06064,0,4.99222,10,1.04144,0.327778,0.124799,0.549772
1044,0.224892,3.50858,1.06064,0,4.99222,10,1.04144,0.327778,0.124799,0.549772
38,0.322413,3.50824,1.01032,0,4.99222,10,1.04144,0.327778,0.124799,0.549772
38,0.322413,3.50824,1.01032,0,4.99222,10,1.04144,0.327778,0.124799,0.549772
664,0.407842,3.5078,0.921479,0,4.99222,10,1.04144,0.327778,0.124799,0.549772
664,0.407842,3.5078,0.921479,0,4.99222,10,1.04144,0.327778,0.124799,0.549772
235,0.475693,3.50751,0.80599,0,4.99222,10,1.04144,0.327778,0.124799,0.549772
235,0.475693,3.50751,0.80599,0,4.99222,10,1.04144,0.327778,0.124799,0.549772
1093,0.519205,3.50764,0.667854,0,4.99222,10,1.04144,0.327778,0.124799,0.549772
1093,0.519205,3.50764,0.667854,0,4.99222,10,1.04144,0.327778,0.124799,0.549772
60,0.543787,3.50816,0.513982,0,4.99222,10,1.04144,0.327778,0.124799,0.549772
1045,-0.379697,3.52417,0.688386,1,4.99222,10,1.04144,0.327778,0.124799,0.549772
59,-0.402005,3.52426,0.524965,1,4.99222,10,1.04144,0.327778,0.124799,0.549772
187,-0.313363,3.52422,0.829979,1,4.99222,10,1.04144,0.327778,0.124799,0.549772
1045,-0.379697,3.52417,0.688386,1,4.99222,10,1.04144,0.327778,0.124799,0.549772
616,-0.21661,3.5242,0.937123,1,4.99222,10,1.04144,0.327778,0.124799,0.549772
187,-0.313363,3.52422,0.829979,1,4.99222,10,1.04144,0.327778,0.124799,0.549772
16,-0.10357,3.52411,1.00695,1,4.99222,10,1.04144,0.327778,0.124799,0.549772
616,-0.21661,3.5242,0.937123,1,4.99222,10,1.04144,0.327778,0.124799,0.549772
16,-0.10357,3.52411,1.00695,1,4.99222,10,1.04144,0.327778,0.124799,0.549772
615,0.0139015,3.52406,1.02857,1,4.99222,10,1.04144,0.327778,0.124799,0.549772
615,0.0139015,3.52406,1.02857,1,4.99222,10,1.04144,0.327778,0.124799,0.549772
186,0.125094,3.52407,1.01995,1,4.99222,10,1.04144,0.327778,0.124799,0.549772
186,0.125094,3.52407,1.01995,1,4.99222,10,1.04144,0.327778,0.124799,0.549772
1044,0.236248,3.52407,1.02882,1,4.99222,10,1.04144,0.327778,0.124799,0.549772
1044,0.236248,3.52407,1.02882,1,4.99222,10,1.04144,0.327778,0.124799,0.549772
38,0.353699,3.5241,1.00712,1,4.99222,10,1.04144,0.327778,0.124799,0.549772
38,0.353699,3.5241,1.00712,1,4.99222,10,1.04144,0.327778,0.124799,0.549772
664,0.466666,3.52417,0.937191,1,4.99222,10,1.04144,0.327778,0.124799,0.549772
664,0.466666,3.52417,0.937191,1,4.99222,10,1.04144,0.327778,0.124799,0.549772
235,0.563357,3.52418,0.830041,1,4.99222,10,1.04144,0.327778,0.124799,0.549772
235,0.563357,3.52418,0.830041,1,4.99222,10,1.04144,0.327778,0.124799,0.549772
1093,0.629721,3.52414,0.688532,1,4.99222,10,1.04144,0.327778,0.124799,0.549772
1093,0.629721,3.52414,0.688532,1,4.99222,10,1.04144,0.327778,0.124799,0.549772
60,0.652076,3.52427,0.525076,1,4.99222,10,1.04144,0.327778,0.124799,0.549772
1045,-0.27554,3.54452,0.676848,0,5.49222,10,1.05761,0.327778,0.124835,0.565947
59,-0.302156,3.54507,0.519487,0,5.49222,10,1.05761,0.327778,0.124835,0.565947
187,-0.230902,3.54441,0.817385,0,5.49222,10,1.05761,0.327778,0.124835,0.565947
1045,-0.27554,3.54452,0.676848,0,5.49222,10,1.05761,0.327778,0.124835,0.565947
616,-0.161384,3.54459,0.934424,0,5.49222,10,1.05761,0.327778,0.124835,0.565947
187,-0.230902,3.54441,0.817385,0,5.49222,10,1.05761,0.327778,0.124835,0.565947
16,-0.0741704,3.54499,1.02412,0,5.49222,10,1.05761,0.327778,0.124835,0.565947
616,-0.161384,3.54459,0.934424,0,5.49222,10,1.05761,0.327778,0.124835,0.565947
16,-0.0741704,3.54499,1.02412,0,5.49222,10,1.05761,0.327778,0.124835,0.565947
615,0.024759,3.54535,1.07469,0,5.49222,10,1.05761,0.327778,0.124835,0.565947
615,0.024759,3.54535,1.07469,0,5.49222,10,1.05761,0.327778,0.124835,0.565947
186,0.125094,3.54568,1.09135,0,5.49222,10,1.05761,0.327778,0.124835,0.565947
186,0.125094,3.54568,1.09135,0,5.49222,10,1.05761,0.327778,0.124835,0.565947
1044,0.225351,3.54543,1.07464,0,5.49222,10,1.05761,0.327778,0.124835,0.565947
1044,0.225351,3.54543,1.07464,0,5.49222,10,1.05761,0.327778,0.124835,0.565947
38,0.324239,3.54493,1.02414,0,5.49222,10,1.05761,0.327778,0.124835,0.565947
38,0.324239,3.54493,1.02414,0,5.49222,10,1.05761,0.327778,0.124835,0.565947
664,0.411439,3.54456,0.934403,0,5.49222,10,1.05761,0.327778,0.124835,0.565947
664,0.411439,3.54456,0.934403,0,5.49222,10,1.05761,0.327778,0.124835,0.565947
235,0.48092,3.54449,0.817384,0,5.49222,10,1.05761,0.327778,0.124835,0.565947
235,0.48092,3.54449,0.817384,0,5.49222,10,1.05761,0.327778,0.124835,0.565947
1093,0.525501,3.54447,0.676835,0,5.49222,10,1.05761,0.327778,0.124835,0.565947
1093,0.525501,3.54447,0.676835,0,5.49222,10,1.05761,0.327778,0.124835,0.565947
60,0.552122,3.54503,0.51957,0,5.49222,10,1.05761,0.327778,0.124835,0.565947
1045,-0.396383,3.55386,0.697466,1,5.49222,10,1.05761,0.327778,0.124835,0.565947
59,-0.418952,3.55388,0.529015,1,5.49222,10,1.05761,0.327778,0.124835,0.565947
187,-0.327762,3.55395,0.842515,1,5.49222,10,1.05761,0.327778,0.124835,0.565947
1045,-0.396383,3.55386,0.697466,1,5.49222,10,1.05761,0.327778,0.124835,0.565947
616,-0.227493,3.55399,0.95156,1,5.49222,10,1.05761,0.327778,0.124835,0.565947
187,-0.327762,3.55395,0.842515,1,5.49222,10,1.05761,0.327778,0.124835,0.565947
16,-0.11055,3.55394,1.02144,1,5.49222,10,1.05761,0.327778,0.124835,0.565947
616,-0.227493,3.55399,0.95156,1,5.49222,10,1.05761,0.327778,0.124835,0.565947
16,-0.11055,3.55394,1.02144,1,5.49222,10,1.05761,0.327778,0.124835,0.565947
615,0.0103552,3.55389,1.04256,1,5.49222,10,1.05761,0.327778,0.124835,0.565947
615,0.0103552,3.55389,1.04256,1,5.49222,10,1.05761,0.327778,0.124835,0.565947
186,0.125077,3.55386,1.03418,1,5.49222,10,1.05761,0.327778,0.124835,0.565947
186,0.125077,3.55386,1.03418,1,5.49222,10,1.05761,0.327778,0.124835,0.565947
1044,0.239767,3.55387,1.04272,1,5.49222,10,1.05761,0.327778,0.124835,0.565947
1044,0.239767,3.55387,1.04272,1,5.49222,10,1.05761,0.327778,0.124835,0.565947
38,0.360635,3.55392,1.02152,1,5.49222,10,1.05761,0.327778,0.124835,0.565947
38,0.360635,3.55392,1.02152,1,5.49222,10,1.05761,0.327778,0.124835,0.565947
664,0.477494,3.55397,0.951562,1,5.49222,10,1.05761,0.327778,0.124835,0.565947
664,0.477494,3.55397,0.951562,1,5.49222,10,1.05761,0.327778,0.124835,0.565947
235,0.577717,3.55394,0.842505,1,5.49222,10,1.05761,0.327778,0.124835,0.565947
235,0.577717,3.55394,0.842505,1,5.49222,10,1.05761,0.327778,0.124835,0.565947
1093,0.646272,3.55385,0.697466,1,5.49222,10,1.05761,0.327778,0.124835,0.565947
1093,0.646272,3.55385,0.697466,1,5.49222,10,1.05761,0.327778,0.124835,0.565947
60,0.668839,3.55388,0.529055,1,5.49222,10,1.05761,0.327778,0.124835,0.565947
1045,-0.282602,3.57659,0.684681,0,5.99222,10,1.07276,0.327778,0.12485,0.581093
59,-0.311437,3.57709,0.524051,0,5.99222,10,1.07276,0.327778,0.12485,0.581093
187,-0.236653,3.57657,0.827344,0,5.99222,10,1.07276,0.327778,0.12485,0.581093
1045,-0.282602,3.57659,0.684681,0,5.99222,10,1.07276,0.327778,0.12485,0.581093
616,-0.165348,3.57679,0.946005,0,5.99222,10,1.07276,0.327778,0.12485,0.581093
187,-0.236653,3.57657,0.827344,0,5.99222,10,1.07276,0.327778,0.12485,0.581093
16,-0.0763082,3.5773,1.03652,0,5.99222,10,1.07276,0.327778,0.12485,0.581093
616,-0.165348,3.57679,0.946005,0,5.99222,10,1.07276,0.327778,0.12485,0.581093
16,-0.0763082,3.5773,1.03652,0,5.99222,10,1.07276,0.327778,0.12485,0.581093
615,0.0241347,3.57776,1.08766,0,5.99222,10,1.07276,0.327778,0.12485,0.581093
615,0.0241347,3.57776,1.08766,0,5.99222,10,1.07276,0.327778,0.12485,0.581093
186,0.12503,3.57804,1.10474,0,5.99222,10,1.07276,0.327778,0.12485,0.581093
186,0.12503,3.57804,1.10474,0,5.99222,10,1.07276,0.327778,0.12485,0.581093
1044,0.225926,3.57781,1.08763,0,5.99222,10,1.07276,0.327778,0.12485,0.581093
1044,0.225926,3.57781,1.08763,0,5.99222,10,1.07276,0.327778,0.12485,0.581093
38,0.326386,3.57731,1.03649,0,5.99222,10,1.07276,0.327778,0.12485,0.581093
38,0.326386,3.57731,1.03649,0,5.99222,10,1.07276,0.327778,0.12485,0.581093
664,0.415356,3.57685,0.945952,0,5.99222,10,1.07276,0.327778,0.12485,0.581093
664,0.415356,3.57685,0.945952,0,5.99222,10,1.07276,0.327778,0.12485,0.581093
235,0.486734,3.57658,0.827367,0,5.99222,10,1.07276,0.327778,0.12485,0.581093
235,0.486734,3.57658,0.827367,0,5.99222,10,1.07276,0.327778,0.12485,0.581093
1093,0.532607,3.5765,0.684692,0,5.99222,10,1.07276,0.327778,0.12485,0.581093
1093,0.532607,3.5765,0.684692,0,5.99222,10,1.07276,0.327778,0.12485,0.581093
60,0.561461,3.57718,0.524092,0,5.99222,10,1.07276,0.327778,0.12485,0.581093
1045,-0.411698,3.58256,0.705573,1,5.99222,10,1.07276,0.327778,0.12485,0.581093
59,-0.434742,3.58245,0.532459,1,5.99222,10,1.07276,0.327778,0.12485,0.581093
187,-0.341194,3.58276,0.853974,1,5.99222,10,1.07276,0.327778,0.12485,0.581093
1045,-0.411698,3.58256,0.705573,1,5.99222,10,1.07276,0.327778,0.12485,0.581093
616,-0.237811,3.58287,0.965013,1,5.99222,10,1.07276,0.327778,0.12485,0.581093
187,-0.341194,3.58276,0.853974,1,5.99222,10,1.07276,0.327778,0.12485,0.581093
16,-0.117442,3.58286,1.0354,1,5.99222,10,1.07276,0.327778,0.12485,0.581093
616,-0.237811,3.58287,0.965013,1,5.99222,10,1.07276,0.327778,0.12485,0.581093
16,-0.117442,3.58286,1.0354,1,5.99222,10,1.07276,0.327778,0.12485,0.581093
615,0.00669562,3.58279,1.05647,1,5.99222,10,1.07276,0.327778,0.12485,0.581093
615,0.00669562,3.58279,1.05647,1,5.99222,10,1.07276,0.327778,0.12485,0.581093
186,0.124861,3.58273,1.04858,1,5.99222,10,1.07276,0.327778,0.12485,0.581093
186,0.124861,3.58273,1.04858,1,5.99222,10,1.07276,0.327778,0.12485,0.581093
1044,0.242972,3.58279,1.05667,1,5.99222,10,1.07276,0.327778,0.12485,0.581093
1044,0.242972,3.58279,1.05667,1,5.99222,10,1.07276,0.327778,0.12485,0.581093
38,0.367072,3.58285,1.03555,1,5.99222,10,1.07276,0.327778,0.12485,0.581093
38,0.367072,3.58285,1.03555,1,5.99222,10,1.07276,0.327778,0.12485,0.581093
664,0.487422,3.58286,0.965116,1,5.99222,10,1.07276,0.327778,0.12485,0.581093
664,0.487422,3.58286,0.965116,1,5.99222,10,1.07276,0.327778,0.12485,0.581093
235,0.590725,3.58274,0.854042,1,5.99222,10,1.07276,0.327778,0.12485,0.581093
235,0.590725,3.58274,0.854042,1,5.99222,10,1.07276,0.327778,0.12485,0.581093
1093,0.661156,3.58256,0.705632,1,5.99222,10,1.07276,0.327778,0.12485,0.581093
1093,0.661156,3.58256,0.705632,1,5.99222,10,1.07276,0.327778,0.12485,0.581093
60,0.684194,3.5825,0.532616,1,5.99222,10,1.07276,0.327778,0.12485,0.581093
1045,-0.289954,3.60294,0.691292,0,6.49222,10,1.08342,0.327778,0.124907,0.591755
59,-0.322305,3.6032,0.52822,0,6.49222,10,1.08342,0.327778,0.124907,0.591755
187,-0.241746,3.60303,0.83533,0,6.49222,10,1.08342,0.327778,0.124907,0.591755
1045,-0.289954,3.60294,0.691292,0,6.49222,10,1.08342,0.327778,0.124907,0.591755
616,-0.168578,3.60331,0.95487,0,6.49222,10,1.08342,0.327778,0.124907,0.591755
187,-0.241746,3.60303,0.83533,0,6.49222,10,1.08342,0.327778,0.124907,0.591755
16,-0.077807,3.60372,1.04575,0,6.49222,10,1.08342,0.327778,0.124907,0.591755
616,-0.168578,3.60331,0.95487,0,6.49222,10,1.08342,0.327778,0.124907,0.591755
16,-0.077807,3.60372,1.04575,0,6.49222,10,1.08342,0.327778,0.124907,0.591755
615,0.0238159,3.604,1.09716,0,6.49222,10,1.08342,0.327778,0.124907,0.591755
615,0.0238159,3.604,1.09716,0,6.49222,10,1.08342,0.327778,0.124907,0.591755
186,0.12508,3.60418,1.11463,0,6.49222,10,1.08342,0.327778,0.124907,0.591755
186,0.12508,3.60418,1.11463,0,6.49222,10,1.08342,0.327778,0.124907,0.591755
1044,0.226407,3.60399,1.09709,0,6.49222,10,1.08342,0.327778,0.124907,0.591755
1044,0.226407,3.60399,1.09709,0,6.49222,10,1.08342,0.327778,0.124907,0.591755
38,0.328016,3.60372,1.04568,0,6.49222,10,1.08342,0.327778,0.124907,0.591755
38,0.328016,3.60372,1.04568,0,6.49222,10,1.08342,0.327778,0.124907,0.591755
664,0.418777,3.60334,0.954834,0,6.49222,10,1.08342,0.327778,0.124907,0.591755
664,0.418777,3.60334,0.954834,0,6.49222,10,1.08342,0.327778,0.124907,0.591755
235,0.491865,3.60304,0.835253,0,6.49222,10,1.08342,0.327778,0.124907,0.591755
235,0.491865,3.60304,0.835253,0,6.49222,10,1.08342,0.327778,0.124907,0.591755
1093,0.540122,3.60288,0.691287,0,6.49222,10,1.08342,0.327778,0.124907,0.591755
1093,0.540122,3.60288,0.691287,0,6.49222,10,1.08342,0.327778,0.124907,0.591755
60,0.572413,3.60334,0.528213,0,6.49222,10,1.08342,0.327778,0.124907,0.591755
1045,-0.426017,3.61059,0.713238,1,6.49222,10,1.08342,0.327778,0.124907,0.591755
59,-0.44989,3.61032,0.53586,1,6.49222,10,1.08342,0.327778,0.124907,0.591755
187,-0.353543,3.61088,0.864749,1,6.49222,10,1.08342,0.327778,0.124907,0.591755
1045,-0.426017,3.61059,0.713238,1,6.49222,10,1.08342,0.327778,0.124907,0.591755
616,-0.24718,3.61106,0.977626,1,6.49222,10,1.08342,0.327778,0.124907,0.591755
187,-0.353543,3.61088,0.864749,1,6.49222,10,1.08342,0.327778,0.124907,0.591755
16,-0.12351,3.6111,1.04847,1,6.49222,10,1.08342,0.327778,0.124907,0.591755
616,-0.24718,3.61106,0.977626,1,6.49222,10,1.08342,0.327778,0.124907,0.591755
16,-0.12351,3.6111,1.04847,1,6.49222,10,1.08342,0.327778,0.124907,0.591755
615,0.00366845,3.61102,1.06964,1,6.49222,10,1.08342,0.327778,0.124907,0.591755
615,0.00366845,3.61102,1.06964,1,6.49222,10,1.08342,0.327778,0.124907,0.591755
186,0.125105,3.61091,1.06231,1,6.49222,10,1.08342,0.327778,0.124907,0.591755
186,0.125105,3.61091,1.06231,1,6.49222,10,1.08342,0.327778,0.124907,0.591755
1044,0.246527,3.61101,1.06968,1,6.49222,10,1.08342,0.327778,0.124907,0.591755
1044,0.246527,3.61101,1.06968,1,6.49222,10,1.08342,0.327778,0.124907,0.591755
38,0.373629,3.6111,1.04833,1,6.49222,10,1.08342,0.327778,0.124907,0.591755
38,0.373629,3.6111,1.04833,1,6.49222,10,1.08342,0.327778,0.124907,0.591755
664,0.497264,3.61107,0.977513,1,6.49222,10,1.08342,0.327778,0.124907,0.591755
664,0.497264,3.61107,0.977513,1,6.49222,10,1.08342,0.327778,0.124907,0.591755
235,0.603651,3.61088,0.864679,1,6.49222,10,1.08342,0.327778,0.124907,0.591755
235,0.603651,3.61088,0.864679,1,6.49222,10,1.08342,0.327778,0.124907,0.591755
1093,0.676114,3.6106,0.71315,1,6.49222,10,1.08342,0.327778,0.124907,0.591755
1093,0.676114,3.6106,0.71315,1,6.49222,10,1.08342,0.327778,0.124907,0.591755
60,0.699969,3.61042,0.53581,1,6.49222,10,1.08342,0.327778,0.124907,0.591755
1045,-0.296447,3.63337,0.697943,0,6.99222,10,1.09553,0.327778,0.124858,0.603864
59,-0.331072,3.63369,0.532225,0,6.99222,10,1.09553,0.327778,0.124858,0.603864
187,-0.246905,3.63357,0.843768,0,6.99222,10,1.09553,0.327778,0.124858,0.603864
1045,-0.296447,3.63337,0.697943,0,6.99222,10,1.09553,0.327778,0.124858,0.603864
616,-0.172105,3.63387,0.964359,0,6.99222,10,1.09553,0.327778,0.124858,0.603864
187,-0.246905,3.63357,0.843768,0,6.99222,10,1.09553,0.327778,0.124858,0.603864
16,-0.0799579,3.63425,1.05611,0,6.99222,10,1.09553,0.327778,0.124858,0.603864
616,-0.172105,3.63387,0.964359,0,6.99222,10,1.09553,0.327778,0.124858,0.603864
16,-0.0799579,3.63425,1.05611,0,6.99222,10,1.09553,0.327778,0.124858,0.603864
615,0.0230478,3.63458,1.10828,0,6.99222,10,1.09553,0.327778,0.124858,0.603864
615,0.0230478,3.63458,1.10828,0,6.99222,10,1.09553,0.327778,0.124858,0.603864
186,0.125044,3.63478,1.12611,0,6.99222,10,1.09553,0.327778,0.124858,0.603864
186,0.125044,3.63478,1.12611,0,6.99222,10,1.09553,0.327778,0.124858,0.603864
1044,0.227058,3.63458,1.10829,0,6.99222,10,1.09553,0.327778,0.124858,0.603864
1044,0.227058,3.63458,1.10829,0,6.99222,10,1.09553,0.327778,0.124858,0.603864
38,0.330079,3.63426,1.05614,0,6.99222,10,1.09553,0.327778,0.124858,0.603864
38,0.330079,3.63426,1.05614,0,6.99222,10,1.09553,0.327778,0.124858,0.603864
664,0.422232,3.63385,0.964356,0,6.99222,10,1.09553,0.327778,0.124858,0.603864
664,0.422232,3.63385,0.964356,0,6.99222,10,1.09553,0.327778,0.124858,0.603864
235,0.497005,3.63355,0.843727,0,6.99222,10,1.09553,0.327778,0.124858,0.603864
235,0.497005,3.63355,0.843727,0,6.99222,10,1.09553,0.327778,0.124858,0.603864
1093,0.546497,3.6333,0.6979,0,6.99222,10,1.09553,0.327778,0.124858,0.603864
1093,0.546497,3.6333,0.6979,0,6.99222,10,1.09553,0.327778,0.124858,0.603864
60,0.58112,3.63372,0.532198,0,6.99222,10,1.09553,0.327778,0.124858,0.603864
1045,-0.439708,3.63762,0.719993,1,6.99222,10,1.09553,0.327778,0.124858,0.603864
59,-0.464537,3.63718,0.538637,1,6.99222,10,1.09553,0.327778,0.124858,0.603864
187,-0.365328,3.63803,0.874441,1,6.99222,10,1.09553,0.327778,0.124858,0.603864
1045,-0.439708,3.63762,0.719993,1,6.99222,10,1.09553,0.327778,0.124858,0.603864
616,-0.256134,3.6383,0.98907,1,6.99222,10,1.09553,0.327778,0.124858,0.603864
187,-0.365328,3.63803,0.874441,1,6.99222,10,1.09553,0.327778,0.124858,0.603864
16,-0.129485,3.63837,1.06057,1,6.99222,10,1.09553,0.327778,0.124858,0.603864
616,-0.256134,3.6383,0.98907,1,6.99222,10,1.09553,0.327778,0.124858,0.603864
16,-0.129485,3.63837,1.06057,1,6.99222,10,1.09553,0.327778,0.124858,0.603864
615,0.000515969,3.63828,1.08205,1,6.99222,10,1.09553,0.327778,0.124858,0.603864
615,0.000515969,3.63828,1.08205,1,6.99222,10,1.09553,0.327778,0.124858,0.603864
186,0.125083,3.63817,1.07534,1,6.99222,10,1.09553,0.327778,0.124858,0.603864
186,0.125083,3.63817,1.07534,1,6.99222,10,1.09553,0.327778,0.124858,0.603864
1044,0.249624,3.6383,1.08206,1,6.99222,10,1.09553,0.327778,0.124858,0.603864
1044,0.249624,3.6383,1.08206,1,6.99222,10,1.09553,0.327778,0.124858,0.603864
38,0.379567,3.63838,1.06042,1,6.99222,10,1.09553,0.327778,0.124858,0.603864
38,0.379567,3.63838,1.06042,1,6.99222,10,1.09553,0.327778,0.124858,0.603864
664,0.506217,3.63831,0.988941,1,6.99222,10,1.09553,0.327778,0.124858,0.603864
664,0.506217,3.63831,0.988941,1,6.99222,10,1.09553,0.327778,0.124858,0.603864
235,0.615394,3.63805,0.874281,1,6.99222,10,1.09553,0.327778,0.124858,0.603864
235,0.615394,3.63805,0.874281,1,6.99222,10,1.09553,0.327778,0.124858,0.603864
1093,0.689733,3.63765,0.719839,1,6.99222,10,1.09553,0.327778,0.124858,0.603864
1093,0.689733,3.63765,0.719839,1,6.99222,10,1.09553,0.327778,0.124858,0.603864
60,0.714606,3.63733,0.538548,1,6.99222,10,1.09553,0.327778,0.124858,0.603864
1045,-0.302669,3.65872,0.703783,0,7.49222,10,1.1063,0.327778,0.124856,0.614631
59,-0.339705,3.65892,0.535586,0,7.49222,10,1.1063,0.327778,0.124856,0.614631
187,-0.251993,3.65895,0.851382,0,7.49222,10,1.1063,0.327778,0.124856,0.614631
1045,-0.302669,3.65872,0.703783,0,7.49222,10,1.1063,0.327778,0.124856,0.614631
616,-0.175646,3.65931,0.973308,0,7.49222,10,1.1063,0.327778,0.124856,0.614631
187,-0.251993,3.65895,0.851382,0,7.49222,10,1.1063,0.327778,0.124856,0.614631
16,-0.0818545,3.65968,1.06566,0,7.49222,10,1.1063,0.327778,0.124856,0.614631
616,-0.175646,3.65931,0.973308,0,7.49222,10,1.1063,0.327778,0.124856,0.614631
16,-0.0818545,3.65968,1.06566,0,7.49222,10,1.1063,0.327778,0.124856,0.614631
615,0.0225382,3.66,1.11815,0,7.49222,10,1.1063,0.327778,0.124856,0.614631
615,0.0225382,3.66,1.11815,0,7.49222,10,1.1063,0.327778,0.124856,0.614631
186,0.125076,3.6602,1.13639,0,7.49222,10,1.1063,0.327778,0.124856,0.614631
186,0.125076,3.6602,1.13639,0,7.49222,10,1.1063,0.327778,0.124856,0.614631
1044,0.227624,3.65999,1.11811,0,7.49222,10,1.1063,0.327778,0.124856,0.614631
1044,0.227624,3.65999,1.11811,0,7.49222,10,1.1063,0.327778,0.124856,0.614631
38,0.331988,3.65968,1.06559,0,7.49222,10,1.1063,0.327778,0.124856,0.614631
38,0.331988,3.65968,1.06559,0,7.49222,10,1.1063,0.327778,0.124856,0.614631
664,0.425715,3.65929,0.973252,0,7.49222,10,1.1063,0.327778,0.124856,0.614631
664,0.425715,3.65929,0.973252,0,7.49222,10,1.1063,0.327778,0.124856,0.614631
235,0.502062,3.65894,0.851322,0,7.49222,10,1.1063,0.327778,0.124856,0.614631
235,0.502062,3.65894,0.851322,0,7.49222,10,1.1063,0.327778,0.124856,0.614631
1093,0.552741,3.65863,0.703729,0,7.49222,10,1.1063,0.327778,0.124856,0.614631
1093,0.552741,3.65863,0.703729,0,7.49222,10,1.1063,0.327778,0.124856,0.614631
60,0.589738,3.65891,0.535536,0,7.49222,10,1.1063,0.327778,0.124856,0.614631
1045,-0.452762,3.66341,0.726501,1,7.49222,10,1.1063,0.327778,0.124856,0.614631
59,-0.478806,3.66284,0.541422,1,7.49222,10,1.1063,0.327778,0.124856,0.614631
187,-0.376489,3.66392,0.88368,1,7.49222,10,1.1063,0.327778,0.124856,0.614631
1045,-0.452762,3.66341,0.726501,1,7.49222,10,1.1063,0.327778,0.124856,0.614631
616,-0.264653,3.66425,1.00001,1,7.49222,10,1.1063,0.327778,0.124856,0.614631
187,-0.376489,3.66392,0.88368,1,7.49222,10,1.1063,0.327778,0.124856,0.614631
16,-0.135172,3.66437,1.07211,1,7.49222,10,1.1063,0.327778,0.124856,0.614631
616,-0.264653,3.66425,1.00001,1,7.49222,10,1.1063,0.327778,0.124856,0.614631
16,-0.135172,3.66437,1.07211,1,7.49222,10,1.1063,0.327778,0.124856,0.614631
615,-0.00247502,3.66431,1.09408,1,7.49222,10,1.1063,0.327778,0.124856,0.614631
615,-0.00247502,3.66431,1.09408,1,7.49222,10,1.1063,0.327778,0.124856,0.614631
186,0.125104,3.66422,1.08808,1,7.49222,10,1.1063,0.327778,0.124856,0.614631
186,0.125104,3.66422,1.08808,1,7.49222,10,1.1063,0.327778,0.124856,0.614631
1044,0.25267,3.66436,1.09415,1,7.49222,10,1.1063,0.327778,0.124856,0.614631
1044,0.25267,3.66436,1.09415,1,7.49222,10,1.1063,0.327778,0.124856,0.614631
38,0.385307,3.66444,1.07205,1,7.49222,10,1.1063,0.327778,0.124856,0.614631
38,0.385307,3.66444,1.07205,1,7.49222,10,1.1063,0.327778,0.124856,0.614631
664,0.514774,3.66432,0.999965,1,7.49222,10,1.1063,0.327778,0.124856,0.614631
664,0.514774,3.66432,0.999965,1,7.49222,10,1.1063,0.327778,0.124856,0.614631
235,0.626621,3.66397,0.883614,1,7.49222,10,1.1063,0.327778,0.124856,0.614631
235,0.626621,3.66397,0.883614,1,7.49222,10,1.1063,0.327778,0.124856,0.614631
1093,0.702849,3.66344,0.72642,1,7.49222,10,1.1063,0.327778,0.124856,0.614631
1093,0.702849,3.66344,0.72642,1,7.49222,10,1.1063,0.327778,0.124856,0.614631
60,0.728842,3.663,0.54138,1,7.49222,10,1.1063,0.327778,0.124856,0.614631
