id,x,y,z,ablated,v,bulkheadyoungs,nickdepth,nickw,nickc,bbmin
1045,-0.247821,3.42524,0.63947,0,3.49222,18,0.993715,0.327778,0.124845,0.502049
59,-0.266607,3.4255,0.498418,0,3.49222,18,0.993715,0.327778,0.124845,0.502049
187,-0.208424,3.42513,0.77103,0,3.49222,18,0.993715,0.327778,0.124845,0.502049
1045,-0.247821,3.42524,0.63947,0,3.49222,18,0.993715,0.327778,0.124845,0.502049
616,-0.146141,3.42499,0.882661,0,3.49222,18,0.993715,0.327778,0.124845,0.502049
187,-0.208424,3.42513,0.77103,0,3.49222,18,0.993715,0.327778,0.124845,0.502049
16,-0.0675109,3.42489,0.971332,0,3.49222,18,0.993715,0.327778,0.124845,0.502049
616,-0.146141,3.42499,0.882661,0,3.49222,18,0.993715,0.327778,0.124845,0.502049
16,-0.0675109,3.42489,0.971332,0,3.49222,18,0.993715,0.327778,0.124845,0.502049
615,0.025857,3.42484,1.02224,0,3.49222,18,0.993715,0.327778,0.124845,0.502049
615,0.025857,3.42484,1.02224,0,3.49222,18,0.993715,0.327778,0.124845,0.502049
186,0.124999,3.42486,1.03866,0,3.49222,18,0.993715,0.327778,0.124845,0.502049
186,0.124999,3.42486,1.03866,0,3.49222,18,0.993715,0.327778,0.124845,0.502049
1044,0.224165,3.42483,1.02226,0,3.49222,18,0.993715,0.327778,0.124845,0.502049
1044,0.224165,3.42483,1.02226,0,3.49222,18,0.993715,0.327778,0.124845,0.502049
38,0.317516,3.42491,0.971331,0,3.49222,18,0.993715,0.327778,0.124845,0.502049
38,0.317516,3.42491,0.971331,0,3.49222,18,0.993715,0.327778,0.124845,0.502049
664,0.396163,3.42499,0.882681,0,3.49222,18,0.993715,0.327778,0.124845,0.502049
664,0.396163,3.42499,0.882681,0,3.49222,18,0.993715,0.327778,0.124845,0.502049
235,0.458427,3.42514,0.771016,0,3.49222,18,0.993715,0.327778,0.124845,0.502049
235,0.458427,3.42514,0.771016,0,3.49222,18,0.993715,0.327778,0.124845,0.502049
1093,0.497812,3.42524,0.639501,0,3.49222,18,0.993715,0.327778,0.124845,0.502049
1093,0.497812,3.42524,0.639501,0,3.49222,18,0.993715,0.327778,0.124845,0.502049
60,0.516618,3.42544,0.498445,0,3.49222,18,0.993715,0.327778,0.124845,0.502049
1045,-0.306805,3.43976,0.654914,1,3.49222,18,0.993715,0.327778,0.124845,0.502049
59,-0.333544,3.43985,0.512225,1,3.49222,18,0.993715,0.327778,0.124845,0.502049
187,-0.250059,3.43986,0.783523,1,3.49222,18,0.993715,0.327778,0.124845,0.502049
1045,-0.306805,3.43976,0.654914,1,3.49222,18,0.993715,0.327778,0.124845,0.502049
616,-0.168811,3.43984,0.88523,1,3.49222,18,0.993715,0.327778,0.124845,0.502049
187,-0.250059,3.43986,0.783523,1,3.49222,18,0.993715,0.327778,0.124845,0.502049
16,-0.0737471,3.43963,0.958203,1,3.49222,18,0.993715,0.327778,0.124845,0.502049
616,-0.168811,3.43984,0.88523,1,3.49222,18,0.993715,0.327778,0.124845,0.502049
16,-0.0737471,3.43963,0.958203,1,3.49222,18,0.993715,0.327778,0.124845,0.502049
615,0.0275602,3.43925,0.989061,1,3.49222,18,0.993715,0.327778,0.124845,0.502049
615,0.0275602,3.43925,0.989061,1,3.49222,18,0.993715,0.327778,0.124845,0.502049
186,0.125009,3.4392,0.993254,1,3.49222,18,0.993715,0.327778,0.124845,0.502049
186,0.125009,3.4392,0.993254,1,3.49222,18,0.993715,0.327778,0.124845,0.502049
1044,0.222574,3.43931,0.989355,1,3.49222,18,0.993715,0.327778,0.124845,0.502049
1044,0.222574,3.43931,0.989355,1,3.49222,18,0.993715,0.327778,0.124845,0.502049
38,0.323932,3.43966,0.958301,1,3.49222,18,0.993715,0.327778,0.124845,0.502049
38,0.323932,3.43966,0.958301,1,3.49222,18,0.993715,0.327778,0.124845,0.502049
664,0.419135,3.43975,0.885371,1,3.49222,18,0.993715,0.327778,0.124845,0.502049
664,0.419135,3.43975,0.885371,1,3.49222,18,0.993715,0.327778,0.124845,0.502049
235,0.500181,3.43985,0.783511,1,3.49222,18,0.993715,0.327778,0.124845,0.502049
235,0.500181,3.43985,0.783511,1,3.49222,18,0.993715,0.327778,0.124845,0.502049
1093,0.556844,3.43979,0.654908,1,3.49222,18,0.993715,0.327778,0.124845,0.502049
1093,0.556844,3.43979,0.654908,1,3.49222,18,0.993715,0.327778,0.124845,0.502049
60,0.583625,3.43985,0.512284,1,3.49222,18,0.993715,0.327778,0.124845,0.502049
1045,-0.251209,3.44299,0.644271,0,3.99222,18,1.00051,0.327778,0.124829,0.508842
59,-0.271947,3.44348,0.500669,0,3.99222,18,1.00051,0.327778,0.124829,0.508842
187,-0.210624,3.44275,0.776734,0,3.99222,18,1.00051,0.327778,0.124829,0.508842
1045,-0.251209,3.44299,0.644271,0,3.99222,18,1.00051,0.327778,0.124829,0.508842
616,-0.14718,3.44259,0.88871,0,3.99222,18,1.00051,0.327778,0.124829,0.508842
187,-0.210624,3.44275,0.776734,0,3.99222,18,1.00051,0.327778,0.124829,0.508842
16,-0.067452,3.44266,0.977047,0,3.99222,18,1.00051,0.327778,0.124829,0.508842
616,-0.14718,3.44259,0.88871,0,3.99222,18,1.00051,0.327778,0.124829,0.508842
16,-0.067452,3.44266,0.977047,0,3.99222,18,1.00051,0.327778,0.124829,0.508842
615,0.0261149,3.44299,1.02773,0,3.99222,18,1.00051,0.327778,0.124829,0.508842
615,0.0261149,3.44299,1.02773,0,3.99222,18,1.00051,0.327778,0.124829,0.508842
186,0.124987,3.44332,1.04416,0,3.99222,18,1.00051,0.327778,0.124829,0.508842
186,0.124987,3.44332,1.04416,0,3.99222,18,1.00051,0.327778,0.124829,0.508842
1044,0.223865,3.44299,1.0277,0,3.99222,18,1.00051,0.327778,0.124829,0.508842
1044,0.223865,3.44299,1.0277,0,3.99222,18,1.00051,0.327778,0.124829,0.508842
38,0.317402,3.44272,0.977015,0,3.99222,18,1.00051,0.327778,0.124829,0.508842
38,0.317402,3.44272,0.977015,0,3.99222,18,1.00051,0.327778,0.124829,0.508842
664,0.397154,3.44259,0.888701,0,3.99222,18,1.00051,0.327778,0.124829,0.508842
664,0.397154,3.44259,0.888701,0,3.99222,18,1.00051,0.327778,0.124829,0.508842
235,0.460614,3.4427,0.776701,0,3.99222,18,1.00051,0.327778,0.124829,0.508842
235,0.460614,3.4427,0.776701,0,3.99222,18,1.00051,0.327778,0.124829,0.508842
1093,0.501199,3.44296,0.644262,0,3.99222,18,1.00051,0.327778,0.124829,0.508842
1093,0.501199,3.44296,0.644262,0,3.99222,18,1.00051,0.327778,0.124829,0.508842
60,0.521964,3.44353,0.500697,0,3.99222,18,1.00051,0.327778,0.124829,0.508842
1045,-0.328888,3.465,0.66631,1,3.99222,18,1.00051,0.327778,0.124829,0.508842
59,-0.355472,3.46515,0.518192,1,3.99222,18,1.00051,0.327778,0.124829,0.508842
187,-0.267264,3.46483,0.79702,1,3.99222,18,1.00051,0.327778,0.124829,0.508842
1045,-0.328888,3.465,0.66631,1,3.99222,18,1.00051,0.327778,0.124829,0.508842
616,-0.179923,3.46452,0.897944,1,3.99222,18,1.00051,0.327778,0.124829,0.508842
187,-0.267264,3.46483,0.79702,1,3.99222,18,1.00051,0.327778,0.124829,0.508842
16,-0.0790647,3.46415,0.967756,1,3.99222,18,1.00051,0.327778,0.124829,0.508842
616,-0.179923,3.46452,0.897944,1,3.99222,18,1.00051,0.327778,0.124829,0.508842
16,-0.0790647,3.46415,0.967756,1,3.99222,18,1.00051,0.327778,0.124829,0.508842
615,0.0264735,3.46378,0.994094,1,3.99222,18,1.00051,0.327778,0.124829,0.508842
615,0.0264735,3.46378,0.994094,1,3.99222,18,1.00051,0.327778,0.124829,0.508842
186,0.125073,3.4637,0.992645,1,3.99222,18,1.00051,0.327778,0.124829,0.508842
186,0.125073,3.4637,0.992645,1,3.99222,18,1.00051,0.327778,0.124829,0.508842
1044,0.223746,3.4638,0.994395,1,3.99222,18,1.00051,0.327778,0.124829,0.508842
1044,0.223746,3.4638,0.994395,1,3.99222,18,1.00051,0.327778,0.124829,0.508842
38,0.329271,3.46416,0.967881,1,3.99222,18,1.00051,0.327778,0.124829,0.508842
38,0.329271,3.46416,0.967881,1,3.99222,18,1.00051,0.327778,0.124829,0.508842
664,0.429969,3.4645,0.897864,1,3.99222,18,1.00051,0.327778,0.124829,0.508842
664,0.429969,3.4645,0.897864,1,3.99222,18,1.00051,0.327778,0.124829,0.508842
235,0.517172,3.46477,0.79693,1,3.99222,18,1.00051,0.327778,0.124829,0.508842
235,0.517172,3.46477,0.79693,1,3.99222,18,1.00051,0.327778,0.124829,0.508842
1093,0.57892,3.46498,0.666268,1,3.99222,18,1.00051,0.327778,0.124829,0.508842
1093,0.57892,3.46498,0.666268,1,3.99222,18,1.00051,0.327778,0.124829,0.508842
60,0.605275,3.46511,0.518181,1,3.99222,18,1.00051,0.327778,0.124829,0.508842
1045,-0.256317,3.46834,0.65615,0,4.49222,18,1.01815,0.327778,0.124832,0.526482
59,-0.277637,3.46904,0.508961,0,4.49222,18,1.01815,0.327778,0.124832,0.526482
187,-0.215203,3.46825,0.79041,0,4.49222,18,1.01815,0.327778,0.124832,0.526482
1045,-0.256317,3.46834,0.65615,0,4.49222,18,1.01815,0.327778,0.124832,0.526482
616,-0.150353,3.46821,0.903461,0,4.49222,18,1.01815,0.327778,0.124832,0.526482
187,-0.215203,3.46825,0.79041,0,4.49222,18,1.01815,0.327778,0.124832,0.526482
16,-0.0688784,3.46853,0.991822,0,4.49222,18,1.01815,0.327778,0.124832,0.526482
616,-0.150353,3.46821,0.903461,0,4.49222,18,1.01815,0.327778,0.124832,0.526482
16,-0.0688784,3.46853,0.991822,0,4.49222,18,1.01815,0.327778,0.124832,0.526482
615,0.0259204,3.46903,1.04205,0,4.49222,18,1.01815,0.327778,0.124832,0.526482
615,0.0259204,3.46903,1.04205,0,4.49222,18,1.01815,0.327778,0.124832,0.526482
186,0.124996,3.46943,1.05834,0,4.49222,18,1.01815,0.327778,0.124832,0.526482
186,0.124996,3.46943,1.05834,0,4.49222,18,1.01815,0.327778,0.124832,0.526482
1044,0.224042,3.46909,1.04201,0,4.49222,18,1.01815,0.327778,0.124832,0.526482
1044,0.224042,3.46909,1.04201,0,4.49222,18,1.01815,0.327778,0.124832,0.526482
38,0.318812,3.46861,0.991784,0,4.49222,18,1.01815,0.327778,0.124832,0.526482
38,0.318812,3.46861,0.991784,0,4.49222,18,1.01815,0.327778,0.124832,0.526482
664,0.400327,3.46826,0.903471,0,4.49222,18,1.01815,0.327778,0.124832,0.526482
664,0.400327,3.46826,0.903471,0,4.49222,18,1.01815,0.327778,0.124832,0.526482
235,0.465249,3.46823,0.790402,0,4.49222,18,1.01815,0.327778,0.124832,0.526482
235,0.465249,3.46823,0.790402,0,4.49222,18,1.01815,0.327778,0.124832,0.526482
1093,0.506381,3.46836,0.656145,0,4.49222,18,1.01815,0.327778,0.124832,0.526482
1093,0.506381,3.46836,0.656145,0,4.49222,18,1.01815,0.327778,0.124832,0.526482
60,0.527617,3.46901,0.509024,0,4.49222,18,1.01815,0.327778,0.124832,0.526482
1045,-0.351892,3.49755,0.678457,1,4.49222,18,1.01815,0.327778,0.124832,0.526482
59,-0.37699,3.49783,0.524844,1,4.49222,18,1.01815,0.327778,0.124832,0.526482
187,-0.287994,3.49719,0.812519,1,4.49222,18,1.01815,0.327778,0.124832,0.526482
1045,-0.351892,3.49755,0.678457,1,4.49222,18,1.01815,0.327778,0.124832,0.526482
616,-0.19677,3.4969,0.914905,1,4.49222,18,1.01815,0.327778,0.124832,0.526482
187,-0.287994,3.49719,0.812519,1,4.49222,18,1.01815,0.327778,0.124832,0.526482
16,-0.0909699,3.49657,0.983857,1,4.49222,18,1.01815,0.327778,0.124832,0.526482
616,-0.19677,3.4969,0.914905,1,4.49222,18,1.01815,0.327778,0.124832,0.526482
16,-0.0909699,3.49657,0.983857,1,4.49222,18,1.01815,0.327778,0.124832,0.526482
615,0.0198015,3.49634,1.00674,1,4.49222,18,1.01815,0.327778,0.124832,0.526482
615,0.0198015,3.49634,1.00674,1,4.49222,18,1.01815,0.327778,0.124832,0.526482
186,0.124918,3.49626,0.997723,1,4.49222,18,1.01815,0.327778,0.124832,0.526482
186,0.124918,3.49626,0.997723,1,4.49222,18,1.01815,0.327778,0.124832,0.526482
1044,0.230033,3.49637,1.00671,1,4.49222,18,1.01815,0.327778,0.124832,0.526482
1044,0.230033,3.49637,1.00671,1,4.49222,18,1.01815,0.327778,0.124832,0.526482
38,0.340791,3.49666,0.983806,1,4.49222,18,1.01815,0.327778,0.124832,0.526482
38,0.340791,3.49666,0.983806,1,4.49222,18,1.01815,0.327778,0.124832,0.526482
664,0.446616,3.49692,0.914918,1,4.49222,18,1.01815,0.327778,0.124832,0.526482
664,0.446616,3.49692,0.914918,1,4.49222,18,1.01815,0.327778,0.124832,0.526482
235,0.537961,3.49725,0.812597,1,4.49222,18,1.01815,0.327778,0.124832,0.526482
235,0.537961,3.49725,0.812597,1,4.49222,18,1.01815,0.327778,0.124832,0.526482
1093,0.60197,3.49755,0.678581,1,4.49222,18,1.01815,0.327778,0.124832,0.526482
1093,0.60197,3.49755,0.678581,1,4.49222,18,1.01815,0.327778,0.124832,0.526482
60,0.627043,3.49791,0.524975,1,4.49222,18,1.01815,0.327778,0.124832,0.526482
1045,-0.261915,3.50538,0.668207,0,4.99222,18,1.03845,0.327778,0.124859,0.546788
59,-0.28285,3.50606,0.517108,0,4.99222,18,1.03845,0.327778,0.124859,0.546788
187,-0.220325,3.50494,0.804939,0,4.99222,18,1.03845,0.327778,0.124859,0.546788
1045,-0.261915,3.50538,0.668207,0,4.99222,18,1.03845,0.327778,0.124859,0.546788
616,-0.153807,3.50468,0.919282,0,4.99222,18,1.03845,0.327778,0.124859,0.546788
187,-0.220325,3.50494,0.804939,0,4.99222,18,1.03845,0.327778,0.124859,0.546788
16,-0.0702751,3.50489,1.00779,0,4.99222,18,1.03845,0.327778,0.124859,0.546788
616,-0.153807,3.50468,0.919282,0,4.99222,18,1.03845,0.327778,0.124859,0.546788
16,-0.0702751,3.50489,1.00779,0,4.99222,18,1.03845,0.327778,0.124859,0.546788
615,0.0257971,3.50516,1.05771,0,4.99222,18,1.03845,0.327778,0.124859,0.546788
615,0.0257971,3.50516,1.05771,0,4.99222,18,1.03845,0.327778,0.124859,0.546788
186,0.125037,3.50535,1.07386,0,4.99222,18,1.03845,0.327778,0.124859,0.546788
186,0.125037,3.50535,1.07386,0,4.99222,18,1.03845,0.327778,0.124859,0.546788
1044,0.224297,3.50503,1.05771,0,4.99222,18,1.03845,0.327778,0.124859,0.546788
1044,0.224297,3.50503,1.05771,0,4.99222,18,1.03845,0.327778,0.124859,0.546788
38,0.320314,3.50483,1.00769,0,4.99222,18,1.03845,0.327778,0.124859,0.546788
38,0.320314,3.50483,1.00769,0,4.99222,18,1.03845,0.327778,0.124859,0.546788
664,0.403846,3.50476,0.91917,0,4.99222,18,1.03845,0.327778,0.124859,0.546788
664,0.403846,3.50476,0.91917,0,4.99222,18,1.03845,0.327778,0.124859,0.546788
235,0.470336,3.505,0.804913,0,4.99222,18,1.03845,0.327778,0.124859,0.546788
235,0.470336,3.505,0.804913,0,4.99222,18,1.03845,0.327778,0.124859,0.546788
1093,0.511974,3.50539,0.668176,0,4.99222,18,1.03845,0.327778,0.124859,0.546788
1093,0.511974,3.50539,0.668176,0,4.99222,18,1.03845,0.327778,0.124859,0.546788
60,0.533037,3.50599,0.51716,0,4.99222,18,1.03845,0.327778,0.124859,0.546788
1045,-0.367101,3.52972,0.689539,1,4.99222,18,1.03845,0.327778,0.124859,0.546788
59,-0.392146,3.53013,0.531385,1,4.99222,18,1.03845,0.327778,0.124859,0.546788
187,-0.300865,3.52945,0.826319,1,4.99222,18,1.03845,0.327778,0.124859,0.546788
1045,-0.367101,3.52972,0.689539,1,4.99222,18,1.03845,0.327778,0.124859,0.546788
616,-0.206296,3.52913,0.92988,1,4.99222,18,1.03845,0.327778,0.124859,0.546788
187,-0.300865,3.52945,0.826319,1,4.99222,18,1.03845,0.327778,0.124859,0.546788
16,-0.0968317,3.52883,0.998216,1,4.99222,18,1.03845,0.327778,0.124859,0.546788
616,-0.206296,3.52913,0.92988,1,4.99222,18,1.03845,0.327778,0.124859,0.546788
16,-0.0968317,3.52883,0.998216,1,4.99222,18,1.03845,0.327778,0.124859,0.546788
615,0.0170356,3.52865,1.01956,1,4.99222,18,1.03845,0.327778,0.124859,0.546788
615,0.0170356,3.52865,1.01956,1,4.99222,18,1.03845,0.327778,0.124859,0.546788
186,0.125246,3.52863,1.00959,1,4.99222,18,1.03845,0.327778,0.124859,0.546788
186,0.125246,3.52863,1.00959,1,4.99222,18,1.03845,0.327778,0.124859,0.546788
1044,0.233429,3.52865,1.01967,1,4.99222,18,1.03845,0.327778,0.124859,0.546788
1044,0.233429,3.52865,1.01967,1,4.99222,18,1.03845,0.327778,0.124859,0.546788
38,0.34731,3.52881,0.998317,1,4.99222,18,1.03845,0.327778,0.124859,0.546788
38,0.34731,3.52881,0.998317,1,4.99222,18,1.03845,0.327778,0.124859,0.546788
664,0.456726,3.5291,0.929875,1,4.99222,18,1.03845,0.327778,0.124859,0.546788
664,0.456726,3.5291,0.929875,1,4.99222,18,1.03845,0.327778,0.124859,0.546788
235,0.551222,3.52941,0.826258,1,4.99222,18,1.03845,0.327778,0.124859,0.546788
235,0.551222,3.52941,0.826258,1,4.99222,18,1.03845,0.327778,0.124859,0.546788
1093,0.617362,3.52971,0.689469,1,4.99222,18,1.03845,0.327778,0.124859,0.546788
1093,0.617362,3.52971,0.689469,1,4.99222,18,1.03845,0.327778,0.124859,0.546788
60,0.642314,3.53016,0.531344,1,4.99222,18,1.03845,0.327778,0.124859,0.546788
1045,-0.265861,3.53796,0.676367,0,5.49222,18,1.05034,0.327778,0.12481,0.558678
59,-0.289485,3.53862,0.522659,0,5.49222,18,1.05034,0.327778,0.12481,0.558678
187,-0.22296,3.53754,0.814138,0,5.49222,18,1.05034,0.327778,0.12481,0.558678
1045,-0.265861,3.53796,0.676367,0,5.49222,18,1.05034,0.327778,0.12481,0.558678
616,-0.155696,3.53735,0.92938,0,5.49222,18,1.05034,0.327778,0.12481,0.558678
187,-0.22296,3.53754,0.814138,0,5.49222,18,1.05034,0.327778,0.12481,0.558678
16,-0.071482,3.53768,1.01854,0,5.49222,18,1.05034,0.327778,0.12481,0.558678
616,-0.155696,3.53735,0.92938,0,5.49222,18,1.05034,0.327778,0.12481,0.558678
16,-0.071482,3.53768,1.01854,0,5.49222,18,1.05034,0.327778,0.12481,0.558678
615,0.0253017,3.538,1.06894,0,5.49222,18,1.05034,0.327778,0.12481,0.558678
615,0.0253017,3.538,1.06894,0,5.49222,18,1.05034,0.327778,0.12481,0.558678
186,0.125023,3.5382,1.08538,0,5.49222,18,1.05034,0.327778,0.12481,0.558678
186,0.125023,3.5382,1.08538,0,5.49222,18,1.05034,0.327778,0.12481,0.558678
1044,0.224678,3.538,1.0689,0,5.49222,18,1.05034,0.327778,0.12481,0.558678
1044,0.224678,3.538,1.0689,0,5.49222,18,1.05034,0.327778,0.12481,0.558678
38,0.321464,3.53774,1.01854,0,5.49222,18,1.05034,0.327778,0.12481,0.558678
38,0.321464,3.53774,1.01854,0,5.49222,18,1.05034,0.327778,0.12481,0.558678
664,0.405627,3.53742,0.929371,0,5.49222,18,1.05034,0.327778,0.12481,0.558678
664,0.405627,3.53742,0.929371,0,5.49222,18,1.05034,0.327778,0.12481,0.558678
235,0.472921,3.53756,0.814164,0,5.49222,18,1.05034,0.327778,0.12481,0.558678
235,0.472921,3.53756,0.814164,0,5.49222,18,1.05034,0.327778,0.12481,0.558678
1093,0.515848,3.53797,0.676335,0,5.49222,18,1.05034,0.327778,0.12481,0.558678
1093,0.515848,3.53797,0.676335,0,5.49222,18,1.05034,0.327778,0.12481,0.558678
60,0.539381,3.5387,0.522721,0,5.49222,18,1.05034,0.327778,0.12481,0.558678
1045,-0.381729,3.55948,0.699653,1,5.49222,18,1.05034,0.327778,0.12481,0.558678
59,-0.407192,3.55981,0.537328,1,5.49222,18,1.05034,0.327778,0.12481,0.558678
187,-0.313282,3.55931,0.838873,1,5.49222,18,1.05034,0.327778,0.12481,0.558678
1045,-0.381729,3.55948,0.699653,1,5.49222,18,1.05034,0.327778,0.12481,0.558678
616,-0.215676,3.5591,0.94359,1,5.49222,18,1.05034,0.327778,0.12481,0.558678
187,-0.313282,3.55931,0.838873,1,5.49222,18,1.05034,0.327778,0.12481,0.558678
16,-0.102938,3.55887,1.01167,1,5.49222,18,1.05034,0.327778,0.12481,0.558678
616,-0.215676,3.5591,0.94359,1,5.49222,18,1.05034,0.327778,0.12481,0.558678
16,-0.102938,3.55887,1.01167,1,5.49222,18,1.05034,0.327778,0.12481,0.558678
615,0.0137299,3.55882,1.03183,1,5.49222,18,1.05034,0.327778,0.12481,0.558678
615,0.0137299,3.55882,1.03183,1,5.49222,18,1.05034,0.327778,0.12481,0.558678
186,0.125096,3.55883,1.02158,1,5.49222,18,1.05034,0.327778,0.12481,0.558678
186,0.125096,3.55883,1.02158,1,5.49222,18,1.05034,0.327778,0.12481,0.558678
1044,0.236425,3.55884,1.032,1,5.49222,18,1.05034,0.327778,0.12481,0.558678
1044,0.236425,3.55884,1.032,1,5.49222,18,1.05034,0.327778,0.12481,0.558678
38,0.353062,3.55893,1.01168,1,5.49222,18,1.05034,0.327778,0.12481,0.558678
38,0.353062,3.55893,1.01168,1,5.49222,18,1.05034,0.327778,0.12481,0.558678
664,0.465785,3.55911,0.943623,1,5.49222,18,1.05034,0.327778,0.12481,0.558678
664,0.465785,3.55911,0.943623,1,5.49222,18,1.05034,0.327778,0.12481,0.558678
235,0.563262,3.55931,0.838865,1,5.49222,18,1.05034,0.327778,0.12481,0.558678
235,0.563262,3.55931,0.838865,1,5.49222,18,1.05034,0.327778,0.12481,0.558678
1093,0.631728,3.55948,0.699648,1,5.49222,18,1.05034,0.327778,0.12481,0.558678
1093,0.631728,3.55948,0.699648,1,5.49222,18,1.05034,0.327778,0.12481,0.558678
60,0.657131,3.55987,0.53733,1,5.49222,18,1.05034,0.327778,0.12481,0.558678
1045,-0.269519,3.57338,0.68573,0,5.99222,18,1.06374,0.327778,0.124836,0.57207
59,-0.2943,3.57414,0.529511,0,5.99222,18,1.06374,0.327778,0.124836,0.57207
187,-0.226565,3.57316,0.825142,0,5.99222,18,1.06374,0.327778,0.124836,0.57207
1045,-0.269519,3.57338,0.68573,0,5.99222,18,1.06374,0.327778,0.124836,0.57207
616,-0.15842,3.57314,0.94136,0,5.99222,18,1.06374,0.327778,0.124836,0.57207
187,-0.226565,3.57316,0.825142,0,5.99222,18,1.06374,0.327778,0.124836,0.57207
16,-0.0727893,3.57357,1.03067,0,5.99222,18,1.06374,0.327778,0.124836,0.57207
616,-0.15842,3.57314,0.94136,0,5.99222,18,1.06374,0.327778,0.124836,0.57207
16,-0.0727893,3.57357,1.03067,0,5.99222,18,1.06374,0.327778,0.124836,0.57207
615,0.0251468,3.57402,1.08095,0,5.99222,18,1.06374,0.327778,0.124836,0.57207
615,0.0251468,3.57402,1.08095,0,5.99222,18,1.06374,0.327778,0.124836,0.57207
186,0.124982,3.57428,1.09774,0,5.99222,18,1.06374,0.327778,0.124836,0.57207
186,0.124982,3.57428,1.09774,0,5.99222,18,1.06374,0.327778,0.124836,0.57207
1044,0.224963,3.57401,1.08095,0,5.99222,18,1.06374,0.327778,0.124836,0.57207
1044,0.224963,3.57401,1.08095,0,5.99222,18,1.06374,0.327778,0.124836,0.57207
38,0.322855,3.57365,1.03053,0,5.99222,18,1.06374,0.327778,0.124836,0.57207
38,0.322855,3.57365,1.03053,0,5.99222,18,1.06374,0.327778,0.124836,0.57207
664,0.408407,3.57306,0.941243,0,5.99222,18,1.06374,0.327778,0.124836,0.57207
664,0.408407,3.57306,0.941243,0,5.99222,18,1.06374,0.327778,0.124836,0.57207
235,0.47657,3.57313,0.825183,0,5.99222,18,1.06374,0.327778,0.124836,0.57207
235,0.47657,3.57313,0.825183,0,5.99222,18,1.06374,0.327778,0.124836,0.57207
1093,0.519629,3.57344,0.685825,0,5.99222,18,1.06374,0.327778,0.124836,0.57207
1093,0.519629,3.57344,0.685825,0,5.99222,18,1.06374,0.327778,0.124836,0.57207
60,0.544337,3.57409,0.529606,0,5.99222,18,1.06374,0.327778,0.124836,0.57207
1045,-0.394419,3.58995,0.708758,1,5.99222,18,1.06374,0.327778,0.124836,0.57207
59,-0.420316,3.59015,0.542573,1,5.99222,18,1.06374,0.327778,0.124836,0.57207
187,-0.324306,3.59,0.85054,1,5.99222,18,1.06374,0.327778,0.124836,0.57207
1045,-0.394419,3.58995,0.708758,1,5.99222,18,1.06374,0.327778,0.124836,0.57207
616,-0.224212,3.59006,0.956791,1,5.99222,18,1.06374,0.327778,0.124836,0.57207
187,-0.324306,3.59,0.85054,1,5.99222,18,1.06374,0.327778,0.124836,0.57207
16,-0.10848,3.59008,1.02487,1,5.99222,18,1.06374,0.327778,0.124836,0.57207
616,-0.224212,3.59006,0.956791,1,5.99222,18,1.06374,0.327778,0.124836,0.57207
16,-0.10848,3.59008,1.02487,1,5.99222,18,1.06374,0.327778,0.124836,0.57207
615,0.0108302,3.59023,1.0444,1,5.99222,18,1.06374,0.327778,0.124836,0.57207
615,0.0108302,3.59023,1.0444,1,5.99222,18,1.06374,0.327778,0.124836,0.57207
186,0.12514,3.5904,1.03423,1,5.99222,18,1.06374,0.327778,0.124836,0.57207
186,0.12514,3.5904,1.03423,1,5.99222,18,1.06374,0.327778,0.124836,0.57207
1044,0.239408,3.59023,1.04451,1,5.99222,18,1.06374,0.327778,0.124836,0.57207
1044,0.239408,3.59023,1.04451,1,5.99222,18,1.06374,0.327778,0.124836,0.57207
38,0.358617,3.5901,1.02495,1,5.99222,18,1.06374,0.327778,0.124836,0.57207
38,0.358617,3.5901,1.02495,1,5.99222,18,1.06374,0.327778,0.124836,0.57207
664,0.474364,3.59008,0.956807,1,5.99222,18,1.06374,0.327778,0.124836,0.57207
664,0.474364,3.59008,0.956807,1,5.99222,18,1.06374,0.327778,0.124836,0.57207
235,0.574401,3.59003,0.850525,1,5.99222,18,1.06374,0.327778,0.124836,0.57207
235,0.574401,3.59003,0.850525,1,5.99222,18,1.06374,0.327778,0.124836,0.57207
1093,0.644428,3.58998,0.708717,1,5.99222,18,1.06374,0.327778,0.124836,0.57207
1093,0.644428,3.58998,0.708717,1,5.99222,18,1.06374,0.327778,0.124836,0.57207
60,0.670307,3.59016,0.542619,1,5.99222,18,1.06374,0.327778,0.124836,0.57207
1045,-0.27452,3.60254,0.692921,0,6.49222,18,1.07411,0.327778,0.124835,0.582443
59,-0.302245,3.6032,0.534408,0,6.49222,18,1.07411,0.327778,0.124835,0.582443
187,-0.229738,3.60234,0.833526,0,6.49222,18,1.07411,0.327778,0.124835,0.582443
1045,-0.27452,3.60254,0.692921,0,6.49222,18,1.07411,0.327778,0.124835,0.582443
616,-0.160356,3.60244,0.950747,0,6.49222,18,1.07411,0.327778,0.124835,0.582443
187,-0.229738,3.60234,0.833526,0,6.49222,18,1.07411,0.327778,0.124835,0.582443
16,-0.0737327,3.6028,1.04085,0,6.49222,18,1.07411,0.327778,0.124835,0.582443
616,-0.160356,3.60244,0.950747,0,6.49222,18,1.07411,0.327778,0.124835,0.582443
16,-0.0737327,3.6028,1.04085,0,6.49222,18,1.07411,0.327778,0.124835,0.582443
615,0.0247992,3.60322,1.09206,0,6.49222,18,1.07411,0.327778,0.124835,0.582443
615,0.0247992,3.60322,1.09206,0,6.49222,18,1.07411,0.327778,0.124835,0.582443
186,0.125016,3.60343,1.10941,0,6.49222,18,1.07411,0.327778,0.124835,0.582443
186,0.125016,3.60343,1.10941,0,6.49222,18,1.07411,0.327778,0.124835,0.582443
1044,0.22525,3.60316,1.09206,0,6.49222,18,1.07411,0.327778,0.124835,0.582443
1044,0.22525,3.60316,1.09206,0,6.49222,18,1.07411,0.327778,0.124835,0.582443
38,0.323758,3.60276,1.04079,0,6.49222,18,1.07411,0.327778,0.124835,0.582443
38,0.323758,3.60276,1.04079,0,6.49222,18,1.07411,0.327778,0.124835,0.582443
664,0.410374,3.60249,0.950696,0,6.49222,18,1.07411,0.327778,0.124835,0.582443
664,0.410374,3.60249,0.950696,0,6.49222,18,1.07411,0.327778,0.124835,0.582443
235,0.479791,3.6024,0.833499,0,6.49222,18,1.07411,0.327778,0.124835,0.582443
235,0.479791,3.6024,0.833499,0,6.49222,18,1.07411,0.327778,0.124835,0.582443
1093,0.524541,3.60256,0.69296,0,6.49222,18,1.07411,0.327778,0.124835,0.582443
1093,0.524541,3.60256,0.69296,0,6.49222,18,1.07411,0.327778,0.124835,0.582443
60,0.552191,3.60312,0.534507,0,6.49222,18,1.07411,0.327778,0.124835,0.582443
1045,-0.406917,3.6167,0.716981,1,6.49222,18,1.07411,0.327778,0.124835,0.582443
59,-0.433032,3.61671,0.54708,1,6.49222,18,1.07411,0.327778,0.124835,0.582443
187,-0.335383,3.6169,0.861403,1,6.49222,18,1.07411,0.327778,0.124835,0.582443
1045,-0.406917,3.6167,0.716981,1,6.49222,18,1.07411,0.327778,0.124835,0.582443
616,-0.232787,3.61707,0.969132,1,6.49222,18,1.07411,0.327778,0.124835,0.582443
187,-0.335383,3.6169,0.861403,1,6.49222,18,1.07411,0.327778,0.124835,0.582443
16,-0.114204,3.6172,1.0374,1,6.49222,18,1.07411,0.327778,0.124835,0.582443
616,-0.232787,3.61707,0.969132,1,6.49222,18,1.07411,0.327778,0.124835,0.582443
16,-0.114204,3.6172,1.0374,1,6.49222,18,1.07411,0.327778,0.124835,0.582443
615,0.0076565,3.61733,1.05671,1,6.49222,18,1.07411,0.327778,0.124835,0.582443
615,0.0076565,3.61733,1.05671,1,6.49222,18,1.07411,0.327778,0.124835,0.582443
186,0.125063,3.61744,1.04676,1,6.49222,18,1.07411,0.327778,0.124835,0.582443
186,0.125063,3.61744,1.04676,1,6.49222,18,1.07411,0.327778,0.124835,0.582443
1044,0.242434,3.61733,1.05687,1,6.49222,18,1.07411,0.327778,0.124835,0.582443
1044,0.242434,3.61733,1.05687,1,6.49222,18,1.07411,0.327778,0.124835,0.582443
38,0.364248,3.6172,1.03755,1,6.49222,18,1.07411,0.327778,0.124835,0.582443
38,0.364248,3.6172,1.03755,1,6.49222,18,1.07411,0.327778,0.124835,0.582443
664,0.482691,3.61708,0.969207,1,6.49222,18,1.07411,0.327778,0.124835,0.582443
664,0.482691,3.61708,0.969207,1,6.49222,18,1.07411,0.327778,0.124835,0.582443
235,0.585276,3.6169,0.861571,1,6.49222,18,1.07411,0.327778,0.124835,0.582443
235,0.585276,3.6169,0.861571,1,6.49222,18,1.07411,0.327778,0.124835,0.582443
1093,0.656911,3.61671,0.717226,1,6.49222,18,1.07411,0.327778,0.124835,0.582443
1093,0.656911,3.61671,0.717226,1,6.49222,18,1.07411,0.327778,0.124835,0.582443
60,0.683019,3.61676,0.547247,1,6.49222,18,1.07411,0.327778,0.124835,0.582443
1045,-0.278522,3.63277,0.700186,0,6.99222,18,1.08461,0.327778,0.124853,0.592941
59,-0.308135,3.63312,0.539515,0,6.99222,18,1.08461,0.327778,0.124853,0.592941
187,-0.232875,3.63283,0.842184,0,6.99222,18,1.08461,0.327778,0.124853,0.592941
1045,-0.278522,3.63277,0.700186,0,6.99222,18,1.08461,0.327778,0.124853,0.592941
616,-0.162533,3.63304,0.960507,0,6.99222,18,1.08461,0.327778,0.124853,0.592941
187,-0.232875,3.63283,0.842184,0,6.99222,18,1.08461,0.327778,0.124853,0.592941
16,-0.075079,3.63357,1.05133,0,6.99222,18,1.08461,0.327778,0.124853,0.592941
616,-0.162533,3.63304,0.960507,0,6.99222,18,1.08461,0.327778,0.124853,0.592941
16,-0.075079,3.63357,1.05133,0,6.99222,18,1.08461,0.327778,0.124853,0.592941
615,0.0243452,3.63413,1.10313,0,6.99222,18,1.08461,0.327778,0.124853,0.592941
615,0.0243452,3.63413,1.10313,0,6.99222,18,1.08461,0.327778,0.124853,0.592941
186,0.125051,3.6344,1.12079,0,6.99222,18,1.08461,0.327778,0.124853,0.592941
186,0.125051,3.6344,1.12079,0,6.99222,18,1.08461,0.327778,0.124853,0.592941
1044,0.225687,3.63413,1.10313,0,6.99222,18,1.08461,0.327778,0.124853,0.592941
1044,0.225687,3.63413,1.10313,0,6.99222,18,1.08461,0.327778,0.124853,0.592941
38,0.325083,3.6336,1.05134,0,6.99222,18,1.08461,0.327778,0.124853,0.592941
38,0.325083,3.6336,1.05134,0,6.99222,18,1.08461,0.327778,0.124853,0.592941
664,0.412581,3.63307,0.960506,0,6.99222,18,1.08461,0.327778,0.124853,0.592941
664,0.412581,3.63307,0.960506,0,6.99222,18,1.08461,0.327778,0.124853,0.592941
235,0.482891,3.63286,0.842165,0,6.99222,18,1.08461,0.327778,0.124853,0.592941
235,0.482891,3.63286,0.842165,0,6.99222,18,1.08461,0.327778,0.124853,0.592941
1093,0.528598,3.63281,0.700236,0,6.99222,18,1.08461,0.327778,0.124853,0.592941
1093,0.528598,3.63281,0.700236,0,6.99222,18,1.08461,0.327778,0.124853,0.592941
60,0.558224,3.63317,0.539579,0,6.99222,18,1.08461,0.327778,0.124853,0.592941
1045,-0.419265,3.6441,0.725205,1,6.99222,18,1.08461,0.327778,0.124853,0.592941
59,-0.445785,3.64402,0.551603,1,6.99222,18,1.08461,0.327778,0.124853,0.592941
187,-0.345979,3.64438,0.872022,1,6.99222,18,1.08461,0.327778,0.124853,0.592941
1045,-0.419265,3.6441,0.725205,1,6.99222,18,1.08461,0.327778,0.124853,0.592941
616,-0.240783,3.64462,0.980999,1,6.99222,18,1.08461,0.327778,0.124853,0.592941
187,-0.345979,3.64438,0.872022,1,6.99222,18,1.08461,0.327778,0.124853,0.592941
16,-0.119434,3.64469,1.04929,1,6.99222,18,1.08461,0.327778,0.124853,0.592941
616,-0.240783,3.64462,0.980999,1,6.99222,18,1.08461,0.327778,0.124853,0.592941
16,-0.119434,3.64469,1.04929,1,6.99222,18,1.08461,0.327778,0.124853,0.592941
615,0.00476889,3.6447,1.06834,1,6.99222,18,1.08461,0.327778,0.124853,0.592941
615,0.00476889,3.6447,1.06834,1,6.99222,18,1.08461,0.327778,0.124853,0.592941
186,0.125092,3.64472,1.05877,1,6.99222,18,1.08461,0.327778,0.124853,0.592941
186,0.125092,3.64472,1.05877,1,6.99222,18,1.08461,0.327778,0.124853,0.592941
1044,0.245406,3.6447,1.06858,1,6.99222,18,1.08461,0.327778,0.124853,0.592941
1044,0.245406,3.6447,1.06858,1,6.99222,18,1.08461,0.327778,0.124853,0.592941
38,0.369622,3.6447,1.04945,1,6.99222,18,1.08461,0.327778,0.124853,0.592941
38,0.369622,3.6447,1.04945,1,6.99222,18,1.08461,0.327778,0.124853,0.592941
664,0.490832,3.64463,0.981011,1,6.99222,18,1.08461,0.327778,0.124853,0.592941
664,0.490832,3.64463,0.981011,1,6.99222,18,1.08461,0.327778,0.124853,0.592941
235,0.595911,3.64439,0.871993,1,6.99222,18,1.08461,0.327778,0.124853,0.592941
235,0.595911,3.64439,0.871993,1,6.99222,18,1.08461,0.327778,0.124853,0.592941
1093,0.669176,3.64413,0.725208,1,6.99222,18,1.08461,0.327778,0.124853,0.592941
1093,0.669176,3.64413,0.725208,1,6.99222,18,1.08461,0.327778,0.124853,0.592941
60,0.695652,3.64405,0.551679,1,6.99222,18,1.08461,0.327778,0.124853,0.592941
1045,-0.283912,3.65941,0.706816,0,7.49222,18,1.09587,0.327778,0.124851,0.604207
59,-0.315862,3.65961,0.54415,0,7.49222,18,1.09587,0.327778,0.124851,0.604207
187,-0.237004,3.65955,0.850079,0,7.49222,18,1.09587,0.327778,0.124851,0.604207
1045,-0.283912,3.65941,0.706816,0,7.49222,18,1.09587,0.327778,0.124851,0.604207
616,-0.165035,3.65982,0.969025,0,7.49222,18,1.09587,0.327778,0.124851,0.604207
187,-0.237004,3.65955,0.850079,0,7.49222,18,1.09587,0.327778,0.124851,0.604207
16,-0.0758742,3.66027,1.05986,0,7.49222,18,1.09587,0.327778,0.124851,0.604207
616,-0.165035,3.65982,0.969025,0,7.49222,18,1.09587,0.327778,0.124851,0.604207
16,-0.0758742,3.66027,1.05986,0,7.49222,18,1.09587,0.327778,0.124851,0.604207
615,0.0243099,3.6607,1.11169,0,7.49222,18,1.09587,0.327778,0.124851,0.604207
615,0.0243099,3.6607,1.11169,0,7.49222,18,1.09587,0.327778,0.124851,0.604207
186,0.125077,3.66094,1.12977,0,7.49222,18,1.09587,0.327778,0.124851,0.604207
186,0.125077,3.66094,1.12977,0,7.49222,18,1.09587,0.327778,0.124851,0.604207
1044,0.225748,3.66071,1.11167,0,7.49222,18,1.09587,0.327778,0.124851,0.604207
1044,0.225748,3.66071,1.11167,0,7.49222,18,1.09587,0.327778,0.124851,0.604207
38,0.325967,3.6603,1.05984,0,7.49222,18,1.09587,0.327778,0.124851,0.604207
38,0.325967,3.6603,1.05984,0,7.49222,18,1.09587,0.327778,0.124851,0.604207
664,0.415086,3.65986,0.969032,0,7.49222,18,1.09587,0.327778,0.124851,0.604207
664,0.415086,3.65986,0.969032,0,7.49222,18,1.09587,0.327778,0.124851,0.604207
235,0.487136,3.65958,0.850113,0,7.49222,18,1.09587,0.327778,0.124851,0.604207
235,0.487136,3.65958,0.850113,0,7.49222,18,1.09587,0.327778,0.124851,0.604207
1093,0.533983,3.65941,0.706859,0,7.49222,18,1.09587,0.327778,0.124851,0.604207
1093,0.533983,3.65941,0.706859,0,7.49222,18,1.09587,0.327778,0.124851,0.604207
60,0.565954,3.65958,0.544216,0,7.49222,18,1.09587,0.327778,0.124851,0.604207
1045,-0.431008,3.67056,0.73235,1,7.49222,18,1.09587,0.327778,0.124851,0.604207
59,-0.45819,3.67036,0.555507,1,7.49222,18,1.09587,0.327778,0.124851,0.604207
187,-0.356083,3.6709,0.88148,1,7.49222,18,1.09587,0.327778,0.124851,0.604207
1045,-0.431008,3.67056,0.73235,1,7.49222,18,1.09587,0.327778,0.124851,0.604207
616,-0.248465,3.67117,0.991656,1,7.49222,18,1.09587,0.327778,0.124851,0.604207
187,-0.356083,3.6709,0.88148,1,7.49222,18,1.09587,0.327778,0.124851,0.604207
16,-0.124651,3.67127,1.06016,1,7.49222,18,1.09587,0.327778,0.124851,0.604207
616,-0.248465,3.67117,0.991656,1,7.49222,18,1.09587,0.327778,0.124851,0.604207
16,-0.124651,3.67127,1.06016,1,7.49222,18,1.09587,0.327778,0.124851,0.604207
615,0.0018626,3.67129,1.07919,1,7.49222,18,1.09587,0.327778,0.124851,0.604207
615,0.0018626,3.67129,1.07919,1,7.49222,18,1.09587,0.327778,0.124851,0.604207
186,0.125058,3.67126,1.06999,1,7.49222,18,1.09587,0.327778,0.124851,0.604207
186,0.125058,3.67126,1.06999,1,7.49222,18,1.09587,0.327778,0.124851,0.604207
1044,0.248186,3.67128,1.07938,1,7.49222,18,1.09587,0.327778,0.124851,0.604207
1044,0.248186,3.67128,1.07938,1,7.49222,18,1.09587,0.327778,0.124851,0.604207
38,0.374717,3.67128,1.06034,1,7.49222,18,1.09587,0.327778,0.124851,0.604207
38,0.374717,3.67128,1.06034,1,7.49222,18,1.09587,0.327778,0.124851,0.604207
664,0.498503,3.67119,0.991782,1,7.49222,18,1.09587,0.327778,0.124851,0.604207
664,0.498503,3.67119,0.991782,1,7.49222,18,1.09587,0.327778,0.124851,0.604207
235,0.606023,3.67092,0.88154,1,7.49222,18,1.09587,0.327778,0.124851,0.604207
235,0.606023,3.67092,0.88154,1,7.49222,18,1.09587,0.327778,0.124851,0.604207
1093,0.680849,3.67058,0.732413,1,7.49222,18,1.09587,0.327778,0.124851,0.604207
1093,0.680849,3.67058,0.732413,1,7.49222,18,1.09587,0.327778,0.124851,0.604207
60,0.708101,3.67038,0.55562,1,7.49222,18,1.09587,0.327778,0.124851,0.604207
