id,x,y,z,ablated,v,bulkheadyoungs,nickdepth,nickw,nickc,bbmin
1045,-0.246855,3.42468,0.639476,0,3.49222,30,0.993327,0.327778,0.124844,0.501661
59,-0.265106,3.42469,0.498898,0,3.49222,30,0.993327,0.327778,0.124844,0.501661
187,-0.207756,3.42457,0.770974,0,3.49222,30,0.993327,0.327778,0.124844,0.501661
1045,-0.246855,3.42468,0.639476,0,3.49222,30,0.993327,0.327778,0.124844,0.501661
616,-0.145687,3.4245,0.882542,0,3.49222,30,0.993327,0.327778,0.124844,0.501661
187,-0.207756,3.42457,0.770974,0,3.49222,30,0.993327,0.327778,0.124844,0.501661
16,-0.0673476,3.4244,0.971245,0,3.49222,30,0.993327,0.327778,0.124844,0.501661
616,-0.145687,3.4245,0.882542,0,3.49222,30,0.993327,0.327778,0.124844,0.501661
16,-0.0673476,3.4244,0.971245,0,3.49222,30,0.993327,0.327778,0.124844,0.501661
615,0.0258731,3.42436,1.0223,0,3.49222,30,0.993327,0.327778,0.124844,0.501661
615,0.0258731,3.42436,1.0223,0,3.49222,30,0.993327,0.327778,0.124844,0.501661
186,0.125022,3.42435,1.0388,0,3.49222,30,0.993327,0.327778,0.124844,0.501661
186,0.125022,3.42435,1.0388,0,3.49222,30,0.993327,0.327778,0.124844,0.501661
1044,0.224167,3.42436,1.02229,0,3.49222,30,0.993327,0.327778,0.124844,0.501661
1044,0.224167,3.42436,1.02229,0,3.49222,30,0.993327,0.327778,0.124844,0.501661
38,0.317378,3.42443,0.971215,0,3.49222,30,0.993327,0.327778,0.124844,0.501661
38,0.317378,3.42443,0.971215,0,3.49222,30,0.993327,0.327778,0.124844,0.501661
664,0.39572,3.4245,0.882544,0,3.49222,30,0.993327,0.327778,0.124844,0.501661
664,0.39572,3.4245,0.882544,0,3.49222,30,0.993327,0.327778,0.124844,0.501661
235,0.45777,3.42461,0.771,0,3.49222,30,0.993327,0.327778,0.124844,0.501661
235,0.45777,3.42461,0.771,0,3.49222,30,0.993327,0.327778,0.124844,0.501661
1093,0.496863,3.42468,0.639513,0,3.49222,30,0.993327,0.327778,0.124844,0.501661
1093,0.496863,3.42468,0.639513,0,3.49222,30,0.993327,0.327778,0.124844,0.501661
60,0.515092,3.42479,0.498889,0,3.49222,30,0.993327,0.327778,0.124844,0.501661
1045,-0.309616,3.43598,0.657839,1,3.49222,30,0.993327,0.327778,0.124844,0.501661
59,-0.336124,3.43644,0.516033,1,3.49222,30,0.993327,0.327778,0.124844,0.501661
187,-0.250852,3.43558,0.784954,1,3.49222,30,0.993327,0.327778,0.124844,0.501661
1045,-0.309616,3.43598,0.657839,1,3.49222,30,0.993327,0.327778,0.124844,0.501661
616,-0.16802,3.4351,0.884367,1,3.49222,30,0.993327,0.327778,0.124844,0.501661
187,-0.250852,3.43558,0.784954,1,3.49222,30,0.993327,0.327778,0.124844,0.501661
16,-0.0722201,3.4347,0.954854,1,3.49222,30,0.993327,0.327778,0.124844,0.501661
616,-0.16802,3.4351,0.884367,1,3.49222,30,0.993327,0.327778,0.124844,0.501661
16,-0.0722201,3.4347,0.954854,1,3.49222,30,0.993327,0.327778,0.124844,0.501661
615,0.0284959,3.4341,0.983948,1,3.49222,30,0.993327,0.327778,0.124844,0.501661
615,0.0284959,3.4341,0.983948,1,3.49222,30,0.993327,0.327778,0.124844,0.501661
186,0.125122,3.43412,0.988521,1,3.49222,30,0.993327,0.327778,0.124844,0.501661
186,0.125122,3.43412,0.988521,1,3.49222,30,0.993327,0.327778,0.124844,0.501661
1044,0.221658,3.43392,0.983971,1,3.49222,30,0.993327,0.327778,0.124844,0.501661
1044,0.221658,3.43392,0.983971,1,3.49222,30,0.993327,0.327778,0.124844,0.501661
38,0.322438,3.43459,0.955016,1,3.49222,30,0.993327,0.327778,0.124844,0.501661
38,0.322438,3.43459,0.955016,1,3.49222,30,0.993327,0.327778,0.124844,0.501661
664,0.418287,3.43496,0.884434,1,3.49222,30,0.993327,0.327778,0.124844,0.501661
664,0.418287,3.43496,0.884434,1,3.49222,30,0.993327,0.327778,0.124844,0.501661
235,0.500939,3.43553,0.784813,1,3.49222,30,0.993327,0.327778,0.124844,0.501661
235,0.500939,3.43553,0.784813,1,3.49222,30,0.993327,0.327778,0.124844,0.501661
1093,0.558955,3.43586,0.657272,1,3.49222,30,0.993327,0.327778,0.124844,0.501661
1093,0.558955,3.43586,0.657272,1,3.49222,30,0.993327,0.327778,0.124844,0.501661
60,0.585049,3.43628,0.515372,1,3.49222,30,0.993327,0.327778,0.124844,0.501661
1045,-0.249055,3.43673,0.641398,0,3.99222,30,0.995699,0.327778,0.124833,0.504032
59,-0.26923,3.43728,0.499453,0,3.99222,30,0.995699,0.327778,0.124833,0.504032
187,-0.209038,3.43656,0.773117,0,3.99222,30,0.995699,0.327778,0.124833,0.504032
1045,-0.249055,3.43673,0.641398,0,3.99222,30,0.995699,0.327778,0.124833,0.504032
616,-0.146014,3.43641,0.88477,0,3.99222,30,0.995699,0.327778,0.124833,0.504032
187,-0.209038,3.43656,0.773117,0,3.99222,30,0.995699,0.327778,0.124833,0.504032
16,-0.0670088,3.43644,0.973033,0,3.99222,30,0.995699,0.327778,0.124833,0.504032
616,-0.146014,3.43641,0.88477,0,3.99222,30,0.995699,0.327778,0.124833,0.504032
16,-0.0670088,3.43644,0.973033,0,3.99222,30,0.995699,0.327778,0.124833,0.504032
615,0.0262643,3.43666,1.02386,0,3.99222,30,0.995699,0.327778,0.124833,0.504032
615,0.0262643,3.43666,1.02386,0,3.99222,30,0.995699,0.327778,0.124833,0.504032
186,0.124992,3.43704,1.04018,0,3.99222,30,0.995699,0.327778,0.124833,0.504032
186,0.124992,3.43704,1.04018,0,3.99222,30,0.995699,0.327778,0.124833,0.504032
1044,0.223772,3.43675,1.0238,0,3.99222,30,0.995699,0.327778,0.124833,0.504032
1044,0.223772,3.43675,1.0238,0,3.99222,30,0.995699,0.327778,0.124833,0.504032
38,0.317007,3.43644,0.973042,0,3.99222,30,0.995699,0.327778,0.124833,0.504032
38,0.317007,3.43644,0.973042,0,3.99222,30,0.995699,0.327778,0.124833,0.504032
664,0.395961,3.43641,0.884713,0,3.99222,30,0.995699,0.327778,0.124833,0.504032
664,0.395961,3.43641,0.884713,0,3.99222,30,0.995699,0.327778,0.124833,0.504032
235,0.458952,3.43652,0.773105,0,3.99222,30,0.995699,0.327778,0.124833,0.504032
235,0.458952,3.43652,0.773105,0,3.99222,30,0.995699,0.327778,0.124833,0.504032
1093,0.499117,3.43683,0.641475,0,3.99222,30,0.995699,0.327778,0.124833,0.504032
1093,0.499117,3.43683,0.641475,0,3.99222,30,0.995699,0.327778,0.124833,0.504032
60,0.519302,3.43725,0.499476,0,3.99222,30,0.995699,0.327778,0.124833,0.504032
1045,-0.326109,3.4618,0.668409,1,3.99222,30,0.995699,0.327778,0.124833,0.504032
59,-0.352977,3.46185,0.522336,1,3.99222,30,0.995699,0.327778,0.124833,0.504032
187,-0.264225,3.46172,0.797484,1,3.99222,30,0.995699,0.327778,0.124833,0.504032
1045,-0.326109,3.4618,0.668409,1,3.99222,30,0.995699,0.327778,0.124833,0.504032
616,-0.177009,3.46112,0.896808,1,3.99222,30,0.995699,0.327778,0.124833,0.504032
187,-0.264225,3.46172,0.797484,1,3.99222,30,0.995699,0.327778,0.124833,0.504032
16,-0.0766202,3.46007,0.965175,1,3.99222,30,0.995699,0.327778,0.124833,0.504032
616,-0.177009,3.46112,0.896808,1,3.99222,30,0.995699,0.327778,0.124833,0.504032
16,-0.0766202,3.46007,0.965175,1,3.99222,30,0.995699,0.327778,0.124833,0.504032
615,0.0277268,3.4595,0.99051,1,3.99222,30,0.995699,0.327778,0.124833,0.504032
615,0.0277268,3.4595,0.99051,1,3.99222,30,0.995699,0.327778,0.124833,0.504032
186,0.125046,3.4595,0.989629,1,3.99222,30,0.995699,0.327778,0.124833,0.504032
186,0.125046,3.4595,0.989629,1,3.99222,30,0.995699,0.327778,0.124833,0.504032
1044,0.222256,3.45955,0.990239,1,3.99222,30,0.995699,0.327778,0.124833,0.504032
1044,0.222256,3.45955,0.990239,1,3.99222,30,0.995699,0.327778,0.124833,0.504032
38,0.326571,3.46005,0.965248,1,3.99222,30,0.995699,0.327778,0.124833,0.504032
38,0.326571,3.46005,0.965248,1,3.99222,30,0.995699,0.327778,0.124833,0.504032
664,0.426954,3.46105,0.897032,1,3.99222,30,0.995699,0.327778,0.124833,0.504032
664,0.426954,3.46105,0.897032,1,3.99222,30,0.995699,0.327778,0.124833,0.504032
235,0.514476,3.4616,0.797974,1,3.99222,30,0.995699,0.327778,0.124833,0.504032
235,0.514476,3.4616,0.797974,1,3.99222,30,0.995699,0.327778,0.124833,0.504032
1093,0.576475,3.46165,0.668885,1,3.99222,30,0.995699,0.327778,0.124833,0.504032
1093,0.576475,3.46165,0.668885,1,3.99222,30,0.995699,0.327778,0.124833,0.504032
60,0.603328,3.46174,0.522658,1,3.99222,30,0.995699,0.327778,0.124833,0.504032
1045,-0.251114,3.46269,0.654029,0,4.49222,30,1.01404,0.327778,0.124846,0.522378
59,-0.270989,3.46351,0.509035,0,4.49222,30,1.01404,0.327778,0.124846,0.522378
187,-0.210919,3.46215,0.787317,0,4.49222,30,1.01404,0.327778,0.124846,0.522378
1045,-0.251114,3.46269,0.654029,0,4.49222,30,1.01404,0.327778,0.124846,0.522378
616,-0.147623,3.4617,0.900019,0,4.49222,30,1.01404,0.327778,0.124846,0.522378
187,-0.210919,3.46215,0.787317,0,4.49222,30,1.01404,0.327778,0.124846,0.522378
16,-0.067833,3.46156,0.988893,0,4.49222,30,1.01404,0.327778,0.124846,0.522378
616,-0.147623,3.4617,0.900019,0,4.49222,30,1.01404,0.327778,0.124846,0.522378
16,-0.067833,3.46156,0.988893,0,4.49222,30,1.01404,0.327778,0.124846,0.522378
615,0.0260334,3.46183,1.03983,0,4.49222,30,1.01404,0.327778,0.124846,0.522378
615,0.0260334,3.46183,1.03983,0,4.49222,30,1.01404,0.327778,0.124846,0.522378
186,0.124926,3.46231,1.05624,0,4.49222,30,1.01404,0.327778,0.124846,0.522378
186,0.124926,3.46231,1.05624,0,4.49222,30,1.01404,0.327778,0.124846,0.522378
1044,0.223822,3.46186,1.03981,0,4.49222,30,1.01404,0.327778,0.124846,0.522378
1044,0.223822,3.46186,1.03981,0,4.49222,30,1.01404,0.327778,0.124846,0.522378
38,0.317732,3.4615,0.988866,0,4.49222,30,1.01404,0.327778,0.124846,0.522378
38,0.317732,3.4615,0.988866,0,4.49222,30,1.01404,0.327778,0.124846,0.522378
664,0.397532,3.46176,0.900006,0,4.49222,30,1.01404,0.327778,0.124846,0.522378
664,0.397532,3.46176,0.900006,0,4.49222,30,1.01404,0.327778,0.124846,0.522378
235,0.460853,3.46212,0.787328,0,4.49222,30,1.01404,0.327778,0.124846,0.522378
235,0.460853,3.46212,0.787328,0,4.49222,30,1.01404,0.327778,0.124846,0.522378
1093,0.501281,3.46262,0.654012,0,4.49222,30,1.01404,0.327778,0.124846,0.522378
1093,0.501281,3.46262,0.654012,0,4.49222,30,1.01404,0.327778,0.124846,0.522378
60,0.521168,3.46341,0.509042,0,4.49222,30,1.01404,0.327778,0.124846,0.522378
1045,-0.335165,3.49501,0.678517,1,4.49222,30,1.01404,0.327778,0.124846,0.522378
59,-0.36225,3.49533,0.528857,1,4.49222,30,1.01404,0.327778,0.124846,0.522378
187,-0.272306,3.49453,0.809898,1,4.49222,30,1.01404,0.327778,0.124846,0.522378
1045,-0.335165,3.49501,0.678517,1,4.49222,30,1.01404,0.327778,0.124846,0.522378
616,-0.183305,3.49398,0.910736,1,4.49222,30,1.01404,0.327778,0.124846,0.522378
187,-0.272306,3.49453,0.809898,1,4.49222,30,1.01404,0.327778,0.124846,0.522378
16,-0.0807233,3.49344,0.979631,1,4.49222,30,1.01404,0.327778,0.124846,0.522378
616,-0.183305,3.49398,0.910736,1,4.49222,30,1.01404,0.327778,0.124846,0.522378
16,-0.0807233,3.49344,0.979631,1,4.49222,30,1.01404,0.327778,0.124846,0.522378
615,0.0262,3.49279,1.00438,1,4.49222,30,1.01404,0.327778,0.124846,0.522378
615,0.0262,3.49279,1.00438,1,4.49222,30,1.01404,0.327778,0.124846,0.522378
186,0.125123,3.49261,1.0013,1,4.49222,30,1.01404,0.327778,0.124846,0.522378
186,0.125123,3.49261,1.0013,1,4.49222,30,1.01404,0.327778,0.124846,0.522378
1044,0.223982,3.49273,1.00444,1,4.49222,30,1.01404,0.327778,0.124846,0.522378
1044,0.223982,3.49273,1.00444,1,4.49222,30,1.01404,0.327778,0.124846,0.522378
38,0.330806,3.49335,0.979593,1,4.49222,30,1.01404,0.327778,0.124846,0.522378
38,0.330806,3.49335,0.979593,1,4.49222,30,1.01404,0.327778,0.124846,0.522378
664,0.43339,3.49394,0.910645,1,4.49222,30,1.01404,0.327778,0.124846,0.522378
664,0.43339,3.49394,0.910645,1,4.49222,30,1.01404,0.327778,0.124846,0.522378
235,0.52244,3.49459,0.809922,1,4.49222,30,1.01404,0.327778,0.124846,0.522378
235,0.52244,3.49459,0.809922,1,4.49222,30,1.01404,0.327778,0.124846,0.522378
1093,0.585311,3.49503,0.678492,1,4.49222,30,1.01404,0.327778,0.124846,0.522378
1093,0.585311,3.49503,0.678492,1,4.49222,30,1.01404,0.327778,0.124846,0.522378
60,0.612077,3.4952,0.528814,1,4.49222,30,1.01404,0.327778,0.124846,0.522378
1045,-0.255158,3.49666,0.665423,0,4.99222,30,1.02727,0.327778,0.124822,0.535607
59,-0.276004,3.49742,0.517891,0,4.99222,30,1.02727,0.327778,0.124822,0.535607
187,-0.214431,3.49614,0.799828,0,4.99222,30,1.02727,0.327778,0.124822,0.535607
1045,-0.255158,3.49666,0.665423,0,4.99222,30,1.02727,0.327778,0.124822,0.535607
616,-0.149922,3.4958,0.913044,0,4.99222,30,1.02727,0.327778,0.124822,0.535607
187,-0.214431,3.49614,0.799828,0,4.99222,30,1.02727,0.327778,0.124822,0.535607
16,-0.0687857,3.49567,1.00157,0,4.99222,30,1.02727,0.327778,0.124822,0.535607
616,-0.149922,3.4958,0.913044,0,4.99222,30,1.02727,0.327778,0.124822,0.535607
16,-0.0687857,3.49567,1.00157,0,4.99222,30,1.02727,0.327778,0.124822,0.535607
615,0.0258452,3.49574,1.05204,0,4.99222,30,1.02727,0.327778,0.124822,0.535607
615,0.0258452,3.49574,1.05204,0,4.99222,30,1.02727,0.327778,0.124822,0.535607
186,0.124979,3.49616,1.06848,0,4.99222,30,1.02727,0.327778,0.124822,0.535607
186,0.124979,3.49616,1.06848,0,4.99222,30,1.02727,0.327778,0.124822,0.535607
1044,0.224096,3.49578,1.05201,0,4.99222,30,1.02727,0.327778,0.124822,0.535607
1044,0.224096,3.49578,1.05201,0,4.99222,30,1.02727,0.327778,0.124822,0.535607
38,0.318703,3.49567,1.00154,0,4.99222,30,1.02727,0.327778,0.124822,0.535607
38,0.318703,3.49567,1.00154,0,4.99222,30,1.02727,0.327778,0.124822,0.535607
664,0.399887,3.4958,0.913026,0,4.99222,30,1.02727,0.327778,0.124822,0.535607
664,0.399887,3.4958,0.913026,0,4.99222,30,1.02727,0.327778,0.124822,0.535607
235,0.464383,3.49618,0.799832,0,4.99222,30,1.02727,0.327778,0.124822,0.535607
235,0.464383,3.49618,0.799832,0,4.99222,30,1.02727,0.327778,0.124822,0.535607
1093,0.505151,3.49667,0.665433,0,4.99222,30,1.02727,0.327778,0.124822,0.535607
1093,0.505151,3.49667,0.665433,0,4.99222,30,1.02727,0.327778,0.124822,0.535607
60,0.525973,3.4975,0.517994,0,4.99222,30,1.02727,0.327778,0.124822,0.535607
1045,-0.355869,3.52933,0.690048,1,4.99222,30,1.02727,0.327778,0.124822,0.535607
59,-0.383116,3.52989,0.536371,1,4.99222,30,1.02727,0.327778,0.124822,0.535607
187,-0.290364,3.52872,0.823327,1,4.99222,30,1.02727,0.327778,0.124822,0.535607
1045,-0.355869,3.52933,0.690048,1,4.99222,30,1.02727,0.327778,0.124822,0.535607
616,-0.198057,3.52815,0.924737,1,4.99222,30,1.02727,0.327778,0.124822,0.535607
187,-0.290364,3.52872,0.823327,1,4.99222,30,1.02727,0.327778,0.124822,0.535607
16,-0.0915868,3.52763,0.992671,1,4.99222,30,1.02727,0.327778,0.124822,0.535607
616,-0.198057,3.52815,0.924737,1,4.99222,30,1.02727,0.327778,0.124822,0.535607
16,-0.0915868,3.52763,0.992671,1,4.99222,30,1.02727,0.327778,0.124822,0.535607
615,0.0195033,3.5272,1.01453,1,4.99222,30,1.02727,0.327778,0.124822,0.535607
615,0.0195033,3.5272,1.01453,1,4.99222,30,1.02727,0.327778,0.124822,0.535607
186,0.124989,3.52699,1.00444,1,4.99222,30,1.02727,0.327778,0.124822,0.535607
186,0.124989,3.52699,1.00444,1,4.99222,30,1.02727,0.327778,0.124822,0.535607
1044,0.230471,3.52722,1.01457,1,4.99222,30,1.02727,0.327778,0.124822,0.535607
1044,0.230471,3.52722,1.01457,1,4.99222,30,1.02727,0.327778,0.124822,0.535607
38,0.341565,3.52765,0.992648,1,4.99222,30,1.02727,0.327778,0.124822,0.535607
38,0.341565,3.52765,0.992648,1,4.99222,30,1.02727,0.327778,0.124822,0.535607
664,0.448006,3.52818,0.924688,1,4.99222,30,1.02727,0.327778,0.124822,0.535607
664,0.448006,3.52818,0.924688,1,4.99222,30,1.02727,0.327778,0.124822,0.535607
235,0.540331,3.52871,0.82331,1,4.99222,30,1.02727,0.327778,0.124822,0.535607
235,0.540331,3.52871,0.82331,1,4.99222,30,1.02727,0.327778,0.124822,0.535607
1093,0.605792,3.52931,0.689941,1,4.99222,30,1.02727,0.327778,0.124822,0.535607
1093,0.605792,3.52931,0.689941,1,4.99222,30,1.02727,0.327778,0.124822,0.535607
60,0.633144,3.5299,0.536475,1,4.99222,30,1.02727,0.327778,0.124822,0.535607
1045,-0.259457,3.53313,0.67619,0,5.49222,30,1.04368,0.327778,0.124828,0.55201
59,-0.280367,3.53413,0.526061,0,5.49222,30,1.04368,0.327778,0.124828,0.55201
187,-0.218772,3.5325,0.812119,0,5.49222,30,1.04368,0.327778,0.124828,0.55201
1045,-0.259457,3.53313,0.67619,0,5.49222,30,1.04368,0.327778,0.124828,0.55201
616,-0.152973,3.53195,0.926197,0,5.49222,30,1.04368,0.327778,0.124828,0.55201
187,-0.218772,3.5325,0.812119,0,5.49222,30,1.04368,0.327778,0.124828,0.55201
16,-0.0699334,3.53166,1.01432,0,5.49222,30,1.04368,0.327778,0.124828,0.55201
616,-0.152973,3.53195,0.926197,0,5.49222,30,1.04368,0.327778,0.124828,0.55201
16,-0.0699334,3.53166,1.01432,0,5.49222,30,1.04368,0.327778,0.124828,0.55201
615,0.0257753,3.53187,1.06396,0,5.49222,30,1.04368,0.327778,0.124828,0.55201
615,0.0257753,3.53187,1.06396,0,5.49222,30,1.04368,0.327778,0.124828,0.55201
186,0.124961,3.53212,1.08027,0,5.49222,30,1.04368,0.327778,0.124828,0.55201
186,0.124961,3.53212,1.08027,0,5.49222,30,1.04368,0.327778,0.124828,0.55201
1044,0.22409,3.53179,1.06393,0,5.49222,30,1.04368,0.327778,0.124828,0.55201
1044,0.22409,3.53179,1.06393,0,5.49222,30,1.04368,0.327778,0.124828,0.55201
38,0.319783,3.53169,1.01424,0,5.49222,30,1.04368,0.327778,0.124828,0.55201
38,0.319783,3.53169,1.01424,0,5.49222,30,1.04368,0.327778,0.124828,0.55201
664,0.402879,3.53197,0.926161,0,5.49222,30,1.04368,0.327778,0.124828,0.55201
664,0.402879,3.53197,0.926161,0,5.49222,30,1.04368,0.327778,0.124828,0.55201
235,0.468742,3.53249,0.812138,0,5.49222,30,1.04368,0.327778,0.124828,0.55201
235,0.468742,3.53249,0.812138,0,5.49222,30,1.04368,0.327778,0.124828,0.55201
1093,0.509561,3.53315,0.676144,0,5.49222,30,1.04368,0.327778,0.124828,0.55201
1093,0.509561,3.53315,0.676144,0,5.49222,30,1.04368,0.327778,0.124828,0.55201
60,0.530457,3.53407,0.52615,0,5.49222,30,1.04368,0.327778,0.124828,0.55201
1045,-0.368945,3.56452,0.699177,1,5.49222,30,1.04368,0.327778,0.124828,0.55201
59,-0.396827,3.56516,0.542085,1,5.49222,30,1.04368,0.327778,0.124828,0.55201
187,-0.301089,3.5639,0.834143,1,5.49222,30,1.04368,0.327778,0.124828,0.55201
1045,-0.368945,3.56452,0.699177,1,5.49222,30,1.04368,0.327778,0.124828,0.55201
616,-0.205875,3.5634,0.936027,1,5.49222,30,1.04368,0.327778,0.124828,0.55201
187,-0.301089,3.5639,0.834143,1,5.49222,30,1.04368,0.327778,0.124828,0.55201
16,-0.0964471,3.56297,1.00324,1,5.49222,30,1.04368,0.327778,0.124828,0.55201
616,-0.205875,3.5634,0.936027,1,5.49222,30,1.04368,0.327778,0.124828,0.55201
16,-0.0964471,3.56297,1.00324,1,5.49222,30,1.04368,0.327778,0.124828,0.55201
615,0.0170461,3.56276,1.0236,1,5.49222,30,1.04368,0.327778,0.124828,0.55201
615,0.0170461,3.56276,1.0236,1,5.49222,30,1.04368,0.327778,0.124828,0.55201
186,0.125098,3.56269,1.0125,1,5.49222,30,1.04368,0.327778,0.124828,0.55201
186,0.125098,3.56269,1.0125,1,5.49222,30,1.04368,0.327778,0.124828,0.55201
1044,0.233109,3.56274,1.02368,1,5.49222,30,1.04368,0.327778,0.124828,0.55201
1044,0.233109,3.56274,1.02368,1,5.49222,30,1.04368,0.327778,0.124828,0.55201
38,0.346598,3.563,1.00334,1,5.49222,30,1.04368,0.327778,0.124828,0.55201
38,0.346598,3.563,1.00334,1,5.49222,30,1.04368,0.327778,0.124828,0.55201
664,0.455989,3.56342,0.93613,1,5.49222,30,1.04368,0.327778,0.124828,0.55201
664,0.455989,3.56342,0.93613,1,5.49222,30,1.04368,0.327778,0.124828,0.55201
235,0.551138,3.56393,0.834275,1,5.49222,30,1.04368,0.327778,0.124828,0.55201
235,0.551138,3.56393,0.834275,1,5.49222,30,1.04368,0.327778,0.124828,0.55201
1093,0.619041,3.56451,0.699376,1,5.49222,30,1.04368,0.327778,0.124828,0.55201
1093,0.619041,3.56451,0.699376,1,5.49222,30,1.04368,0.327778,0.124828,0.55201
60,0.646942,3.56516,0.542334,1,5.49222,30,1.04368,0.327778,0.124828,0.55201
1045,-0.263373,3.56776,0.684318,0,5.99222,30,1.0543,0.327778,0.124831,0.562634
59,-0.286163,3.56864,0.532129,0,5.99222,30,1.0543,0.327778,0.124831,0.562634
187,-0.221172,3.56715,0.821088,0,5.99222,30,1.0543,0.327778,0.124831,0.562634
1045,-0.263373,3.56776,0.684318,0,5.99222,30,1.0543,0.327778,0.124831,0.562634
616,-0.154343,3.56668,0.935543,0,5.99222,30,1.0543,0.327778,0.124831,0.562634
187,-0.221172,3.56715,0.821088,0,5.99222,30,1.0543,0.327778,0.124831,0.562634
16,-0.0708353,3.56663,1.02427,0,5.99222,30,1.0543,0.327778,0.124831,0.562634
616,-0.154343,3.56668,0.935543,0,5.99222,30,1.0543,0.327778,0.124831,0.562634
16,-0.0708353,3.56663,1.02427,0,5.99222,30,1.0543,0.327778,0.124831,0.562634
615,0.0255747,3.56687,1.07449,0,5.99222,30,1.0543,0.327778,0.124831,0.562634
615,0.0255747,3.56687,1.07449,0,5.99222,30,1.0543,0.327778,0.124831,0.562634
186,0.124983,3.56709,1.09085,0,5.99222,30,1.0543,0.327778,0.124831,0.562634
186,0.124983,3.56709,1.09085,0,5.99222,30,1.0543,0.327778,0.124831,0.562634
1044,0.224349,3.56682,1.07448,0,5.99222,30,1.0543,0.327778,0.124831,0.562634
1044,0.224349,3.56682,1.07448,0,5.99222,30,1.0543,0.327778,0.124831,0.562634
38,0.320694,3.56669,1.02422,0,5.99222,30,1.0543,0.327778,0.124831,0.562634
38,0.320694,3.56669,1.02422,0,5.99222,30,1.0543,0.327778,0.124831,0.562634
664,0.404275,3.56676,0.935485,0,5.99222,30,1.0543,0.327778,0.124831,0.562634
664,0.404275,3.56676,0.935485,0,5.99222,30,1.0543,0.327778,0.124831,0.562634
235,0.47118,3.56724,0.821036,0,5.99222,30,1.0543,0.327778,0.124831,0.562634
235,0.47118,3.56724,0.821036,0,5.99222,30,1.0543,0.327778,0.124831,0.562634
1093,0.513355,3.56778,0.684351,0,5.99222,30,1.0543,0.327778,0.124831,0.562634
1093,0.513355,3.56778,0.684351,0,5.99222,30,1.0543,0.327778,0.124831,0.562634
60,0.536259,3.56864,0.532177,0,5.99222,30,1.0543,0.327778,0.124831,0.562634
1045,-0.380167,3.5955,0.708948,1,5.99222,30,1.0543,0.327778,0.124831,0.562634
59,-0.408247,3.59598,0.548668,1,5.99222,30,1.0543,0.327778,0.124831,0.562634
187,-0.310635,3.59508,0.84584,1,5.99222,30,1.0543,0.327778,0.124831,0.562634
1045,-0.380167,3.5955,0.708948,1,5.99222,30,1.0543,0.327778,0.124831,0.562634
616,-0.213119,3.59471,0.948611,1,5.99222,30,1.0543,0.327778,0.124831,0.562634
187,-0.310635,3.59508,0.84584,1,5.99222,30,1.0543,0.327778,0.124831,0.562634
16,-0.101095,3.59442,1.01543,1,5.99222,30,1.0543,0.327778,0.124831,0.562634
616,-0.213119,3.59471,0.948611,1,5.99222,30,1.0543,0.327778,0.124831,0.562634
16,-0.101095,3.59442,1.01543,1,5.99222,30,1.0543,0.327778,0.124831,0.562634
615,0.0144995,3.59432,1.03465,1,5.99222,30,1.0543,0.327778,0.124831,0.562634
615,0.0144995,3.59432,1.03465,1,5.99222,30,1.0543,0.327778,0.124831,0.562634
186,0.12513,3.59439,1.02312,1,5.99222,30,1.0543,0.327778,0.124831,0.562634
186,0.12513,3.59439,1.02312,1,5.99222,30,1.0543,0.327778,0.124831,0.562634
1044,0.235758,3.59434,1.03473,1,5.99222,30,1.0543,0.327778,0.124831,0.562634
1044,0.235758,3.59434,1.03473,1,5.99222,30,1.0543,0.327778,0.124831,0.562634
38,0.351349,3.59447,1.01536,1,5.99222,30,1.0543,0.327778,0.124831,0.562634
38,0.351349,3.59447,1.01536,1,5.99222,30,1.0543,0.327778,0.124831,0.562634
664,0.463259,3.59481,0.948522,1,5.99222,30,1.0543,0.327778,0.124831,0.562634
664,0.463259,3.59481,0.948522,1,5.99222,30,1.0543,0.327778,0.124831,0.562634
235,0.560757,3.59513,0.845833,1,5.99222,30,1.0543,0.327778,0.124831,0.562634
235,0.560757,3.59513,0.845833,1,5.99222,30,1.0543,0.327778,0.124831,0.562634
1093,0.630297,3.5956,0.708962,1,5.99222,30,1.0543,0.327778,0.124831,0.562634
1093,0.630297,3.5956,0.708962,1,5.99222,30,1.0543,0.327778,0.124831,0.562634
60,0.658532,3.59617,0.548736,1,5.99222,30,1.0543,0.327778,0.124831,0.562634
1045,-0.265916,3.60016,0.692585,0,6.49222,30,1.06643,0.327778,0.124815,0.574763
59,-0.290529,3.60105,0.538245,0,6.49222,30,1.06643,0.327778,0.124815,0.574763
187,-0.222853,3.59955,0.83048,0,6.49222,30,1.06643,0.327778,0.124815,0.574763
1045,-0.265916,3.60016,0.692585,0,6.49222,30,1.06643,0.327778,0.124815,0.574763
616,-0.155639,3.59915,0.945895,0,6.49222,30,1.06643,0.327778,0.124815,0.574763
187,-0.222853,3.59955,0.83048,0,6.49222,30,1.06643,0.327778,0.124815,0.574763
16,-0.0715314,3.59917,1.0352,0,6.49222,30,1.06643,0.327778,0.124815,0.574763
616,-0.155639,3.59915,0.945895,0,6.49222,30,1.06643,0.327778,0.124815,0.574763
16,-0.0715314,3.59917,1.0352,0,6.49222,30,1.06643,0.327778,0.124815,0.574763
615,0.0253038,3.59934,1.08583,0,6.49222,30,1.06643,0.327778,0.124815,0.574763
615,0.0253038,3.59934,1.08583,0,6.49222,30,1.06643,0.327778,0.124815,0.574763
186,0.124975,3.59958,1.10272,0,6.49222,30,1.06643,0.327778,0.124815,0.574763
186,0.124975,3.59958,1.10272,0,6.49222,30,1.06643,0.327778,0.124815,0.574763
1044,0.224751,3.59937,1.08585,0,6.49222,30,1.06643,0.327778,0.124815,0.574763
1044,0.224751,3.59937,1.08585,0,6.49222,30,1.06643,0.327778,0.124815,0.574763
38,0.321599,3.59918,1.03517,0,6.49222,30,1.06643,0.327778,0.124815,0.574763
38,0.321599,3.59918,1.03517,0,6.49222,30,1.06643,0.327778,0.124815,0.574763
664,0.405595,3.5992,0.945869,0,6.49222,30,1.06643,0.327778,0.124815,0.574763
664,0.405595,3.5992,0.945869,0,6.49222,30,1.06643,0.327778,0.124815,0.574763
235,0.472818,3.59952,0.830484,0,6.49222,30,1.06643,0.327778,0.124815,0.574763
235,0.472818,3.59952,0.830484,0,6.49222,30,1.06643,0.327778,0.124815,0.574763
1093,0.515914,3.60014,0.692629,0,6.49222,30,1.06643,0.327778,0.124815,0.574763
1093,0.515914,3.60014,0.692629,0,6.49222,30,1.06643,0.327778,0.124815,0.574763
60,0.540556,3.60099,0.538373,0,6.49222,30,1.06643,0.327778,0.124815,0.574763
1045,-0.39215,3.62573,0.717646,1,6.49222,30,1.06643,0.327778,0.124815,0.574763
59,-0.421085,3.62621,0.554269,1,6.49222,30,1.06643,0.327778,0.124815,0.574763
187,-0.320292,3.62563,0.855998,1,6.49222,30,1.06643,0.327778,0.124815,0.574763
1045,-0.39215,3.62573,0.717646,1,6.49222,30,1.06643,0.327778,0.124815,0.574763
616,-0.220245,3.62555,0.959255,1,6.49222,30,1.06643,0.327778,0.124815,0.574763
187,-0.320292,3.62563,0.855998,1,6.49222,30,1.06643,0.327778,0.124815,0.574763
16,-0.1057,3.62539,1.02558,1,6.49222,30,1.06643,0.327778,0.124815,0.574763
616,-0.220245,3.62555,0.959255,1,6.49222,30,1.06643,0.327778,0.124815,0.574763
16,-0.1057,3.62539,1.02558,1,6.49222,30,1.06643,0.327778,0.124815,0.574763
615,0.0119618,3.62545,1.0438,1,6.49222,30,1.06643,0.327778,0.124815,0.574763
615,0.0119618,3.62545,1.0438,1,6.49222,30,1.06643,0.327778,0.124815,0.574763
186,0.125119,3.62571,1.0322,1,6.49222,30,1.06643,0.327778,0.124815,0.574763
186,0.125119,3.62571,1.0322,1,6.49222,30,1.06643,0.327778,0.124815,0.574763
1044,0.238225,3.62557,1.04405,1,6.49222,30,1.06643,0.327778,0.124815,0.574763
1044,0.238225,3.62557,1.04405,1,6.49222,30,1.06643,0.327778,0.124815,0.574763
38,0.355941,3.62545,1.02562,1,6.49222,30,1.06643,0.327778,0.124815,0.574763
38,0.355941,3.62545,1.02562,1,6.49222,30,1.06643,0.327778,0.124815,0.574763
664,0.47056,3.62558,0.959337,1,6.49222,30,1.06643,0.327778,0.124815,0.574763
664,0.47056,3.62558,0.959337,1,6.49222,30,1.06643,0.327778,0.124815,0.574763
235,0.57058,3.62573,0.856019,1,6.49222,30,1.06643,0.327778,0.124815,0.574763
235,0.57058,3.62573,0.856019,1,6.49222,30,1.06643,0.327778,0.124815,0.574763
1093,0.642272,3.6259,0.717576,1,6.49222,30,1.06643,0.327778,0.124815,0.574763
1093,0.642272,3.6259,0.717576,1,6.49222,30,1.06643,0.327778,0.124815,0.574763
60,0.671227,3.62637,0.554273,1,6.49222,30,1.06643,0.327778,0.124815,0.574763
1045,-0.268794,3.6315,0.700323,0,6.99222,30,1.07716,0.327778,0.124807,0.585491
59,-0.294632,3.63216,0.544142,0,6.99222,30,1.07716,0.327778,0.124807,0.585491
187,-0.225444,3.63112,0.839388,0,6.99222,30,1.07716,0.327778,0.124807,0.585491
1045,-0.268794,3.6315,0.700323,0,6.99222,30,1.07716,0.327778,0.124807,0.585491
616,-0.157545,3.63108,0.955604,0,6.99222,30,1.07716,0.327778,0.124807,0.585491
187,-0.225444,3.63112,0.839388,0,6.99222,30,1.07716,0.327778,0.124807,0.585491
16,-0.072472,3.63122,1.04505,0,6.99222,30,1.07716,0.327778,0.124807,0.585491
616,-0.157545,3.63108,0.955604,0,6.99222,30,1.07716,0.327778,0.124807,0.585491
16,-0.072472,3.63122,1.04505,0,6.99222,30,1.07716,0.327778,0.124807,0.585491
615,0.0251012,3.63155,1.09558,0,6.99222,30,1.07716,0.327778,0.124807,0.585491
615,0.0251012,3.63155,1.09558,0,6.99222,30,1.07716,0.327778,0.124807,0.585491
186,0.12492,3.63172,1.11274,0,6.99222,30,1.07716,0.327778,0.124807,0.585491
186,0.12492,3.63172,1.11274,0,6.99222,30,1.07716,0.327778,0.124807,0.585491
1044,0.224739,3.63142,1.09564,0,6.99222,30,1.07716,0.327778,0.124807,0.585491
1044,0.224739,3.63142,1.09564,0,6.99222,30,1.07716,0.327778,0.124807,0.585491
38,0.322349,3.63126,1.04518,0,6.99222,30,1.07716,0.327778,0.124807,0.585491
38,0.322349,3.63126,1.04518,0,6.99222,30,1.07716,0.327778,0.124807,0.585491
664,0.407474,3.63109,0.955628,0,6.99222,30,1.07716,0.327778,0.124807,0.585491
664,0.407474,3.63109,0.955628,0,6.99222,30,1.07716,0.327778,0.124807,0.585491
235,0.475443,3.63115,0.839396,0,6.99222,30,1.07716,0.327778,0.124807,0.585491
235,0.475443,3.63115,0.839396,0,6.99222,30,1.07716,0.327778,0.124807,0.585491
1093,0.51869,3.63149,0.700302,0,6.99222,30,1.07716,0.327778,0.124807,0.585491
1093,0.51869,3.63149,0.700302,0,6.99222,30,1.07716,0.327778,0.124807,0.585491
60,0.544591,3.63217,0.5441,0,6.99222,30,1.07716,0.327778,0.124807,0.585491
1045,-0.40206,3.6515,0.726946,1,6.99222,30,1.07716,0.327778,0.124807,0.585491
59,-0.431425,3.65185,0.560576,1,6.99222,30,1.07716,0.327778,0.124807,0.585491
187,-0.329185,3.65148,0.86747,1,6.99222,30,1.07716,0.327778,0.124807,0.585491
1045,-0.40206,3.6515,0.726946,1,6.99222,30,1.07716,0.327778,0.124807,0.585491
616,-0.227198,3.65153,0.971948,1,6.99222,30,1.07716,0.327778,0.124807,0.585491
187,-0.329185,3.65148,0.86747,1,6.99222,30,1.07716,0.327778,0.124807,0.585491
16,-0.110337,3.65152,1.03825,1,6.99222,30,1.07716,0.327778,0.124807,0.585491
616,-0.227198,3.65153,0.971948,1,6.99222,30,1.07716,0.327778,0.124807,0.585491
16,-0.110337,3.65152,1.03825,1,6.99222,30,1.07716,0.327778,0.124807,0.585491
615,0.00930352,3.65164,1.05605,1,6.99222,30,1.07716,0.327778,0.124807,0.585491
615,0.00930352,3.65164,1.05605,1,6.99222,30,1.07716,0.327778,0.124807,0.585491
186,0.125072,3.65178,1.04435,1,6.99222,30,1.07716,0.327778,0.124807,0.585491
186,0.125072,3.65178,1.04435,1,6.99222,30,1.07716,0.327778,0.124807,0.585491
1044,0.240748,3.65163,1.05607,1,6.99222,30,1.07716,0.327778,0.124807,0.585491
1044,0.240748,3.65163,1.05607,1,6.99222,30,1.07716,0.327778,0.124807,0.585491
38,0.360354,3.65153,1.03826,1,6.99222,30,1.07716,0.327778,0.124807,0.585491
38,0.360354,3.65153,1.03826,1,6.99222,30,1.07716,0.327778,0.124807,0.585491
664,0.477178,3.65155,0.971979,1,6.99222,30,1.07716,0.327778,0.124807,0.585491
664,0.477178,3.65155,0.971979,1,6.99222,30,1.07716,0.327778,0.124807,0.585491
235,0.579224,3.65156,0.867567,1,6.99222,30,1.07716,0.327778,0.124807,0.585491
235,0.579224,3.65156,0.867567,1,6.99222,30,1.07716,0.327778,0.124807,0.585491
1093,0.652179,3.65156,0.727088,1,6.99222,30,1.07716,0.327778,0.124807,0.585491
1093,0.652179,3.65156,0.727088,1,6.99222,30,1.07716,0.327778,0.124807,0.585491
60,0.681306,3.65184,0.560685,1,6.99222,30,1.07716,0.327778,0.124807,0.585491
1045,-0.271864,3.65937,0.707726,0,7.49222,30,1.08736,0.327778,0.124831,0.595689
59,-0.299421,3.66005,0.549657,0,7.49222,30,1.08736,0.327778,0.124831,0.595689
187,-0.227662,3.65901,0.847754,0,7.49222,30,1.08736,0.327778,0.124831,0.595689
1045,-0.271864,3.65937,0.707726,0,7.49222,30,1.08736,0.327778,0.124831,0.595689
616,-0.159096,3.659,0.96489,0,7.49222,30,1.08736,0.327778,0.124831,0.595689
187,-0.227662,3.65901,0.847754,0,7.49222,30,1.08736,0.327778,0.124831,0.595689
16,-0.0734081,3.65921,1.05517,0,7.49222,30,1.08736,0.327778,0.124831,0.595689
616,-0.159096,3.659,0.96489,0,7.49222,30,1.08736,0.327778,0.124831,0.595689
16,-0.0734081,3.65921,1.05517,0,7.49222,30,1.08736,0.327778,0.124831,0.595689
615,0.0247551,3.65948,1.10625,0,7.49222,30,1.08736,0.327778,0.124831,0.595689
615,0.0247551,3.65948,1.10625,0,7.49222,30,1.08736,0.327778,0.124831,0.595689
186,0.124982,3.65974,1.12359,0,7.49222,30,1.08736,0.327778,0.124831,0.595689
186,0.124982,3.65974,1.12359,0,7.49222,30,1.08736,0.327778,0.124831,0.595689
1044,0.225316,3.65956,1.10628,0,7.49222,30,1.08736,0.327778,0.124831,0.595689
1044,0.225316,3.65956,1.10628,0,7.49222,30,1.08736,0.327778,0.124831,0.595689
38,0.323442,3.65923,1.05509,0,7.49222,30,1.08736,0.327778,0.124831,0.595689
38,0.323442,3.65923,1.05509,0,7.49222,30,1.08736,0.327778,0.124831,0.595689
664,0.40904,3.65897,0.964856,0,7.49222,30,1.08736,0.327778,0.124831,0.595689
664,0.40904,3.65897,0.964856,0,7.49222,30,1.08736,0.327778,0.124831,0.595689
235,0.477683,3.65907,0.847834,0,7.49222,30,1.08736,0.327778,0.124831,0.595689
235,0.477683,3.65907,0.847834,0,7.49222,30,1.08736,0.327778,0.124831,0.595689
1093,0.521877,3.65941,0.707756,0,7.49222,30,1.08736,0.327778,0.124831,0.595689
1093,0.521877,3.65941,0.707756,0,7.49222,30,1.08736,0.327778,0.124831,0.595689
60,0.549472,3.66004,0.549773,0,7.49222,30,1.08736,0.327778,0.124831,0.595689
1045,-0.412292,3.6775,0.734441,1,7.49222,30,1.08736,0.327778,0.124831,0.595689
59,-0.441891,3.67773,0.56521,1,7.49222,30,1.08736,0.327778,0.124831,0.595689
187,-0.33788,3.67754,0.876673,1,7.49222,30,1.08736,0.327778,0.124831,0.595689
1045,-0.412292,3.6775,0.734441,1,7.49222,30,1.08736,0.327778,0.124831,0.595689
616,-0.233678,3.67768,0.981931,1,7.49222,30,1.08736,0.327778,0.124831,0.595689
187,-0.33788,3.67754,0.876673,1,7.49222,30,1.08736,0.327778,0.124831,0.595689
16,-0.114604,3.6777,1.04808,1,7.49222,30,1.08736,0.327778,0.124831,0.595689
616,-0.233678,3.67768,0.981931,1,7.49222,30,1.08736,0.327778,0.124831,0.595689
16,-0.114604,3.6777,1.04808,1,7.49222,30,1.08736,0.327778,0.124831,0.595689
615,0.00690706,3.67776,1.06542,1,7.49222,30,1.08736,0.327778,0.124831,0.595689
615,0.00690706,3.67776,1.06542,1,7.49222,30,1.08736,0.327778,0.124831,0.595689
186,0.12517,3.67785,1.05395,1,7.49222,30,1.08736,0.327778,0.124831,0.595689
186,0.12517,3.67785,1.05395,1,7.49222,30,1.08736,0.327778,0.124831,0.595689
1044,0.24332,3.67779,1.06567,1,7.49222,30,1.08736,0.327778,0.124831,0.595689
1044,0.24332,3.67779,1.06567,1,7.49222,30,1.08736,0.327778,0.124831,0.595689
38,0.364801,3.67776,1.04826,1,7.49222,30,1.08736,0.327778,0.124831,0.595689
38,0.364801,3.67776,1.04826,1,7.49222,30,1.08736,0.327778,0.124831,0.595689
664,0.483891,3.67775,0.982106,1,7.49222,30,1.08736,0.327778,0.124831,0.595689
664,0.483891,3.67775,0.982106,1,7.49222,30,1.08736,0.327778,0.124831,0.595689
235,0.58797,3.67765,0.876754,1,7.49222,30,1.08736,0.327778,0.124831,0.595689
235,0.58797,3.67765,0.876754,1,7.49222,30,1.08736,0.327778,0.124831,0.595689
1093,0.662298,3.67751,0.734509,1,7.49222,30,1.08736,0.327778,0.124831,0.595689
1093,0.662298,3.67751,0.734509,1,7.49222,30,1.08736,0.327778,0.124831,0.595689
60,0.692048,3.67766,0.565382,1,7.49222,30,1.08736,0.327778,0.124831,0.595689
