id,x,y,z,ablated,v,bulkheadyoungs,nickdepth,nickw,nickc,bbmin
1045,-0.246635,3.42473,0.639517,0,3.49222,35,0.99323,0.327778,0.124845,0.501563
59,-0.264797,3.42482,0.499051,0,3.49222,35,0.99323,0.327778,0.124845,0.501563
187,-0.20759,3.42463,0.770949,0,3.49222,35,0.99323,0.327778,0.124845,0.501563
1045,-0.246635,3.42473,0.639517,0,3.49222,35,0.99323,0.327778,0.124845,0.501563
616,-0.145576,3.42451,0.882503,0,3.49222,35,0.99323,0.327778,0.124845,0.501563
187,-0.20759,3.42463,0.770949,0,3.49222,35,0.99323,0.327778,0.124845,0.501563
16,-0.0672941,3.42437,0.971186,0,3.49222,35,0.99323,0.327778,0.124845,0.501563
616,-0.145576,3.42451,0.882503,0,3.49222,35,0.99323,0.327778,0.124845,0.501563
16,-0.0672941,3.42437,0.971186,0,3.49222,35,0.99323,0.327778,0.124845,0.501563
615,0.025851,3.42429,1.02229,0,3.49222,35,0.99323,0.327778,0.124845,0.501563
615,0.025851,3.42429,1.02229,0,3.49222,35,0.99323,0.327778,0.124845,0.501563
186,0.124996,3.42431,1.03879,0,3.49222,35,0.99323,0.327778,0.124845,0.501563
186,0.124996,3.42431,1.03879,0,3.49222,35,0.99323,0.327778,0.124845,0.501563
1044,0.224148,3.42429,1.02229,0,3.49222,35,0.99323,0.327778,0.124845,0.501563
1044,0.224148,3.42429,1.02229,0,3.49222,35,0.99323,0.327778,0.124845,0.501563
38,0.317301,3.42438,0.971202,0,3.49222,35,0.99323,0.327778,0.124845,0.501563
38,0.317301,3.42438,0.971202,0,3.49222,35,0.99323,0.327778,0.124845,0.501563
664,0.395589,3.42452,0.882515,0,3.49222,35,0.99323,0.327778,0.124845,0.501563
664,0.395589,3.42452,0.882515,0,3.49222,35,0.99323,0.327778,0.124845,0.501563
235,0.457582,3.42463,0.770968,0,3.49222,35,0.99323,0.327778,0.124845,0.501563
235,0.457582,3.42463,0.770968,0,3.49222,35,0.99323,0.327778,0.124845,0.501563
1093,0.496635,3.42472,0.639539,0,3.49222,35,0.99323,0.327778,0.124845,0.501563
1093,0.496635,3.42472,0.639539,0,3.49222,35,0.99323,0.327778,0.124845,0.501563
60,0.514849,3.42484,0.499081,0,3.49222,35,0.99323,0.327778,0.124845,0.501563
1045,-0.308967,3.43469,0.658295,1,3.49222,35,0.99323,0.327778,0.124845,0.501563
59,-0.335761,3.43495,0.516913,1,3.49222,35,0.99323,0.327778,0.124845,0.501563
187,-0.250537,3.43452,0.785408,1,3.49222,35,0.99323,0.327778,0.124845,0.501563
1045,-0.308967,3.43469,0.658295,1,3.49222,35,0.99323,0.327778,0.124845,0.501563
616,-0.167798,3.43401,0.884738,1,3.49222,35,0.99323,0.327778,0.124845,0.501563
187,-0.250537,3.43452,0.785408,1,3.49222,35,0.99323,0.327778,0.124845,0.501563
16,-0.0718429,3.43361,0.954865,1,3.49222,35,0.99323,0.327778,0.124845,0.501563
616,-0.167798,3.43401,0.884738,1,3.49222,35,0.99323,0.327778,0.124845,0.501563
16,-0.0718429,3.43361,0.954865,1,3.49222,35,0.99323,0.327778,0.124845,0.501563
615,0.0287643,3.43277,0.983781,1,3.49222,35,0.99323,0.327778,0.124845,0.501563
615,0.0287643,3.43277,0.983781,1,3.49222,35,0.99323,0.327778,0.124845,0.501563
186,0.125128,3.43293,0.988616,1,3.49222,35,0.99323,0.327778,0.124845,0.501563
186,0.125128,3.43293,0.988616,1,3.49222,35,0.99323,0.327778,0.124845,0.501563
1044,0.221452,3.43276,0.983509,1,3.49222,35,0.99323,0.327778,0.124845,0.501563
1044,0.221452,3.43276,0.983509,1,3.49222,35,0.99323,0.327778,0.124845,0.501563
38,0.321858,3.43329,0.95488,1,3.49222,35,0.99323,0.327778,0.124845,0.501563
38,0.321858,3.43329,0.95488,1,3.49222,35,0.99323,0.327778,0.124845,0.501563
664,0.417783,3.43357,0.88456,1,3.49222,35,0.99323,0.327778,0.124845,0.501563
664,0.417783,3.43357,0.88456,1,3.49222,35,0.99323,0.327778,0.124845,0.501563
235,0.5006,3.43427,0.785262,1,3.49222,35,0.99323,0.327778,0.124845,0.501563
235,0.5006,3.43427,0.785262,1,3.49222,35,0.99323,0.327778,0.124845,0.501563
1093,0.559376,3.43477,0.658357,1,3.49222,35,0.99323,0.327778,0.124845,0.501563
1093,0.559376,3.43477,0.658357,1,3.49222,35,0.99323,0.327778,0.124845,0.501563
60,0.586908,3.43545,0.516918,1,3.49222,35,0.99323,0.327778,0.124845,0.501563
1045,-0.249192,3.43599,0.640999,0,3.99222,35,0.996401,0.327778,0.124829,0.504734
59,-0.269109,3.43658,0.499312,0,3.99222,35,0.996401,0.327778,0.124829,0.504734
187,-0.208925,3.43558,0.772651,0,3.99222,35,0.996401,0.327778,0.124829,0.504734
1045,-0.249192,3.43599,0.640999,0,3.99222,35,0.996401,0.327778,0.124829,0.504734
616,-0.145997,3.43527,0.88406,0,3.99222,35,0.996401,0.327778,0.124829,0.504734
187,-0.208925,3.43558,0.772651,0,3.99222,35,0.996401,0.327778,0.124829,0.504734
16,-0.0670458,3.43513,0.972301,0,3.99222,35,0.996401,0.327778,0.124829,0.504734
616,-0.145997,3.43527,0.88406,0,3.99222,35,0.996401,0.327778,0.124829,0.504734
16,-0.0670458,3.43513,0.972301,0,3.99222,35,0.996401,0.327778,0.124829,0.504734
615,0.0261292,3.43551,1.02287,0,3.99222,35,0.996401,0.327778,0.124829,0.504734
615,0.0261292,3.43551,1.02287,0,3.99222,35,0.996401,0.327778,0.124829,0.504734
186,0.124997,3.43577,1.03925,0,3.99222,35,0.996401,0.327778,0.124829,0.504734
186,0.124997,3.43577,1.03925,0,3.99222,35,0.996401,0.327778,0.124829,0.504734
1044,0.223887,3.4355,1.02272,0,3.99222,35,0.996401,0.327778,0.124829,0.504734
1044,0.223887,3.4355,1.02272,0,3.99222,35,0.996401,0.327778,0.124829,0.504734
38,0.316848,3.43532,0.97189,0,3.99222,35,0.996401,0.327778,0.124829,0.504734
38,0.316848,3.43532,0.97189,0,3.99222,35,0.996401,0.327778,0.124829,0.504734
664,0.395846,3.43526,0.883924,0,3.99222,35,0.996401,0.327778,0.124829,0.504734
664,0.395846,3.43526,0.883924,0,3.99222,35,0.996401,0.327778,0.124829,0.504734
235,0.458931,3.43563,0.772587,0,3.99222,35,0.996401,0.327778,0.124829,0.504734
235,0.458931,3.43563,0.772587,0,3.99222,35,0.996401,0.327778,0.124829,0.504734
1093,0.499115,3.43593,0.641005,0,3.99222,35,0.996401,0.327778,0.124829,0.504734
1093,0.499115,3.43593,0.641005,0,3.99222,35,0.996401,0.327778,0.124829,0.504734
60,0.519335,3.43645,0.499396,0,3.99222,35,0.996401,0.327778,0.124829,0.504734
1045,-0.326529,3.46206,0.670549,1,3.99222,35,0.996401,0.327778,0.124829,0.504734
59,-0.351483,3.46216,0.524398,1,3.99222,35,0.996401,0.327778,0.124829,0.504734
187,-0.264668,3.46157,0.799649,1,3.99222,35,0.996401,0.327778,0.124829,0.504734
1045,-0.326529,3.46206,0.670549,1,3.99222,35,0.996401,0.327778,0.124829,0.504734
616,-0.176694,3.46108,0.898118,1,3.99222,35,0.996401,0.327778,0.124829,0.504734
187,-0.264668,3.46157,0.799649,1,3.99222,35,0.996401,0.327778,0.124829,0.504734
16,-0.075644,3.46035,0.964951,1,3.99222,35,0.996401,0.327778,0.124829,0.504734
616,-0.176694,3.46108,0.898118,1,3.99222,35,0.996401,0.327778,0.124829,0.504734
16,-0.075644,3.46035,0.964951,1,3.99222,35,0.996401,0.327778,0.124829,0.504734
615,0.0283052,3.45994,0.988769,1,3.99222,35,0.996401,0.327778,0.124829,0.504734
615,0.0283052,3.45994,0.988769,1,3.99222,35,0.996401,0.327778,0.124829,0.504734
186,0.125076,3.45993,0.988651,1,3.99222,35,0.996401,0.327778,0.124829,0.504734
186,0.125076,3.45993,0.988651,1,3.99222,35,0.996401,0.327778,0.124829,0.504734
1044,0.222034,3.45976,0.989331,1,3.99222,35,0.996401,0.327778,0.124829,0.504734
1044,0.222034,3.45976,0.989331,1,3.99222,35,0.996401,0.327778,0.124829,0.504734
38,0.326128,3.46062,0.96536,1,3.99222,35,0.996401,0.327778,0.124829,0.504734
38,0.326128,3.46062,0.96536,1,3.99222,35,0.996401,0.327778,0.124829,0.504734
664,0.426978,3.46188,0.89831,1,3.99222,35,0.996401,0.327778,0.124829,0.504734
664,0.426978,3.46188,0.89831,1,3.99222,35,0.996401,0.327778,0.124829,0.504734
235,0.514999,3.46214,0.799968,1,3.99222,35,0.996401,0.327778,0.124829,0.504734
235,0.514999,3.46214,0.799968,1,3.99222,35,0.996401,0.327778,0.124829,0.504734
1093,0.577089,3.46218,0.670911,1,3.99222,35,0.996401,0.327778,0.124829,0.504734
1093,0.577089,3.46218,0.670911,1,3.99222,35,0.996401,0.327778,0.124829,0.504734
60,0.602179,3.46188,0.524765,1,3.99222,35,0.996401,0.327778,0.124829,0.504734
1045,-0.250581,3.46222,0.653719,0,4.49222,35,1.01346,0.327778,0.124855,0.521793
59,-0.270143,3.46244,0.509341,0,4.49222,35,1.01346,0.327778,0.124855,0.521793
187,-0.210632,3.46215,0.786949,0,4.49222,35,1.01346,0.327778,0.124855,0.521793
1045,-0.250581,3.46222,0.653719,0,4.49222,35,1.01346,0.327778,0.124855,0.521793
616,-0.147255,3.46184,0.899434,0,4.49222,35,1.01346,0.327778,0.124855,0.521793
187,-0.210632,3.46215,0.786949,0,4.49222,35,1.01346,0.327778,0.124855,0.521793
16,-0.0676789,3.46202,0.988283,0,4.49222,35,1.01346,0.327778,0.124855,0.521793
616,-0.147255,3.46184,0.899434,0,4.49222,35,1.01346,0.327778,0.124855,0.521793
16,-0.0676789,3.46202,0.988283,0,4.49222,35,1.01346,0.327778,0.124855,0.521793
615,0.0260125,3.46215,1.03953,0,4.49222,35,1.01346,0.327778,0.124855,0.521793
615,0.0260125,3.46215,1.03953,0,4.49222,35,1.01346,0.327778,0.124855,0.521793
186,0.125004,3.46241,1.05605,0,4.49222,35,1.01346,0.327778,0.124855,0.521793
186,0.125004,3.46241,1.05605,0,4.49222,35,1.01346,0.327778,0.124855,0.521793
1044,0.224045,3.46201,1.03964,0,4.49222,35,1.01346,0.327778,0.124855,0.521793
1044,0.224045,3.46201,1.03964,0,4.49222,35,1.01346,0.327778,0.124855,0.521793
38,0.317817,3.46184,0.988393,0,4.49222,35,1.01346,0.327778,0.124855,0.521793
38,0.317817,3.46184,0.988393,0,4.49222,35,1.01346,0.327778,0.124855,0.521793
664,0.397241,3.46187,0.899537,0,4.49222,35,1.01346,0.327778,0.124855,0.521793
664,0.397241,3.46187,0.899537,0,4.49222,35,1.01346,0.327778,0.124855,0.521793
235,0.460483,3.46196,0.787035,0,4.49222,35,1.01346,0.327778,0.124855,0.521793
235,0.460483,3.46196,0.787035,0,4.49222,35,1.01346,0.327778,0.124855,0.521793
1093,0.500639,3.46198,0.654043,0,4.49222,35,1.01346,0.327778,0.124855,0.521793
1093,0.500639,3.46198,0.654043,0,4.49222,35,1.01346,0.327778,0.124855,0.521793
60,0.52042,3.46286,0.509612,0,4.49222,35,1.01346,0.327778,0.124855,0.521793
1045,-0.335505,3.4955,0.678774,1,4.49222,35,1.01346,0.327778,0.124855,0.521793
59,-0.364011,3.49565,0.530052,1,4.49222,35,1.01346,0.327778,0.124855,0.521793
187,-0.27142,3.49489,0.808846,1,4.49222,35,1.01346,0.327778,0.124855,0.521793
1045,-0.335505,3.4955,0.678774,1,4.49222,35,1.01346,0.327778,0.124855,0.521793
616,-0.181857,3.49414,0.908303,1,4.49222,35,1.01346,0.327778,0.124855,0.521793
187,-0.27142,3.49489,0.808846,1,4.49222,35,1.01346,0.327778,0.124855,0.521793
16,-0.0793365,3.49351,0.976137,1,4.49222,35,1.01346,0.327778,0.124855,0.521793
616,-0.181857,3.49414,0.908303,1,4.49222,35,1.01346,0.327778,0.124855,0.521793
16,-0.0793365,3.49351,0.976137,1,4.49222,35,1.01346,0.327778,0.124855,0.521793
615,0.0269808,3.49277,1.00016,1,4.49222,35,1.01346,0.327778,0.124855,0.521793
615,0.0269808,3.49277,1.00016,1,4.49222,35,1.01346,0.327778,0.124855,0.521793
186,0.125059,3.49262,0.997314,1,4.49222,35,1.01346,0.327778,0.124855,0.521793
186,0.125059,3.49262,0.997314,1,4.49222,35,1.01346,0.327778,0.124855,0.521793
1044,0.223219,3.49289,1.00037,1,4.49222,35,1.01346,0.327778,0.124855,0.521793
1044,0.223219,3.49289,1.00037,1,4.49222,35,1.01346,0.327778,0.124855,0.521793
38,0.329526,3.4935,0.97606,1,4.49222,35,1.01346,0.327778,0.124855,0.521793
38,0.329526,3.4935,0.97606,1,4.49222,35,1.01346,0.327778,0.124855,0.521793
664,0.43189,3.4941,0.908053,1,4.49222,35,1.01346,0.327778,0.124855,0.521793
664,0.43189,3.4941,0.908053,1,4.49222,35,1.01346,0.327778,0.124855,0.521793
235,0.521258,3.49475,0.808489,1,4.49222,35,1.01346,0.327778,0.124855,0.521793
235,0.521258,3.49475,0.808489,1,4.49222,35,1.01346,0.327778,0.124855,0.521793
1093,0.585448,3.49532,0.678566,1,4.49222,35,1.01346,0.327778,0.124855,0.521793
1093,0.585448,3.49532,0.678566,1,4.49222,35,1.01346,0.327778,0.124855,0.521793
60,0.61416,3.49568,0.529994,1,4.49222,35,1.01346,0.327778,0.124855,0.521793
1045,-0.254067,3.49586,0.66475,0,4.99222,35,1.02616,0.327778,0.124808,0.534491
59,-0.274348,3.49685,0.517999,0,4.99222,35,1.02616,0.327778,0.124808,0.534491
187,-0.213539,3.49544,0.798886,0,4.99222,35,1.02616,0.327778,0.124808,0.534491
1045,-0.254067,3.49586,0.66475,0,4.99222,35,1.02616,0.327778,0.124808,0.534491
616,-0.149276,3.49523,0.911952,0,4.99222,35,1.02616,0.327778,0.124808,0.534491
187,-0.213539,3.49544,0.798886,0,4.99222,35,1.02616,0.327778,0.124808,0.534491
16,-0.0684181,3.49517,1.00068,0,4.99222,35,1.02616,0.327778,0.124808,0.534491
616,-0.149276,3.49523,0.911952,0,4.99222,35,1.02616,0.327778,0.124808,0.534491
16,-0.0684181,3.49517,1.00068,0,4.99222,35,1.02616,0.327778,0.124808,0.534491
615,0.0260358,3.49528,1.05096,0,4.99222,35,1.02616,0.327778,0.124808,0.534491
615,0.0260358,3.49528,1.05096,0,4.99222,35,1.02616,0.327778,0.124808,0.534491
186,0.124968,3.49563,1.06732,0,4.99222,35,1.02616,0.327778,0.124808,0.534491
186,0.124968,3.49563,1.06732,0,4.99222,35,1.02616,0.327778,0.124808,0.534491
1044,0.223911,3.49534,1.05094,0,4.99222,35,1.02616,0.327778,0.124808,0.534491
1044,0.223911,3.49534,1.05094,0,4.99222,35,1.02616,0.327778,0.124808,0.534491
38,0.318263,3.49519,1.00059,0,4.99222,35,1.02616,0.327778,0.124808,0.534491
38,0.318263,3.49519,1.00059,0,4.99222,35,1.02616,0.327778,0.124808,0.534491
664,0.399204,3.49516,0.911945,0,4.99222,35,1.02616,0.327778,0.124808,0.534491
664,0.399204,3.49516,0.911945,0,4.99222,35,1.02616,0.327778,0.124808,0.534491
235,0.463443,3.49538,0.798964,0,4.99222,35,1.02616,0.327778,0.124808,0.534491
235,0.463443,3.49538,0.798964,0,4.99222,35,1.02616,0.327778,0.124808,0.534491
1093,0.504062,3.49582,0.664875,0,4.99222,35,1.02616,0.327778,0.124808,0.534491
1093,0.504062,3.49582,0.664875,0,4.99222,35,1.02616,0.327778,0.124808,0.534491
60,0.524335,3.49678,0.51817,0,4.99222,35,1.02616,0.327778,0.124808,0.534491
1045,-0.352544,3.53133,0.689595,1,4.99222,35,1.02616,0.327778,0.124808,0.534491
59,-0.380129,3.53198,0.53722,1,4.99222,35,1.02616,0.327778,0.124808,0.534491
187,-0.287429,3.53066,0.822122,1,4.99222,35,1.02616,0.327778,0.124808,0.534491
1045,-0.352544,3.53133,0.689595,1,4.99222,35,1.02616,0.327778,0.124808,0.534491
616,-0.195747,3.53007,0.923043,1,4.99222,35,1.02616,0.327778,0.124808,0.534491
187,-0.287429,3.53066,0.822122,1,4.99222,35,1.02616,0.327778,0.124808,0.534491
16,-0.0900652,3.5295,0.990944,1,4.99222,35,1.02616,0.327778,0.124808,0.534491
616,-0.195747,3.53007,0.923043,1,4.99222,35,1.02616,0.327778,0.124808,0.534491
16,-0.0900652,3.5295,0.990944,1,4.99222,35,1.02616,0.327778,0.124808,0.534491
615,0.0202818,3.52907,1.01298,1,4.99222,35,1.02616,0.327778,0.124808,0.534491
615,0.0202818,3.52907,1.01298,1,4.99222,35,1.02616,0.327778,0.124808,0.534491
186,0.124963,3.52882,1.00308,1,4.99222,35,1.02616,0.327778,0.124808,0.534491
186,0.124963,3.52882,1.00308,1,4.99222,35,1.02616,0.327778,0.124808,0.534491
1044,0.229599,3.52901,1.01288,1,4.99222,35,1.02616,0.327778,0.124808,0.534491
1044,0.229599,3.52901,1.01288,1,4.99222,35,1.02616,0.327778,0.124808,0.534491
38,0.339917,3.52944,0.990807,1,4.99222,35,1.02616,0.327778,0.124808,0.534491
38,0.339917,3.52944,0.990807,1,4.99222,35,1.02616,0.327778,0.124808,0.534491
664,0.445608,3.53003,0.923019,1,4.99222,35,1.02616,0.327778,0.124808,0.534491
664,0.445608,3.53003,0.923019,1,4.99222,35,1.02616,0.327778,0.124808,0.534491
235,0.537323,3.53068,0.822076,1,4.99222,35,1.02616,0.327778,0.124808,0.534491
235,0.537323,3.53068,0.822076,1,4.99222,35,1.02616,0.327778,0.124808,0.534491
1093,0.60244,3.53134,0.689611,1,4.99222,35,1.02616,0.327778,0.124808,0.534491
1093,0.60244,3.53134,0.689611,1,4.99222,35,1.02616,0.327778,0.124808,0.534491
60,0.630039,3.53195,0.537268,1,4.99222,35,1.02616,0.327778,0.124808,0.534491
1045,-0.257573,3.53181,0.674612,0,5.49222,35,1.03916,0.327778,0.124866,0.547495
59,-0.278897,3.53287,0.5258,0,5.49222,35,1.03916,0.327778,0.124866,0.547495
187,-0.216523,3.53135,0.809675,0,5.49222,35,1.03916,0.327778,0.124866,0.547495
1045,-0.257573,3.53181,0.674612,0,5.49222,35,1.03916,0.327778,0.124866,0.547495
616,-0.151368,3.53089,0.923274,0,5.49222,35,1.03916,0.327778,0.124866,0.547495
187,-0.216523,3.53135,0.809675,0,5.49222,35,1.03916,0.327778,0.124866,0.547495
16,-0.0693792,3.53046,1.01173,0,5.49222,35,1.03916,0.327778,0.124866,0.547495
616,-0.151368,3.53089,0.923274,0,5.49222,35,1.03916,0.327778,0.124866,0.547495
16,-0.0693792,3.53046,1.01173,0,5.49222,35,1.03916,0.327778,0.124866,0.547495
615,0.0258795,3.5305,1.06196,0,5.49222,35,1.03916,0.327778,0.124866,0.547495
615,0.0258795,3.5305,1.06196,0,5.49222,35,1.03916,0.327778,0.124866,0.547495
186,0.125059,3.53082,1.07844,0,5.49222,35,1.03916,0.327778,0.124866,0.547495
186,0.125059,3.53082,1.07844,0,5.49222,35,1.03916,0.327778,0.124866,0.547495
1044,0.224247,3.53056,1.06188,0,5.49222,35,1.03916,0.327778,0.124866,0.547495
1044,0.224247,3.53056,1.06188,0,5.49222,35,1.03916,0.327778,0.124866,0.547495
38,0.319468,3.53058,1.01162,0,5.49222,35,1.03916,0.327778,0.124866,0.547495
38,0.319468,3.53058,1.01162,0,5.49222,35,1.03916,0.327778,0.124866,0.547495
664,0.401403,3.53085,0.923185,0,5.49222,35,1.03916,0.327778,0.124866,0.547495
664,0.401403,3.53085,0.923185,0,5.49222,35,1.03916,0.327778,0.124866,0.547495
235,0.466595,3.53131,0.809658,0,5.49222,35,1.03916,0.327778,0.124866,0.547495
235,0.466595,3.53131,0.809658,0,5.49222,35,1.03916,0.327778,0.124866,0.547495
1093,0.507639,3.53187,0.674606,0,5.49222,35,1.03916,0.327778,0.124866,0.547495
1093,0.507639,3.53187,0.674606,0,5.49222,35,1.03916,0.327778,0.124866,0.547495
60,0.528997,3.53286,0.525831,0,5.49222,35,1.03916,0.327778,0.124866,0.547495
1045,-0.365655,3.56173,0.70087,1,5.49222,35,1.03916,0.327778,0.124866,0.547495
59,-0.393952,3.56236,0.545156,1,5.49222,35,1.03916,0.327778,0.124866,0.547495
187,-0.298003,3.56103,0.834814,1,5.49222,35,1.03916,0.327778,0.124866,0.547495
1045,-0.365655,3.56173,0.70087,1,5.49222,35,1.03916,0.327778,0.124866,0.547495
616,-0.203391,3.56042,0.936018,1,5.49222,35,1.03916,0.327778,0.124866,0.547495
187,-0.298003,3.56103,0.834814,1,5.49222,35,1.03916,0.327778,0.124866,0.547495
16,-0.0947691,3.55993,1.00298,1,5.49222,35,1.03916,0.327778,0.124866,0.547495
616,-0.203391,3.56042,0.936018,1,5.49222,35,1.03916,0.327778,0.124866,0.547495
16,-0.0947691,3.55993,1.00298,1,5.49222,35,1.03916,0.327778,0.124866,0.547495
615,0.0179308,3.55959,1.0233,1,5.49222,35,1.03916,0.327778,0.124866,0.547495
615,0.0179308,3.55959,1.0233,1,5.49222,35,1.03916,0.327778,0.124866,0.547495
186,0.125039,3.55945,1.01208,1,5.49222,35,1.03916,0.327778,0.124866,0.547495
186,0.125039,3.55945,1.01208,1,5.49222,35,1.03916,0.327778,0.124866,0.547495
1044,0.232165,3.55961,1.02345,1,5.49222,35,1.03916,0.327778,0.124866,0.547495
1044,0.232165,3.55961,1.02345,1,5.49222,35,1.03916,0.327778,0.124866,0.547495
38,0.344825,3.55996,1.00303,1,5.49222,35,1.03916,0.327778,0.124866,0.547495
38,0.344825,3.55996,1.00303,1,5.49222,35,1.03916,0.327778,0.124866,0.547495
664,0.453374,3.56043,0.936009,1,5.49222,35,1.03916,0.327778,0.124866,0.547495
664,0.453374,3.56043,0.936009,1,5.49222,35,1.03916,0.327778,0.124866,0.547495
235,0.547947,3.56103,0.834837,1,5.49222,35,1.03916,0.327778,0.124866,0.547495
235,0.547947,3.56103,0.834837,1,5.49222,35,1.03916,0.327778,0.124866,0.547495
1093,0.615677,3.56174,0.700923,1,5.49222,35,1.03916,0.327778,0.124866,0.547495
1093,0.615677,3.56174,0.700923,1,5.49222,35,1.03916,0.327778,0.124866,0.547495
60,0.643992,3.56226,0.545176,1,5.49222,35,1.03916,0.327778,0.124866,0.547495
1045,-0.260725,3.56325,0.682714,0,5.99222,35,1.04944,0.327778,0.124869,0.557777
59,-0.283531,3.56437,0.531982,0,5.99222,35,1.04944,0.327778,0.124869,0.557777
187,-0.218826,3.56263,0.818707,0,5.99222,35,1.04944,0.327778,0.124869,0.557777
1045,-0.260725,3.56325,0.682714,0,5.99222,35,1.04944,0.327778,0.124869,0.557777
616,-0.152714,3.56214,0.932801,0,5.99222,35,1.04944,0.327778,0.124869,0.557777
187,-0.218826,3.56263,0.818707,0,5.99222,35,1.04944,0.327778,0.124869,0.557777
16,-0.0698865,3.56187,1.02148,0,5.99222,35,1.04944,0.327778,0.124869,0.557777
616,-0.152714,3.56214,0.932801,0,5.99222,35,1.04944,0.327778,0.124869,0.557777
16,-0.0698865,3.56187,1.02148,0,5.99222,35,1.04944,0.327778,0.124869,0.557777
615,0.0258138,3.56201,1.0717,0,5.99222,35,1.04944,0.327778,0.124869,0.557777
615,0.0258138,3.56201,1.0717,0,5.99222,35,1.04944,0.327778,0.124869,0.557777
186,0.125093,3.5622,1.08843,0,5.99222,35,1.04944,0.327778,0.124869,0.557777
186,0.125093,3.5622,1.08843,0,5.99222,35,1.04944,0.327778,0.124869,0.557777
1044,0.224318,3.56198,1.07169,0,5.99222,35,1.04944,0.327778,0.124869,0.557777
1044,0.224318,3.56198,1.07169,0,5.99222,35,1.04944,0.327778,0.124869,0.557777
38,0.319985,3.56194,1.02133,0,5.99222,35,1.04944,0.327778,0.124869,0.557777
38,0.319985,3.56194,1.02133,0,5.99222,35,1.04944,0.327778,0.124869,0.557777
664,0.402785,3.56216,0.932732,0,5.99222,35,1.04944,0.327778,0.124869,0.557777
664,0.402785,3.56216,0.932732,0,5.99222,35,1.04944,0.327778,0.124869,0.557777
235,0.468891,3.56265,0.81869,0,5.99222,35,1.04944,0.327778,0.124869,0.557777
235,0.468891,3.56265,0.81869,0,5.99222,35,1.04944,0.327778,0.124869,0.557777
1093,0.510783,3.56323,0.682698,0,5.99222,35,1.04944,0.327778,0.124869,0.557777
1093,0.510783,3.56323,0.682698,0,5.99222,35,1.04944,0.327778,0.124869,0.557777
60,0.53363,3.56428,0.532029,0,5.99222,35,1.04944,0.327778,0.124869,0.557777
1045,-0.376624,3.59369,0.709546,1,5.99222,35,1.04944,0.327778,0.124869,0.557777
59,-0.405546,3.59434,0.550935,1,5.99222,35,1.04944,0.327778,0.124869,0.557777
187,-0.307083,3.59306,0.845065,1,5.99222,35,1.04944,0.327778,0.124869,0.557777
1045,-0.376624,3.59369,0.709546,1,5.99222,35,1.04944,0.327778,0.124869,0.557777
616,-0.210154,3.59254,0.946866,1,5.99222,35,1.04944,0.327778,0.124869,0.557777
187,-0.307083,3.59306,0.845065,1,5.99222,35,1.04944,0.327778,0.124869,0.557777
16,-0.0991416,3.5921,1.01345,1,5.99222,35,1.04944,0.327778,0.124869,0.557777
616,-0.210154,3.59254,0.946866,1,5.99222,35,1.04944,0.327778,0.124869,0.557777
16,-0.0991416,3.5921,1.01345,1,5.99222,35,1.04944,0.327778,0.124869,0.557777
615,0.0156257,3.59187,1.03267,1,5.99222,35,1.04944,0.327778,0.124869,0.557777
615,0.0156257,3.59187,1.03267,1,5.99222,35,1.04944,0.327778,0.124869,0.557777
186,0.125172,3.59178,1.02088,1,5.99222,35,1.04944,0.327778,0.124869,0.557777
186,0.125172,3.59178,1.02088,1,5.99222,35,1.04944,0.327778,0.124869,0.557777
1044,0.234698,3.59188,1.0328,1,5.99222,35,1.04944,0.327778,0.124869,0.557777
1044,0.234698,3.59188,1.0328,1,5.99222,35,1.04944,0.327778,0.124869,0.557777
38,0.349396,3.59215,1.01353,1,5.99222,35,1.04944,0.327778,0.124869,0.557777
38,0.349396,3.59215,1.01353,1,5.99222,35,1.04944,0.327778,0.124869,0.557777
664,0.46049,3.59258,0.947091,1,5.99222,35,1.04944,0.327778,0.124869,0.557777
664,0.46049,3.59258,0.947091,1,5.99222,35,1.04944,0.327778,0.124869,0.557777
235,0.557406,3.5931,0.845266,1,5.99222,35,1.04944,0.327778,0.124869,0.557777
235,0.557406,3.5931,0.845266,1,5.99222,35,1.04944,0.327778,0.124869,0.557777
1093,0.626932,3.59374,0.709728,1,5.99222,35,1.04944,0.327778,0.124869,0.557777
1093,0.626932,3.59374,0.709728,1,5.99222,35,1.04944,0.327778,0.124869,0.557777
60,0.655808,3.59434,0.551081,1,5.99222,35,1.04944,0.327778,0.124869,0.557777
1045,-0.263719,3.59505,0.690174,0,6.49222,35,1.06024,0.327778,0.124836,0.568573
59,-0.288234,3.59593,0.537565,0,6.49222,35,1.06024,0.327778,0.124836,0.568573
187,-0.220842,3.59451,0.826959,0,6.49222,35,1.06024,0.327778,0.124836,0.568573
1045,-0.263719,3.59505,0.690174,0,6.49222,35,1.06024,0.327778,0.124836,0.568573
616,-0.153909,3.59401,0.941651,0,6.49222,35,1.06024,0.327778,0.124836,0.568573
187,-0.220842,3.59451,0.826959,0,6.49222,35,1.06024,0.327778,0.124836,0.568573
16,-0.0704669,3.59387,1.03074,0,6.49222,35,1.06024,0.327778,0.124836,0.568573
616,-0.153909,3.59401,0.941651,0,6.49222,35,1.06024,0.327778,0.124836,0.568573
16,-0.0704669,3.59387,1.03074,0,6.49222,35,1.06024,0.327778,0.124836,0.568573
615,0.0256387,3.59399,1.0815,0,6.49222,35,1.06024,0.327778,0.124836,0.568573
615,0.0256387,3.59399,1.0815,0,6.49222,35,1.06024,0.327778,0.124836,0.568573
186,0.125017,3.59416,1.09836,0,6.49222,35,1.06024,0.327778,0.124836,0.568573
186,0.125017,3.59416,1.09836,0,6.49222,35,1.06024,0.327778,0.124836,0.568573
1044,0.224397,3.59402,1.08144,0,6.49222,35,1.06024,0.327778,0.124836,0.568573
1044,0.224397,3.59402,1.08144,0,6.49222,35,1.06024,0.327778,0.124836,0.568573
38,0.32059,3.59391,1.03066,0,6.49222,35,1.06024,0.327778,0.124836,0.568573
38,0.32059,3.59391,1.03066,0,6.49222,35,1.06024,0.327778,0.124836,0.568573
664,0.403945,3.59402,0.941606,0,6.49222,35,1.06024,0.327778,0.124836,0.568573
664,0.403945,3.59402,0.941606,0,6.49222,35,1.06024,0.327778,0.124836,0.568573
235,0.470835,3.59447,0.826943,0,6.49222,35,1.06024,0.327778,0.124836,0.568573
235,0.470835,3.59447,0.826943,0,6.49222,35,1.06024,0.327778,0.124836,0.568573
1093,0.51373,3.59507,0.690149,0,6.49222,35,1.06024,0.327778,0.124836,0.568573
1093,0.51373,3.59507,0.690149,0,6.49222,35,1.06024,0.327778,0.124836,0.568573
60,0.538243,3.59598,0.537579,0,6.49222,35,1.06024,0.327778,0.124836,0.568573
1045,-0.387497,3.62091,0.718625,1,6.49222,35,1.06024,0.327778,0.124836,0.568573
59,-0.41675,3.62144,0.556947,1,6.49222,35,1.06024,0.327778,0.124836,0.568573
187,-0.316257,3.62036,0.855901,1,6.49222,35,1.06024,0.327778,0.124836,0.568573
1045,-0.387497,3.62091,0.718625,1,6.49222,35,1.06024,0.327778,0.124836,0.568573
616,-0.216951,3.61989,0.958301,1,6.49222,35,1.06024,0.327778,0.124836,0.568573
187,-0.316257,3.62036,0.855901,1,6.49222,35,1.06024,0.327778,0.124836,0.568573
16,-0.10344,3.6195,1.02428,1,6.49222,35,1.06024,0.327778,0.124836,0.568573
616,-0.216951,3.61989,0.958301,1,6.49222,35,1.06024,0.327778,0.124836,0.568573
16,-0.10344,3.6195,1.02428,1,6.49222,35,1.06024,0.327778,0.124836,0.568573
615,0.0132125,3.6192,1.04251,1,6.49222,35,1.06024,0.327778,0.124836,0.568573
615,0.0132125,3.6192,1.04251,1,6.49222,35,1.06024,0.327778,0.124836,0.568573
186,0.125206,3.61907,1.03031,1,6.49222,35,1.06024,0.327778,0.124836,0.568573
186,0.125206,3.61907,1.03031,1,6.49222,35,1.06024,0.327778,0.124836,0.568573
1044,0.23718,3.61921,1.04254,1,6.49222,35,1.06024,0.327778,0.124836,0.568573
1044,0.23718,3.61921,1.04254,1,6.49222,35,1.06024,0.327778,0.124836,0.568573
38,0.353815,3.61949,1.02428,1,6.49222,35,1.06024,0.327778,0.124836,0.568573
38,0.353815,3.61949,1.02428,1,6.49222,35,1.06024,0.327778,0.124836,0.568573
664,0.467326,3.61989,0.958267,1,6.49222,35,1.06024,0.327778,0.124836,0.568573
664,0.467326,3.61989,0.958267,1,6.49222,35,1.06024,0.327778,0.124836,0.568573
235,0.566548,3.62039,0.855777,1,6.49222,35,1.06024,0.327778,0.124836,0.568573
235,0.566548,3.62039,0.855777,1,6.49222,35,1.06024,0.327778,0.124836,0.568573
1093,0.637701,3.62091,0.718473,1,6.49222,35,1.06024,0.327778,0.124836,0.568573
1093,0.637701,3.62091,0.718473,1,6.49222,35,1.06024,0.327778,0.124836,0.568573
60,0.667051,3.62146,0.556908,1,6.49222,35,1.06024,0.327778,0.124836,0.568573
1045,-0.266433,3.62629,0.698764,0,6.99222,35,1.07309,0.327778,0.124832,0.581424
59,-0.291812,3.62733,0.544035,0,6.99222,35,1.07309,0.327778,0.124832,0.581424
187,-0.223192,3.62588,0.836979,0,6.99222,35,1.07309,0.327778,0.124832,0.581424
1045,-0.266433,3.62629,0.698764,0,6.99222,35,1.07309,0.327778,0.124832,0.581424
616,-0.155421,3.62546,0.952409,0,6.99222,35,1.07309,0.327778,0.124832,0.581424
187,-0.223192,3.62588,0.836979,0,6.99222,35,1.07309,0.327778,0.124832,0.581424
16,-0.0712418,3.62547,1.0418,0,6.99222,35,1.07309,0.327778,0.124832,0.581424
616,-0.155421,3.62546,0.952409,0,6.99222,35,1.07309,0.327778,0.124832,0.581424
16,-0.0712418,3.62547,1.0418,0,6.99222,35,1.07309,0.327778,0.124832,0.581424
615,0.0253574,3.62579,1.09304,0,6.99222,35,1.07309,0.327778,0.124832,0.581424
615,0.0253574,3.62579,1.09304,0,6.99222,35,1.07309,0.327778,0.124832,0.581424
186,0.12497,3.6261,1.11048,0,6.99222,35,1.07309,0.327778,0.124832,0.581424
186,0.12497,3.6261,1.11048,0,6.99222,35,1.07309,0.327778,0.124832,0.581424
1044,0.2246,3.62594,1.09297,0,6.99222,35,1.07309,0.327778,0.124832,0.581424
1044,0.2246,3.62594,1.09297,0,6.99222,35,1.07309,0.327778,0.124832,0.581424
38,0.321166,3.62545,1.04168,0,6.99222,35,1.07309,0.327778,0.124832,0.581424
38,0.321166,3.62545,1.04168,0,6.99222,35,1.07309,0.327778,0.124832,0.581424
664,0.405463,3.62552,0.952265,0,6.99222,35,1.07309,0.327778,0.124832,0.581424
664,0.405463,3.62552,0.952265,0,6.99222,35,1.07309,0.327778,0.124832,0.581424
235,0.473352,3.62588,0.83682,0,6.99222,35,1.07309,0.327778,0.124832,0.581424
235,0.473352,3.62588,0.83682,0,6.99222,35,1.07309,0.327778,0.124832,0.581424
1093,0.516572,3.62637,0.698579,0,6.99222,35,1.07309,0.327778,0.124832,0.581424
1093,0.516572,3.62637,0.698579,0,6.99222,35,1.07309,0.327778,0.124832,0.581424
60,0.541777,3.62739,0.54381,0,6.99222,35,1.07309,0.327778,0.124832,0.581424
1045,-0.397605,3.65716,0.725935,1,6.99222,35,1.07309,0.327778,0.124832,0.581424
59,-0.428215,3.65765,0.561946,1,6.99222,35,1.07309,0.327778,0.124832,0.581424
187,-0.324564,3.65695,0.864493,1,6.99222,35,1.07309,0.327778,0.124832,0.581424
1045,-0.397605,3.65716,0.725935,1,6.99222,35,1.07309,0.327778,0.124832,0.581424
616,-0.22309,3.65679,0.967459,1,6.99222,35,1.07309,0.327778,0.124832,0.581424
187,-0.324564,3.65695,0.864493,1,6.99222,35,1.07309,0.327778,0.124832,0.581424
16,-0.107277,3.65669,1.03291,1,6.99222,35,1.07309,0.327778,0.124832,0.581424
616,-0.22309,3.65679,0.967459,1,6.99222,35,1.07309,0.327778,0.124832,0.581424
16,-0.107277,3.65669,1.03291,1,6.99222,35,1.07309,0.327778,0.124832,0.581424
615,0.0110671,3.6568,1.0503,1,6.99222,35,1.07309,0.327778,0.124832,0.581424
615,0.0110671,3.6568,1.0503,1,6.99222,35,1.07309,0.327778,0.124832,0.581424
186,0.125278,3.65701,1.03823,1,6.99222,35,1.07309,0.327778,0.124832,0.581424
186,0.125278,3.65701,1.03823,1,6.99222,35,1.07309,0.327778,0.124832,0.581424
1044,0.239399,3.65677,1.05049,1,6.99222,35,1.07309,0.327778,0.124832,0.581424
1044,0.239399,3.65677,1.05049,1,6.99222,35,1.07309,0.327778,0.124832,0.581424
38,0.357707,3.65668,1.03293,1,6.99222,35,1.07309,0.327778,0.124832,0.581424
38,0.357707,3.65668,1.03293,1,6.99222,35,1.07309,0.327778,0.124832,0.581424
664,0.473408,3.65673,0.967399,1,6.99222,35,1.07309,0.327778,0.124832,0.581424
664,0.473408,3.65673,0.967399,1,6.99222,35,1.07309,0.327778,0.124832,0.581424
235,0.574809,3.65688,0.864457,1,6.99222,35,1.07309,0.327778,0.124832,0.581424
235,0.574809,3.65688,0.864457,1,6.99222,35,1.07309,0.327778,0.124832,0.581424
1093,0.647775,3.65713,0.725882,1,6.99222,35,1.07309,0.327778,0.124832,0.581424
1093,0.647775,3.65713,0.725882,1,6.99222,35,1.07309,0.327778,0.124832,0.581424
60,0.678138,3.65773,0.561844,1,6.99222,35,1.07309,0.327778,0.124832,0.581424
1045,-0.269044,3.66057,0.706964,0,7.49222,35,1.08374,0.327778,0.124824,0.592077
59,-0.296084,3.66142,0.550512,0,7.49222,35,1.08374,0.327778,0.124824,0.592077
187,-0.225088,3.66013,0.84603,0,7.49222,35,1.08374,0.327778,0.124824,0.592077
1045,-0.269044,3.66057,0.706964,0,7.49222,35,1.08374,0.327778,0.124824,0.592077
616,-0.157051,3.65991,0.962344,0,7.49222,35,1.08374,0.327778,0.124824,0.592077
187,-0.225088,3.66013,0.84603,0,7.49222,35,1.08374,0.327778,0.124824,0.592077
16,-0.072405,3.65995,1.05242,0,7.49222,35,1.08374,0.327778,0.124824,0.592077
616,-0.157051,3.65991,0.962344,0,7.49222,35,1.08374,0.327778,0.124824,0.592077
16,-0.072405,3.65995,1.05242,0,7.49222,35,1.08374,0.327778,0.124824,0.592077
615,0.0249652,3.66013,1.10378,0,7.49222,35,1.08374,0.327778,0.124824,0.592077
615,0.0249652,3.66013,1.10378,0,7.49222,35,1.08374,0.327778,0.124824,0.592077
186,0.125003,3.6603,1.12117,0,7.49222,35,1.08374,0.327778,0.124824,0.592077
186,0.125003,3.6603,1.12117,0,7.49222,35,1.08374,0.327778,0.124824,0.592077
1044,0.225023,3.66015,1.10373,0,7.49222,35,1.08374,0.327778,0.124824,0.592077
1044,0.225023,3.66015,1.10373,0,7.49222,35,1.08374,0.327778,0.124824,0.592077
38,0.322371,3.65997,1.05239,0,7.49222,35,1.08374,0.327778,0.124824,0.592077
38,0.322371,3.65997,1.05239,0,7.49222,35,1.08374,0.327778,0.124824,0.592077
664,0.407066,3.65993,0.962312,0,7.49222,35,1.08374,0.327778,0.124824,0.592077
664,0.407066,3.65993,0.962312,0,7.49222,35,1.08374,0.327778,0.124824,0.592077
235,0.475098,3.66015,0.846005,0,7.49222,35,1.08374,0.327778,0.124824,0.592077
235,0.475098,3.66015,0.846005,0,7.49222,35,1.08374,0.327778,0.124824,0.592077
1093,0.519037,3.66059,0.70696,0,7.49222,35,1.08374,0.327778,0.124824,0.592077
1093,0.519037,3.66059,0.70696,0,7.49222,35,1.08374,0.327778,0.124824,0.592077
60,0.546052,3.66145,0.550537,0,7.49222,35,1.08374,0.327778,0.124824,0.592077
1045,-0.407341,3.67738,0.735508,1,7.49222,35,1.08374,0.327778,0.124824,0.592077
59,-0.437951,3.67782,0.568421,1,7.49222,35,1.08374,0.327778,0.124824,0.592077
187,-0.33314,3.67713,0.876042,1,7.49222,35,1.08374,0.327778,0.124824,0.592077
1045,-0.407341,3.67738,0.735508,1,7.49222,35,1.08374,0.327778,0.124824,0.592077
616,-0.22985,3.67694,0.980094,1,7.49222,35,1.08374,0.327778,0.124824,0.592077
187,-0.33314,3.67713,0.876042,1,7.49222,35,1.08374,0.327778,0.124824,0.592077
16,-0.111901,3.67675,1.04563,1,7.49222,35,1.08374,0.327778,0.124824,0.592077
616,-0.22985,3.67694,0.980094,1,7.49222,35,1.08374,0.327778,0.124824,0.592077
16,-0.111901,3.67675,1.04563,1,7.49222,35,1.08374,0.327778,0.124824,0.592077
615,0.0083637,3.67662,1.06265,1,7.49222,35,1.08374,0.327778,0.124824,0.592077
615,0.0083637,3.67662,1.06265,1,7.49222,35,1.08374,0.327778,0.124824,0.592077
186,0.125215,3.67658,1.05045,1,7.49222,35,1.08374,0.327778,0.124824,0.592077
186,0.125215,3.67658,1.05045,1,7.49222,35,1.08374,0.327778,0.124824,0.592077
1044,0.242023,3.67664,1.06273,1,7.49222,35,1.08374,0.327778,0.124824,0.592077
1044,0.242023,3.67664,1.06273,1,7.49222,35,1.08374,0.327778,0.124824,0.592077
38,0.362274,3.67675,1.04564,1,7.49222,35,1.08374,0.327778,0.124824,0.592077
38,0.362274,3.67675,1.04564,1,7.49222,35,1.08374,0.327778,0.124824,0.592077
664,0.480115,3.67695,0.980042,1,7.49222,35,1.08374,0.327778,0.124824,0.592077
664,0.480115,3.67695,0.980042,1,7.49222,35,1.08374,0.327778,0.124824,0.592077
235,0.583352,3.67714,0.876025,1,7.49222,35,1.08374,0.327778,0.124824,0.592077
235,0.583352,3.67714,0.876025,1,7.49222,35,1.08374,0.327778,0.124824,0.592077
1093,0.657482,3.67737,0.735468,1,7.49222,35,1.08374,0.327778,0.124824,0.592077
1093,0.657482,3.67737,0.735468,1,7.49222,35,1.08374,0.327778,0.124824,0.592077
60,0.687885,3.67778,0.568403,1,7.49222,35,1.08374,0.327778,0.124824,0.592077
