id,x,y,z,ablated,v,bulkheadyoungs,nickdepth,nickw,nickc,bbmin
1045,-0.246477,3.42462,0.639535,0,3.49222,40,0.99313,0.327778,0.124845,0.501464
59,-0.264605,3.42477,0.499154,0,3.49222,40,0.99313,0.327778,0.124845,0.501464
187,-0.207444,3.42458,0.770911,0,3.49222,40,0.99313,0.327778,0.124845,0.501464
1045,-0.246477,3.42462,0.639535,0,3.49222,40,0.99313,0.327778,0.124845,0.501464
616,-0.145502,3.42444,0.882473,0,3.49222,40,0.99313,0.327778,0.124845,0.501464
187,-0.207444,3.42458,0.770911,0,3.49222,40,0.99313,0.327778,0.124845,0.501464
16,-0.067286,3.42429,0.971154,0,3.49222,40,0.99313,0.327778,0.124845,0.501464
616,-0.145502,3.42444,0.882473,0,3.49222,40,0.99313,0.327778,0.124845,0.501464
16,-0.067286,3.42429,0.971154,0,3.49222,40,0.99313,0.327778,0.124845,0.501464
615,0.0258834,3.42418,1.02226,0,3.49222,40,0.99313,0.327778,0.124845,0.501464
615,0.0258834,3.42418,1.02226,0,3.49222,40,0.99313,0.327778,0.124845,0.501464
186,0.125004,3.42417,1.03878,0,3.49222,40,0.99313,0.327778,0.124845,0.501464
186,0.125004,3.42417,1.03878,0,3.49222,40,0.99313,0.327778,0.124845,0.501464
1044,0.224129,3.42416,1.02225,0,3.49222,40,0.99313,0.327778,0.124845,0.501464
1044,0.224129,3.42416,1.02225,0,3.49222,40,0.99313,0.327778,0.124845,0.501464
38,0.317279,3.42429,0.97115,0,3.49222,40,0.99313,0.327778,0.124845,0.501464
38,0.317279,3.42429,0.97115,0,3.49222,40,0.99313,0.327778,0.124845,0.501464
664,0.395508,3.42444,0.88246,0,3.49222,40,0.99313,0.327778,0.124845,0.501464
664,0.395508,3.42444,0.88246,0,3.49222,40,0.99313,0.327778,0.124845,0.501464
235,0.457461,3.42458,0.770915,0,3.49222,40,0.99313,0.327778,0.124845,0.501464
235,0.457461,3.42458,0.770915,0,3.49222,40,0.99313,0.327778,0.124845,0.501464
1093,0.496483,3.42462,0.639541,0,3.49222,40,0.99313,0.327778,0.124845,0.501464
1093,0.496483,3.42462,0.639541,0,3.49222,40,0.99313,0.327778,0.124845,0.501464
60,0.514616,3.42474,0.499176,0,3.49222,40,0.99313,0.327778,0.124845,0.501464
1045,-0.308068,3.43413,0.65836,1,3.49222,40,0.99313,0.327778,0.124845,0.501464
59,-0.335852,3.43488,0.517099,1,3.49222,40,0.99313,0.327778,0.124845,0.501464
187,-0.249408,3.43372,0.784829,1,3.49222,40,0.99313,0.327778,0.124845,0.501464
1045,-0.308068,3.43413,0.65836,1,3.49222,40,0.99313,0.327778,0.124845,0.501464
616,-0.167057,3.4329,0.884154,1,3.49222,40,0.99313,0.327778,0.124845,0.501464
187,-0.249408,3.43372,0.784829,1,3.49222,40,0.99313,0.327778,0.124845,0.501464
16,-0.0715209,3.43241,0.954413,1,3.49222,40,0.99313,0.327778,0.124845,0.501464
616,-0.167057,3.4329,0.884154,1,3.49222,40,0.99313,0.327778,0.124845,0.501464
16,-0.0715209,3.43241,0.954413,1,3.49222,40,0.99313,0.327778,0.124845,0.501464
615,0.0287699,3.4316,0.983813,1,3.49222,40,0.99313,0.327778,0.124845,0.501464
615,0.0287699,3.4316,0.983813,1,3.49222,40,0.99313,0.327778,0.124845,0.501464
186,0.125057,3.43206,0.989083,1,3.49222,40,0.99313,0.327778,0.124845,0.501464
186,0.125057,3.43206,0.989083,1,3.49222,40,0.99313,0.327778,0.124845,0.501464
1044,0.221324,3.43176,0.984094,1,3.49222,40,0.99313,0.327778,0.124845,0.501464
1044,0.221324,3.43176,0.984094,1,3.49222,40,0.99313,0.327778,0.124845,0.501464
38,0.321753,3.4324,0.955077,1,3.49222,40,0.99313,0.327778,0.124845,0.501464
38,0.321753,3.4324,0.955077,1,3.49222,40,0.99313,0.327778,0.124845,0.501464
664,0.417124,3.433,0.884603,1,3.49222,40,0.99313,0.327778,0.124845,0.501464
664,0.417124,3.433,0.884603,1,3.49222,40,0.99313,0.327778,0.124845,0.501464
235,0.499681,3.43369,0.785436,1,3.49222,40,0.99313,0.327778,0.124845,0.501464
235,0.499681,3.43369,0.785436,1,3.49222,40,0.99313,0.327778,0.124845,0.501464
1093,0.558096,3.43414,0.658551,1,3.49222,40,0.99313,0.327778,0.124845,0.501464
1093,0.558096,3.43414,0.658551,1,3.49222,40,0.99313,0.327778,0.124845,0.501464
60,0.586259,3.43458,0.517535,1,3.49222,40,0.99313,0.327778,0.124845,0.501464
1045,-0.248466,3.43389,0.639997,0,3.99222,40,0.993117,0.327778,0.124855,0.501451
59,-0.268612,3.43433,0.498899,0,3.99222,40,0.993117,0.327778,0.124855,0.501451
187,-0.208425,3.43361,0.771254,0,3.99222,40,0.993117,0.327778,0.124855,0.501451
1045,-0.248466,3.43389,0.639997,0,3.99222,40,0.993117,0.327778,0.124855,0.501451
616,-0.145722,3.43343,0.882583,0,3.99222,40,0.993117,0.327778,0.124855,0.501451
187,-0.208425,3.43361,0.771254,0,3.99222,40,0.993117,0.327778,0.124855,0.501451
16,-0.0668634,3.43374,0.970668,0,3.99222,40,0.993117,0.327778,0.124855,0.501451
616,-0.145722,3.43343,0.882583,0,3.99222,40,0.993117,0.327778,0.124855,0.501451
16,-0.0668634,3.43374,0.970668,0,3.99222,40,0.993117,0.327778,0.124855,0.501451
615,0.0262039,3.43383,1.02133,0,3.99222,40,0.993117,0.327778,0.124855,0.501451
615,0.0262039,3.43383,1.02133,0,3.99222,40,0.993117,0.327778,0.124855,0.501451
186,0.125002,3.43401,1.03762,0,3.99222,40,0.993117,0.327778,0.124855,0.501451
186,0.125002,3.43401,1.03762,0,3.99222,40,0.993117,0.327778,0.124855,0.501451
1044,0.223801,3.43389,1.02134,0,3.99222,40,0.993117,0.327778,0.124855,0.501451
1044,0.223801,3.43389,1.02134,0,3.99222,40,0.993117,0.327778,0.124855,0.501451
38,0.31685,3.43358,0.970657,0,3.99222,40,0.993117,0.327778,0.124855,0.501451
38,0.31685,3.43358,0.970657,0,3.99222,40,0.993117,0.327778,0.124855,0.501451
664,0.395763,3.43348,0.882663,0,3.99222,40,0.993117,0.327778,0.124855,0.501451
664,0.395763,3.43348,0.882663,0,3.99222,40,0.993117,0.327778,0.124855,0.501451
235,0.458433,3.43363,0.771282,0,3.99222,40,0.993117,0.327778,0.124855,0.501451
235,0.458433,3.43363,0.771282,0,3.99222,40,0.993117,0.327778,0.124855,0.501451
1093,0.49845,3.43384,0.639969,0,3.99222,40,0.993117,0.327778,0.124855,0.501451
1093,0.49845,3.43384,0.639969,0,3.99222,40,0.993117,0.327778,0.124855,0.501451
60,0.518599,3.43434,0.498857,0,3.99222,40,0.993117,0.327778,0.124855,0.501451
1045,-0.323794,3.46033,0.671999,1,3.99222,40,0.993117,0.327778,0.124855,0.501451
59,-0.349421,3.46043,0.526498,1,3.99222,40,0.993117,0.327778,0.124855,0.501451
187,-0.26255,3.46063,0.800726,1,3.99222,40,0.993117,0.327778,0.124855,0.501451
1045,-0.323794,3.46033,0.671999,1,3.99222,40,0.993117,0.327778,0.124855,0.501451
616,-0.175497,3.46008,0.899285,1,3.99222,40,0.993117,0.327778,0.124855,0.501451
187,-0.26255,3.46063,0.800726,1,3.99222,40,0.993117,0.327778,0.124855,0.501451
16,-0.0753991,3.45917,0.966953,1,3.99222,40,0.993117,0.327778,0.124855,0.501451
616,-0.175497,3.46008,0.899285,1,3.99222,40,0.993117,0.327778,0.124855,0.501451
16,-0.0753991,3.45917,0.966953,1,3.99222,40,0.993117,0.327778,0.124855,0.501451
615,0.0283955,3.45811,0.991519,1,3.99222,40,0.993117,0.327778,0.124855,0.501451
615,0.0283955,3.45811,0.991519,1,3.99222,40,0.993117,0.327778,0.124855,0.501451
186,0.125139,3.45873,0.991302,1,3.99222,40,0.993117,0.327778,0.124855,0.501451
186,0.125139,3.45873,0.991302,1,3.99222,40,0.993117,0.327778,0.124855,0.501451
1044,0.221881,3.45832,0.991455,1,3.99222,40,0.993117,0.327778,0.124855,0.501451
1044,0.221881,3.45832,0.991455,1,3.99222,40,0.993117,0.327778,0.124855,0.501451
38,0.325494,3.45939,0.966718,1,3.99222,40,0.993117,0.327778,0.124855,0.501451
38,0.325494,3.45939,0.966718,1,3.99222,40,0.993117,0.327778,0.124855,0.501451
664,0.425441,3.46031,0.89915,1,3.99222,40,0.993117,0.327778,0.124855,0.501451
664,0.425441,3.46031,0.89915,1,3.99222,40,0.993117,0.327778,0.124855,0.501451
235,0.513013,3.46058,0.801052,1,3.99222,40,0.993117,0.327778,0.124855,0.501451
235,0.513013,3.46058,0.801052,1,3.99222,40,0.993117,0.327778,0.124855,0.501451
1093,0.574228,3.46045,0.672071,1,3.99222,40,0.993117,0.327778,0.124855,0.501451
1093,0.574228,3.46045,0.672071,1,3.99222,40,0.993117,0.327778,0.124855,0.501451
60,0.599121,3.46016,0.52646,1,3.99222,40,0.993117,0.327778,0.124855,0.501451
1045,-0.249695,3.45834,0.653011,0,4.49222,40,1.01252,0.327778,0.124845,0.520851
59,-0.269196,3.45934,0.50907,0,4.49222,40,1.01252,0.327778,0.124845,0.520851
187,-0.209761,3.45792,0.785603,0,4.49222,40,1.01252,0.327778,0.124845,0.520851
1045,-0.249695,3.45834,0.653011,0,4.49222,40,1.01252,0.327778,0.124845,0.520851
616,-0.146829,3.45781,0.897696,0,4.49222,40,1.01252,0.327778,0.124845,0.520851
187,-0.209761,3.45792,0.785603,0,4.49222,40,1.01252,0.327778,0.124845,0.520851
16,-0.0677334,3.45805,0.98653,0,4.49222,40,1.01252,0.327778,0.124845,0.520851
616,-0.146829,3.45781,0.897696,0,4.49222,40,1.01252,0.327778,0.124845,0.520851
16,-0.0677334,3.45805,0.98653,0,4.49222,40,1.01252,0.327778,0.124845,0.520851
615,0.0259709,3.45828,1.03749,0,4.49222,40,1.01252,0.327778,0.124845,0.520851
615,0.0259709,3.45828,1.03749,0,4.49222,40,1.01252,0.327778,0.124845,0.520851
186,0.124956,3.45858,1.05396,0,4.49222,40,1.01252,0.327778,0.124845,0.520851
186,0.124956,3.45858,1.05396,0,4.49222,40,1.01252,0.327778,0.124845,0.520851
1044,0.223935,3.45825,1.03747,0,4.49222,40,1.01252,0.327778,0.124845,0.520851
1044,0.223935,3.45825,1.03747,0,4.49222,40,1.01252,0.327778,0.124845,0.520851
38,0.317675,3.45817,0.986491,0,4.49222,40,1.01252,0.327778,0.124845,0.520851
38,0.317675,3.45817,0.986491,0,4.49222,40,1.01252,0.327778,0.124845,0.520851
664,0.396786,3.45798,0.897695,0,4.49222,40,1.01252,0.327778,0.124845,0.520851
664,0.396786,3.45798,0.897695,0,4.49222,40,1.01252,0.327778,0.124845,0.520851
235,0.459672,3.45804,0.785568,0,4.49222,40,1.01252,0.327778,0.124845,0.520851
235,0.459672,3.45804,0.785568,0,4.49222,40,1.01252,0.327778,0.124845,0.520851
1093,0.499774,3.45837,0.653,0,4.49222,40,1.01252,0.327778,0.124845,0.520851
1093,0.499774,3.45837,0.653,0,4.49222,40,1.01252,0.327778,0.124845,0.520851
60,0.519395,3.45933,0.509116,0,4.49222,40,1.01252,0.327778,0.124845,0.520851
1045,-0.340392,3.48692,0.680936,1,4.49222,40,1.01252,0.327778,0.124845,0.520851
59,-0.36809,3.48728,0.532491,1,4.49222,40,1.01252,0.327778,0.124845,0.520851
187,-0.276917,3.4863,0.811121,1,4.49222,40,1.01252,0.327778,0.124845,0.520851
1045,-0.340392,3.48692,0.680936,1,4.49222,40,1.01252,0.327778,0.124845,0.520851
616,-0.187667,3.48576,0.910852,1,4.49222,40,1.01252,0.327778,0.124845,0.520851
187,-0.276917,3.4863,0.811121,1,4.49222,40,1.01252,0.327778,0.124845,0.520851
16,-0.0846259,3.48514,0.97868,1,4.49222,40,1.01252,0.327778,0.124845,0.520851
616,-0.187667,3.48576,0.910852,1,4.49222,40,1.01252,0.327778,0.124845,0.520851
16,-0.0846259,3.48514,0.97868,1,4.49222,40,1.01252,0.327778,0.124845,0.520851
615,0.0231061,3.48473,1.00165,1,4.49222,40,1.01252,0.327778,0.124845,0.520851
615,0.0231061,3.48473,1.00165,1,4.49222,40,1.01252,0.327778,0.124845,0.520851
186,0.125049,3.48455,0.993644,1,4.49222,40,1.01252,0.327778,0.124845,0.520851
186,0.125049,3.48455,0.993644,1,4.49222,40,1.01252,0.327778,0.124845,0.520851
1044,0.226968,3.48469,1.00169,1,4.49222,40,1.01252,0.327778,0.124845,0.520851
1044,0.226968,3.48469,1.00169,1,4.49222,40,1.01252,0.327778,0.124845,0.520851
38,0.334668,3.48521,0.978676,1,4.49222,40,1.01252,0.327778,0.124845,0.520851
38,0.334668,3.48521,0.978676,1,4.49222,40,1.01252,0.327778,0.124845,0.520851
664,0.437687,3.48584,0.910917,1,4.49222,40,1.01252,0.327778,0.124845,0.520851
664,0.437687,3.48584,0.910917,1,4.49222,40,1.01252,0.327778,0.124845,0.520851
235,0.527046,3.4864,0.811166,1,4.49222,40,1.01252,0.327778,0.124845,0.520851
235,0.527046,3.4864,0.811166,1,4.49222,40,1.01252,0.327778,0.124845,0.520851
1093,0.590538,3.487,0.681075,1,4.49222,40,1.01252,0.327778,0.124845,0.520851
1093,0.590538,3.487,0.681075,1,4.49222,40,1.01252,0.327778,0.124845,0.520851
60,0.618357,3.48747,0.53269,1,4.49222,40,1.01252,0.327778,0.124845,0.520851
1045,-0.252955,3.48824,0.663695,0,4.99222,40,1.02428,0.327778,0.124844,0.532614
59,-0.273345,3.48918,0.517503,0,4.99222,40,1.02428,0.327778,0.124844,0.532614
187,-0.212267,3.48779,0.797545,0,4.99222,40,1.02428,0.327778,0.124844,0.532614
1045,-0.252955,3.48824,0.663695,0,4.99222,40,1.02428,0.327778,0.124844,0.532614
616,-0.148177,3.48753,0.910252,0,4.99222,40,1.02428,0.327778,0.124844,0.532614
187,-0.212267,3.48779,0.797545,0,4.99222,40,1.02428,0.327778,0.124844,0.532614
16,-0.0678019,3.48764,0.998824,0,4.99222,40,1.02428,0.327778,0.124844,0.532614
616,-0.148177,3.48753,0.910252,0,4.99222,40,1.02428,0.327778,0.124844,0.532614
16,-0.0678019,3.48764,0.998824,0,4.99222,40,1.02428,0.327778,0.124844,0.532614
615,0.0263395,3.48781,1.0492,0,4.99222,40,1.02428,0.327778,0.124844,0.532614
615,0.0263395,3.48781,1.0492,0,4.99222,40,1.02428,0.327778,0.124844,0.532614
186,0.125144,3.48831,1.06546,0,4.99222,40,1.02428,0.327778,0.124844,0.532614
186,0.125144,3.48831,1.06546,0,4.99222,40,1.02428,0.327778,0.124844,0.532614
1044,0.223939,3.48782,1.04928,0,4.99222,40,1.02428,0.327778,0.124844,0.532614
1044,0.223939,3.48782,1.04928,0,4.99222,40,1.02428,0.327778,0.124844,0.532614
38,0.318036,3.48753,0.998953,0,4.99222,40,1.02428,0.327778,0.124844,0.532614
38,0.318036,3.48753,0.998953,0,4.99222,40,1.02428,0.327778,0.124844,0.532614
664,0.398328,3.48753,0.910347,0,4.99222,40,1.02428,0.327778,0.124844,0.532614
664,0.398328,3.48753,0.910347,0,4.99222,40,1.02428,0.327778,0.124844,0.532614
235,0.462295,3.48776,0.797555,0,4.99222,40,1.02428,0.327778,0.124844,0.532614
235,0.462295,3.48776,0.797555,0,4.99222,40,1.02428,0.327778,0.124844,0.532614
1093,0.502848,3.48817,0.663842,0,4.99222,40,1.02428,0.327778,0.124844,0.532614
1093,0.502848,3.48817,0.663842,0,4.99222,40,1.02428,0.327778,0.124844,0.532614
60,0.523274,3.4892,0.517777,0,4.99222,40,1.02428,0.327778,0.124844,0.532614
1045,-0.351116,3.52735,0.690144,1,4.99222,40,1.02428,0.327778,0.124844,0.532614
59,-0.378721,3.5278,0.53847,1,4.99222,40,1.02428,0.327778,0.124844,0.532614
187,-0.285877,3.52667,0.821886,1,4.99222,40,1.02428,0.327778,0.124844,0.532614
1045,-0.351116,3.52735,0.690144,1,4.99222,40,1.02428,0.327778,0.124844,0.532614
616,-0.194191,3.52594,0.922067,1,4.99222,40,1.02428,0.327778,0.124844,0.532614
187,-0.285877,3.52667,0.821886,1,4.99222,40,1.02428,0.327778,0.124844,0.532614
16,-0.0887499,3.52516,0.989266,1,4.99222,40,1.02428,0.327778,0.124844,0.532614
616,-0.194191,3.52594,0.922067,1,4.99222,40,1.02428,0.327778,0.124844,0.532614
16,-0.0887499,3.52516,0.989266,1,4.99222,40,1.02428,0.327778,0.124844,0.532614
615,0.0209963,3.52466,1.01097,1,4.99222,40,1.02428,0.327778,0.124844,0.532614
615,0.0209963,3.52466,1.01097,1,4.99222,40,1.02428,0.327778,0.124844,0.532614
186,0.124933,3.52441,1.00129,1,4.99222,40,1.02428,0.327778,0.124844,0.532614
186,0.124933,3.52441,1.00129,1,4.99222,40,1.02428,0.327778,0.124844,0.532614
1044,0.228979,3.52472,1.01111,1,4.99222,40,1.02428,0.327778,0.124844,0.532614
1044,0.228979,3.52472,1.01111,1,4.99222,40,1.02428,0.327778,0.124844,0.532614
38,0.338717,3.52526,0.989162,1,4.99222,40,1.02428,0.327778,0.124844,0.532614
38,0.338717,3.52526,0.989162,1,4.99222,40,1.02428,0.327778,0.124844,0.532614
664,0.444022,3.52602,0.921807,1,4.99222,40,1.02428,0.327778,0.124844,0.532614
664,0.444022,3.52602,0.921807,1,4.99222,40,1.02428,0.327778,0.124844,0.532614
235,0.535669,3.5268,0.821631,1,4.99222,40,1.02428,0.327778,0.124844,0.532614
235,0.535669,3.5268,0.821631,1,4.99222,40,1.02428,0.327778,0.124844,0.532614
1093,0.600903,3.52746,0.689913,1,4.99222,40,1.02428,0.327778,0.124844,0.532614
1093,0.600903,3.52746,0.689913,1,4.99222,40,1.02428,0.327778,0.124844,0.532614
60,0.628767,3.52794,0.538343,1,4.99222,40,1.02428,0.327778,0.124844,0.532614
1045,-0.255384,3.52796,0.67397,0,5.49222,40,1.03755,0.327778,0.124878,0.545883
59,-0.276443,3.52887,0.525995,0,5.49222,40,1.03755,0.327778,0.124878,0.545883
187,-0.214684,3.52709,0.808728,0,5.49222,40,1.03755,0.327778,0.124878,0.545883
1045,-0.255384,3.52796,0.67397,0,5.49222,40,1.03755,0.327778,0.124878,0.545883
616,-0.150056,3.52629,0.922258,0,5.49222,40,1.03755,0.327778,0.124878,0.545883
187,-0.214684,3.52709,0.808728,0,5.49222,40,1.03755,0.327778,0.124878,0.545883
16,-0.0687358,3.52566,1.01102,0,5.49222,40,1.03755,0.327778,0.124878,0.545883
616,-0.150056,3.52629,0.922258,0,5.49222,40,1.03755,0.327778,0.124878,0.545883
16,-0.0687358,3.52566,1.01102,0,5.49222,40,1.03755,0.327778,0.124878,0.545883
615,0.0260175,3.52562,1.06128,0,5.49222,40,1.03755,0.327778,0.124878,0.545883
615,0.0260175,3.52562,1.06128,0,5.49222,40,1.03755,0.327778,0.124878,0.545883
186,0.125088,3.526,1.07782,0,5.49222,40,1.03755,0.327778,0.124878,0.545883
186,0.125088,3.526,1.07782,0,5.49222,40,1.03755,0.327778,0.124878,0.545883
1044,0.224247,3.5257,1.06135,0,5.49222,40,1.03755,0.327778,0.124878,0.545883
1044,0.224247,3.5257,1.06135,0,5.49222,40,1.03755,0.327778,0.124878,0.545883
38,0.318843,3.52565,1.01077,0,5.49222,40,1.03755,0.327778,0.124878,0.545883
38,0.318843,3.52565,1.01077,0,5.49222,40,1.03755,0.327778,0.124878,0.545883
664,0.400292,3.52633,0.922166,0,5.49222,40,1.03755,0.327778,0.124878,0.545883
664,0.400292,3.52633,0.922166,0,5.49222,40,1.03755,0.327778,0.124878,0.545883
235,0.464758,3.52712,0.808577,0,5.49222,40,1.03755,0.327778,0.124878,0.545883
235,0.464758,3.52712,0.808577,0,5.49222,40,1.03755,0.327778,0.124878,0.545883
1093,0.505432,3.52788,0.673896,0,5.49222,40,1.03755,0.327778,0.124878,0.545883
1093,0.505432,3.52788,0.673896,0,5.49222,40,1.03755,0.327778,0.124878,0.545883
60,0.526351,3.52882,0.525803,0,5.49222,40,1.03755,0.327778,0.124878,0.545883
1045,-0.362464,3.56195,0.700621,1,5.49222,40,1.03755,0.327778,0.124878,0.545883
59,-0.391645,3.5628,0.546251,1,5.49222,40,1.03755,0.327778,0.124878,0.545883
187,-0.294843,3.5612,0.833529,1,5.49222,40,1.03755,0.327778,0.124878,0.545883
1045,-0.362464,3.56195,0.700621,1,5.49222,40,1.03755,0.327778,0.124878,0.545883
616,-0.200858,3.56045,0.934124,1,5.49222,40,1.03755,0.327778,0.124878,0.545883
187,-0.294843,3.5612,0.833529,1,5.49222,40,1.03755,0.327778,0.124878,0.545883
16,-0.0930782,3.55989,1.0009,1,5.49222,40,1.03755,0.327778,0.124878,0.545883
616,-0.200858,3.56045,0.934124,1,5.49222,40,1.03755,0.327778,0.124878,0.545883
16,-0.0930782,3.55989,1.0009,1,5.49222,40,1.03755,0.327778,0.124878,0.545883
615,0.01881,3.55947,1.02145,1,5.49222,40,1.03755,0.327778,0.124878,0.545883
615,0.01881,3.55947,1.02145,1,5.49222,40,1.03755,0.327778,0.124878,0.545883
186,0.125079,3.55936,1.0103,1,5.49222,40,1.03755,0.327778,0.124878,0.545883
186,0.125079,3.55936,1.0103,1,5.49222,40,1.03755,0.327778,0.124878,0.545883
1044,0.231326,3.55952,1.02148,1,5.49222,40,1.03755,0.327778,0.124878,0.545883
1044,0.231326,3.55952,1.02148,1,5.49222,40,1.03755,0.327778,0.124878,0.545883
38,0.343214,3.55987,1.00084,1,5.49222,40,1.03755,0.327778,0.124878,0.545883
38,0.343214,3.55987,1.00084,1,5.49222,40,1.03755,0.327778,0.124878,0.545883
664,0.450924,3.56046,0.934036,1,5.49222,40,1.03755,0.327778,0.124878,0.545883
664,0.450924,3.56046,0.934036,1,5.49222,40,1.03755,0.327778,0.124878,0.545883
235,0.544946,3.56117,0.833494,1,5.49222,40,1.03755,0.327778,0.124878,0.545883
235,0.544946,3.56117,0.833494,1,5.49222,40,1.03755,0.327778,0.124878,0.545883
1093,0.61258,3.56199,0.700572,1,5.49222,40,1.03755,0.327778,0.124878,0.545883
1093,0.61258,3.56199,0.700572,1,5.49222,40,1.03755,0.327778,0.124878,0.545883
60,0.641728,3.56267,0.546251,1,5.49222,40,1.03755,0.327778,0.124878,0.545883
1045,-0.258426,3.56392,0.682717,0,5.99222,40,1.0491,0.327778,0.124871,0.557436
59,-0.279907,3.56496,0.532685,0,5.99222,40,1.0491,0.327778,0.124871,0.557436
187,-0.217638,3.56319,0.818536,0,5.99222,40,1.0491,0.327778,0.124871,0.557436
1045,-0.258426,3.56392,0.682717,0,5.99222,40,1.0491,0.327778,0.124871,0.557436
616,-0.152282,3.56257,0.932705,0,5.99222,40,1.0491,0.327778,0.124871,0.557436
187,-0.217638,3.56319,0.818536,0,5.99222,40,1.0491,0.327778,0.124871,0.557436
16,-0.0699227,3.56245,1.02157,0,5.99222,40,1.0491,0.327778,0.124871,0.557436
616,-0.152282,3.56257,0.932705,0,5.99222,40,1.0491,0.327778,0.124871,0.557436
16,-0.0699227,3.56245,1.02157,0,5.99222,40,1.0491,0.327778,0.124871,0.557436
615,0.0256915,3.56244,1.0718,0,5.99222,40,1.0491,0.327778,0.124871,0.557436
615,0.0256915,3.56244,1.0718,0,5.99222,40,1.0491,0.327778,0.124871,0.557436
186,0.125061,3.56249,1.08843,0,5.99222,40,1.0491,0.327778,0.124871,0.557436
186,0.125061,3.56249,1.08843,0,5.99222,40,1.0491,0.327778,0.124871,0.557436
1044,0.22437,3.56223,1.07173,0,5.99222,40,1.0491,0.327778,0.124871,0.557436
1044,0.22437,3.56223,1.07173,0,5.99222,40,1.0491,0.327778,0.124871,0.557436
38,0.319859,3.56242,1.02142,0,5.99222,40,1.0491,0.327778,0.124871,0.557436
38,0.319859,3.56242,1.02142,0,5.99222,40,1.0491,0.327778,0.124871,0.557436
664,0.402351,3.56263,0.93254,0,5.99222,40,1.0491,0.327778,0.124871,0.557436
664,0.402351,3.56263,0.93254,0,5.99222,40,1.0491,0.327778,0.124871,0.557436
235,0.467739,3.56319,0.818367,0,5.99222,40,1.0491,0.327778,0.124871,0.557436
235,0.467739,3.56319,0.818367,0,5.99222,40,1.0491,0.327778,0.124871,0.557436
1093,0.50861,3.56395,0.682618,0,5.99222,40,1.0491,0.327778,0.124871,0.557436
1093,0.50861,3.56395,0.682618,0,5.99222,40,1.0491,0.327778,0.124871,0.557436
60,0.530078,3.56496,0.532651,0,5.99222,40,1.0491,0.327778,0.124871,0.557436
1045,-0.37371,3.59487,0.709561,1,5.99222,40,1.0491,0.327778,0.124871,0.557436
59,-0.403466,3.59554,0.552279,1,5.99222,40,1.0491,0.327778,0.124871,0.557436
187,-0.304216,3.59418,0.843922,1,5.99222,40,1.0491,0.327778,0.124871,0.557436
1045,-0.37371,3.59487,0.709561,1,5.99222,40,1.0491,0.327778,0.124871,0.557436
616,-0.207727,3.59358,0.944866,1,5.99222,40,1.0491,0.327778,0.124871,0.557436
187,-0.304216,3.59418,0.843922,1,5.99222,40,1.0491,0.327778,0.124871,0.557436
16,-0.0974051,3.59305,1.01094,1,5.99222,40,1.0491,0.327778,0.124871,0.557436
616,-0.207727,3.59358,0.944866,1,5.99222,40,1.0491,0.327778,0.124871,0.557436
16,-0.0974051,3.59305,1.01094,1,5.99222,40,1.0491,0.327778,0.124871,0.557436
615,0.0164987,3.59275,1.03006,1,5.99222,40,1.0491,0.327778,0.124871,0.557436
615,0.0164987,3.59275,1.03006,1,5.99222,40,1.0491,0.327778,0.124871,0.557436
186,0.12507,3.59267,1.01811,1,5.99222,40,1.0491,0.327778,0.124871,0.557436
186,0.12507,3.59267,1.01811,1,5.99222,40,1.0491,0.327778,0.124871,0.557436
1044,0.23365,3.59279,1.0302,1,5.99222,40,1.0491,0.327778,0.124871,0.557436
1044,0.23365,3.59279,1.0302,1,5.99222,40,1.0491,0.327778,0.124871,0.557436
38,0.347544,3.59309,1.01095,1,5.99222,40,1.0491,0.327778,0.124871,0.557436
38,0.347544,3.59309,1.01095,1,5.99222,40,1.0491,0.327778,0.124871,0.557436
664,0.457783,3.59356,0.944781,1,5.99222,40,1.0491,0.327778,0.124871,0.557436
664,0.457783,3.59356,0.944781,1,5.99222,40,1.0491,0.327778,0.124871,0.557436
235,0.554127,3.59413,0.843743,1,5.99222,40,1.0491,0.327778,0.124871,0.557436
235,0.554127,3.59413,0.843743,1,5.99222,40,1.0491,0.327778,0.124871,0.557436
1093,0.623587,3.59484,0.709393,1,5.99222,40,1.0491,0.327778,0.124871,0.557436
1093,0.623587,3.59484,0.709393,1,5.99222,40,1.0491,0.327778,0.124871,0.557436
60,0.653434,3.59555,0.552268,1,5.99222,40,1.0491,0.327778,0.124871,0.557436
1045,-0.26214,3.59644,0.69145,0,6.49222,40,1.06024,0.327778,0.124912,0.568573
59,-0.285128,3.5973,0.539662,0,6.49222,40,1.06024,0.327778,0.124912,0.568573
187,-0.220357,3.59565,0.828061,0,6.49222,40,1.06024,0.327778,0.124912,0.568573
1045,-0.26214,3.59644,0.69145,0,6.49222,40,1.06024,0.327778,0.124912,0.568573
616,-0.153815,3.59509,0.94256,0,6.49222,40,1.06024,0.327778,0.124912,0.568573
187,-0.220357,3.59565,0.828061,0,6.49222,40,1.06024,0.327778,0.124912,0.568573
16,-0.0704232,3.5947,1.03116,0,6.49222,40,1.06024,0.327778,0.124912,0.568573
616,-0.153815,3.59509,0.94256,0,6.49222,40,1.06024,0.327778,0.124912,0.568573
16,-0.0704232,3.5947,1.03116,0,6.49222,40,1.06024,0.327778,0.124912,0.568573
615,0.0257543,3.59477,1.08133,0,6.49222,40,1.06024,0.327778,0.124912,0.568573
615,0.0257543,3.59477,1.08133,0,6.49222,40,1.06024,0.327778,0.124912,0.568573
186,0.125173,3.59504,1.09793,0,6.49222,40,1.06024,0.327778,0.124912,0.568573
186,0.125173,3.59504,1.09793,0,6.49222,40,1.06024,0.327778,0.124912,0.568573
1044,0.224538,3.59484,1.08115,0,6.49222,40,1.06024,0.327778,0.124912,0.568573
1044,0.224538,3.59484,1.08115,0,6.49222,40,1.06024,0.327778,0.124912,0.568573
38,0.320602,3.59469,1.03098,0,6.49222,40,1.06024,0.327778,0.124912,0.568573
38,0.320602,3.59469,1.03098,0,6.49222,40,1.06024,0.327778,0.124912,0.568573
664,0.403986,3.59507,0.942362,0,6.49222,40,1.06024,0.327778,0.124912,0.568573
664,0.403986,3.59507,0.942362,0,6.49222,40,1.06024,0.327778,0.124912,0.568573
235,0.470547,3.59574,0.82795,0,6.49222,40,1.06024,0.327778,0.124912,0.568573
235,0.470547,3.59574,0.82795,0,6.49222,40,1.06024,0.327778,0.124912,0.568573
1093,0.512275,3.5964,0.691307,0,6.49222,40,1.06024,0.327778,0.124912,0.568573
1093,0.512275,3.5964,0.691307,0,6.49222,40,1.06024,0.327778,0.124912,0.568573
60,0.535148,3.59721,0.539503,0,6.49222,40,1.06024,0.327778,0.124912,0.568573
1045,-0.383655,3.6223,0.719331,1,6.49222,40,1.06024,0.327778,0.124912,0.568573
59,-0.413671,3.62298,0.559209,1,6.49222,40,1.06024,0.327778,0.124912,0.568573
187,-0.31263,3.62166,0.855394,1,6.49222,40,1.06024,0.327778,0.124912,0.568573
1045,-0.383655,3.6223,0.719331,1,6.49222,40,1.06024,0.327778,0.124912,0.568573
616,-0.214139,3.62112,0.95712,1,6.49222,40,1.06024,0.327778,0.124912,0.568573
187,-0.31263,3.62166,0.855394,1,6.49222,40,1.06024,0.327778,0.124912,0.568573
16,-0.10156,3.62068,1.02292,1,6.49222,40,1.06024,0.327778,0.124912,0.568573
616,-0.214139,3.62112,0.95712,1,6.49222,40,1.06024,0.327778,0.124912,0.568573
16,-0.10156,3.62068,1.02292,1,6.49222,40,1.06024,0.327778,0.124912,0.568573
615,0.0142453,3.6204,1.04114,1,6.49222,40,1.06024,0.327778,0.124912,0.568573
615,0.0142453,3.6204,1.04114,1,6.49222,40,1.06024,0.327778,0.124912,0.568573
186,0.125221,3.6203,1.02872,1,6.49222,40,1.06024,0.327778,0.124912,0.568573
186,0.125221,3.6203,1.02872,1,6.49222,40,1.06024,0.327778,0.124912,0.568573
1044,0.236161,3.6204,1.04124,1,6.49222,40,1.06024,0.327778,0.124912,0.568573
1044,0.236161,3.6204,1.04124,1,6.49222,40,1.06024,0.327778,0.124912,0.568573
38,0.351948,3.62068,1.0229,1,6.49222,40,1.06024,0.327778,0.124912,0.568573
38,0.351948,3.62068,1.0229,1,6.49222,40,1.06024,0.327778,0.124912,0.568573
664,0.464469,3.62111,0.957019,1,6.49222,40,1.06024,0.327778,0.124912,0.568573
664,0.464469,3.62111,0.957019,1,6.49222,40,1.06024,0.327778,0.124912,0.568573
235,0.562864,3.62167,0.855187,1,6.49222,40,1.06024,0.327778,0.124912,0.568573
235,0.562864,3.62167,0.855187,1,6.49222,40,1.06024,0.327778,0.124912,0.568573
1093,0.633736,3.62233,0.719036,1,6.49222,40,1.06024,0.327778,0.124912,0.568573
1093,0.633736,3.62233,0.719036,1,6.49222,40,1.06024,0.327778,0.124912,0.568573
60,0.663725,3.62302,0.559066,1,6.49222,40,1.06024,0.327778,0.124912,0.568573
1045,-0.265365,3.62696,0.69967,0,6.99222,40,1.07233,0.327778,0.124886,0.580668
59,-0.289363,3.62809,0.545992,0,6.99222,40,1.07233,0.327778,0.124886,0.580668
187,-0.222721,3.62625,0.837149,0,6.99222,40,1.07233,0.327778,0.124886,0.580668
1045,-0.265365,3.62696,0.69967,0,6.99222,40,1.07233,0.327778,0.124886,0.580668
616,-0.155302,3.62573,0.952183,0,6.99222,40,1.07233,0.327778,0.124886,0.580668
187,-0.222721,3.62625,0.837149,0,6.99222,40,1.07233,0.327778,0.124886,0.580668
16,-0.0710625,3.62559,1.04117,0,6.99222,40,1.07233,0.327778,0.124886,0.580668
616,-0.155302,3.62573,0.952183,0,6.99222,40,1.07233,0.327778,0.124886,0.580668
16,-0.0710625,3.62559,1.04117,0,6.99222,40,1.07233,0.327778,0.124886,0.580668
615,0.025609,3.62568,1.09164,0,6.99222,40,1.07233,0.327778,0.124886,0.580668
615,0.025609,3.62568,1.09164,0,6.99222,40,1.07233,0.327778,0.124886,0.580668
186,0.125128,3.62593,1.10852,0,6.99222,40,1.07233,0.327778,0.124886,0.580668
186,0.125128,3.62593,1.10852,0,6.99222,40,1.07233,0.327778,0.124886,0.580668
1044,0.224626,3.62569,1.09164,0,6.99222,40,1.07233,0.327778,0.124886,0.580668
1044,0.224626,3.62569,1.09164,0,6.99222,40,1.07233,0.327778,0.124886,0.580668
38,0.321233,3.62562,1.0411,0,6.99222,40,1.07233,0.327778,0.124886,0.580668
38,0.321233,3.62562,1.0411,0,6.99222,40,1.07233,0.327778,0.124886,0.580668
664,0.405381,3.62576,0.952053,0,6.99222,40,1.07233,0.327778,0.124886,0.580668
664,0.405381,3.62576,0.952053,0,6.99222,40,1.07233,0.327778,0.124886,0.580668
235,0.472802,3.62626,0.837026,0,6.99222,40,1.07233,0.327778,0.124886,0.580668
235,0.472802,3.62626,0.837026,0,6.99222,40,1.07233,0.327778,0.124886,0.580668
1093,0.515495,3.62692,0.699611,0,6.99222,40,1.07233,0.327778,0.124886,0.580668
1093,0.515495,3.62692,0.699611,0,6.99222,40,1.07233,0.327778,0.124886,0.580668
60,0.53947,3.62808,0.545913,0,6.99222,40,1.07233,0.327778,0.124886,0.580668
1045,-0.391759,3.65822,0.725174,1,6.99222,40,1.07233,0.327778,0.124886,0.580668
59,-0.422648,3.65893,0.562943,1,6.99222,40,1.07233,0.327778,0.124886,0.580668
187,-0.319259,3.65794,0.862345,1,6.99222,40,1.07233,0.327778,0.124886,0.580668
1045,-0.391759,3.65822,0.725174,1,6.99222,40,1.07233,0.327778,0.124886,0.580668
616,-0.219139,3.65791,0.964586,1,6.99222,40,1.07233,0.327778,0.124886,0.580668
187,-0.319259,3.65794,0.862345,1,6.99222,40,1.07233,0.327778,0.124886,0.580668
16,-0.104807,3.65762,1.03023,1,6.99222,40,1.07233,0.327778,0.124886,0.580668
616,-0.219139,3.65791,0.964586,1,6.99222,40,1.07233,0.327778,0.124886,0.580668
16,-0.104807,3.65762,1.03023,1,6.99222,40,1.07233,0.327778,0.124886,0.580668
615,0.0123363,3.65777,1.04807,1,6.99222,40,1.07233,0.327778,0.124886,0.580668
615,0.0123363,3.65777,1.04807,1,6.99222,40,1.07233,0.327778,0.124886,0.580668
186,0.125333,3.658,1.03589,1,6.99222,40,1.07233,0.327778,0.124886,0.580668
186,0.125333,3.658,1.03589,1,6.99222,40,1.07233,0.327778,0.124886,0.580668
1044,0.238401,3.65783,1.04829,1,6.99222,40,1.07233,0.327778,0.124886,0.580668
1044,0.238401,3.65783,1.04829,1,6.99222,40,1.07233,0.327778,0.124886,0.580668
38,0.355585,3.65776,1.0303,1,6.99222,40,1.07233,0.327778,0.124886,0.580668
38,0.355585,3.65776,1.0303,1,6.99222,40,1.07233,0.327778,0.124886,0.580668
664,0.469724,3.65796,0.964407,1,6.99222,40,1.07233,0.327778,0.124886,0.580668
664,0.469724,3.65796,0.964407,1,6.99222,40,1.07233,0.327778,0.124886,0.580668
235,0.569636,3.65801,0.86203,1,6.99222,40,1.07233,0.327778,0.124886,0.580668
235,0.569636,3.65801,0.86203,1,6.99222,40,1.07233,0.327778,0.124886,0.580668
1093,0.641975,3.65815,0.724918,1,6.99222,40,1.07233,0.327778,0.124886,0.580668
1093,0.641975,3.65815,0.724918,1,6.99222,40,1.07233,0.327778,0.124886,0.580668
60,0.673145,3.65866,0.562782,1,6.99222,40,1.07233,0.327778,0.124886,0.580668
1045,-0.267206,3.66003,0.706735,0,7.49222,40,1.08135,0.327778,0.124842,0.589686
59,-0.293076,3.6607,0.551618,0,7.49222,40,1.08135,0.327778,0.124842,0.589686
187,-0.224014,3.65948,0.845123,0,7.49222,40,1.08135,0.327778,0.124842,0.589686
1045,-0.267206,3.66003,0.706735,0,7.49222,40,1.08135,0.327778,0.124842,0.589686
616,-0.156453,3.65925,0.961045,0,7.49222,40,1.08135,0.327778,0.124842,0.589686
187,-0.224014,3.65948,0.845123,0,7.49222,40,1.08135,0.327778,0.124842,0.589686
16,-0.0720176,3.65916,1.05065,0,7.49222,40,1.08135,0.327778,0.124842,0.589686
616,-0.156453,3.65925,0.961045,0,7.49222,40,1.08135,0.327778,0.124842,0.589686
16,-0.0720176,3.65916,1.05065,0,7.49222,40,1.08135,0.327778,0.124842,0.589686
615,0.0250707,3.65951,1.1017,0,7.49222,40,1.08135,0.327778,0.124842,0.589686
615,0.0250707,3.65951,1.1017,0,7.49222,40,1.08135,0.327778,0.124842,0.589686
186,0.125014,3.65982,1.11887,0,7.49222,40,1.08135,0.327778,0.124842,0.589686
186,0.125014,3.65982,1.11887,0,7.49222,40,1.08135,0.327778,0.124842,0.589686
1044,0.224967,3.65957,1.10165,0,7.49222,40,1.08135,0.327778,0.124842,0.589686
1044,0.224967,3.65957,1.10165,0,7.49222,40,1.08135,0.327778,0.124842,0.589686
38,0.322058,3.65921,1.05057,0,7.49222,40,1.08135,0.327778,0.124842,0.589686
38,0.322058,3.65921,1.05057,0,7.49222,40,1.08135,0.327778,0.124842,0.589686
664,0.406466,3.65921,0.960827,0,7.49222,40,1.08135,0.327778,0.124842,0.589686
664,0.406466,3.65921,0.960827,0,7.49222,40,1.08135,0.327778,0.124842,0.589686
235,0.474156,3.6595,0.844889,0,7.49222,40,1.08135,0.327778,0.124842,0.589686
235,0.474156,3.6595,0.844889,0,7.49222,40,1.08135,0.327778,0.124842,0.589686
1093,0.517237,3.66007,0.706509,0,7.49222,40,1.08135,0.327778,0.124842,0.589686
1093,0.517237,3.66007,0.706509,0,7.49222,40,1.08135,0.327778,0.124842,0.589686
60,0.543052,3.66072,0.551454,0,7.49222,40,1.08135,0.327778,0.124842,0.589686
1045,-0.401389,3.68485,0.733843,1,7.49222,40,1.08135,0.327778,0.124842,0.589686
59,-0.433004,3.68494,0.568931,1,7.49222,40,1.08135,0.327778,0.124842,0.589686
187,-0.327423,3.68497,0.872436,1,7.49222,40,1.08135,0.327778,0.124842,0.589686
1045,-0.401389,3.68485,0.733843,1,7.49222,40,1.08135,0.327778,0.124842,0.589686
616,-0.225393,3.68508,0.975367,1,7.49222,40,1.08135,0.327778,0.124842,0.589686
187,-0.327423,3.68497,0.872436,1,7.49222,40,1.08135,0.327778,0.124842,0.589686
16,-0.109029,3.68505,1.0409,1,7.49222,40,1.08135,0.327778,0.124842,0.589686
616,-0.225393,3.68508,0.975367,1,7.49222,40,1.08135,0.327778,0.124842,0.589686
16,-0.109029,3.68505,1.0409,1,7.49222,40,1.08135,0.327778,0.124842,0.589686
615,0.0098637,3.68513,1.05811,1,7.49222,40,1.08135,0.327778,0.124842,0.589686
615,0.0098637,3.68513,1.05811,1,7.49222,40,1.08135,0.327778,0.124842,0.589686
186,0.125144,3.68534,1.04585,1,7.49222,40,1.08135,0.327778,0.124842,0.589686
186,0.125144,3.68534,1.04585,1,7.49222,40,1.08135,0.327778,0.124842,0.589686
1044,0.240478,3.68519,1.05835,1,7.49222,40,1.08135,0.327778,0.124842,0.589686
1044,0.240478,3.68519,1.05835,1,7.49222,40,1.08135,0.327778,0.124842,0.589686
38,0.359401,3.68507,1.04108,1,7.49222,40,1.08135,0.327778,0.124842,0.589686
38,0.359401,3.68507,1.04108,1,7.49222,40,1.08135,0.327778,0.124842,0.589686
664,0.475626,3.685,0.975589,1,7.49222,40,1.08135,0.327778,0.124842,0.589686
664,0.475626,3.685,0.975589,1,7.49222,40,1.08135,0.327778,0.124842,0.589686
235,0.577663,3.68497,0.872527,1,7.49222,40,1.08135,0.327778,0.124842,0.589686
235,0.577663,3.68497,0.872527,1,7.49222,40,1.08135,0.327778,0.124842,0.589686
1093,0.651568,3.68487,0.733909,1,7.49222,40,1.08135,0.327778,0.124842,0.589686
1093,0.651568,3.68487,0.733909,1,7.49222,40,1.08135,0.327778,0.124842,0.589686
60,0.683196,3.68506,0.569134,1,7.49222,40,1.08135,0.327778,0.124842,0.589686
