p,v,maxx,maxy,maxz,maxb,v_add,bulkheadyoungs,cortexyoungs,junctionyoungs,ftot,ratot,datot,actot,tavg
0.351284,3.49222,0.909424,4.95662,1.10423,0.780874,1.77,46.4,1,2.5,1.45174,15.8042,17.0183,145.965,0.0853048
0.794653,3.99222,0.965366,5.06495,1.21026,0.786311,1.77,46.4,1,2.5,3.34044,15.8042,18.4579,145.965,0.180976
1.21119,4.49222,0.997681,5.24727,1.27508,0.790849,1.77,46.4,1,2.5,5.33848,15.8042,19.8816,145.965,0.268514
1.57198,4.99222,1.02174,5.44733,1.33496,0.796106,1.77,46.4,1,2.5,7.31932,15.8042,21.2754,145.965,0.344027
1.93233,5.49222,1.04934,5.6468,1.38267,0.802615,1.77,46.4,1,2.5,9.35862,15.8042,22.6406,145.965,0.413355
2.25872,5.99222,1.07545,5.83986,1.42982,0.810028,1.77,46.4,1,2.5,11.3842,15.8042,23.979,145.965,0.474757
2.60132,6.49222,1.10074,5.9997,1.47804,0.818502,1.77,46.4,1,2.5,13.4231,15.8042,25.2844,145.965,0.530886
2.87465,6.99222,1.11869,6.18366,1.51648,0.824654,1.77,46.4,1,2.5,15.3873,15.8042,26.548,145.965,0.579602
3.15523,7.49222,1.13916,6.35415,1.55529,0.832373,1.77,46.4,1,2.5,17.3627,15.8042,27.7966,145.965,0.624636
