id,x,y,z,ablated,v,bulkheadyoungs,nickdepth,nickw,nickc,bbmin
1045,-0.344378,3.4313,0.646492,0,3.49222,0.01,0.919226,0.263194,0.124833,0.524434
59,-0.368159,3.43157,0.498774,0,3.49222,0.01,0.919226,0.263194,0.124833,0.524434
187,-0.280884,3.43056,0.777841,0,3.49222,0.01,0.919226,0.263194,0.124833,0.524434
1045,-0.344378,3.4313,0.646492,0,3.49222,0.01,0.919226,0.263194,0.124833,0.524434
616,-0.190171,3.42961,0.879124,0,3.49222,0.01,0.919226,0.263194,0.124833,0.524434
187,-0.280884,3.43056,0.777841,0,3.49222,0.01,0.919226,0.263194,0.124833,0.524434
16,-0.0845865,3.42868,0.947438,0,3.49222,0.01,0.919226,0.263194,0.124833,0.524434
616,-0.190171,3.42961,0.879124,0,3.49222,0.01,0.919226,0.263194,0.124833,0.524434
16,-0.0845865,3.42868,0.947438,0,3.49222,0.01,0.919226,0.263194,0.124833,0.524434
615,0.022355,3.42805,0.983738,0,3.49222,0.01,0.919226,0.263194,0.124833,0.524434
615,0.022355,3.42805,0.983738,0,3.49222,0.01,0.919226,0.263194,0.124833,0.524434
186,0.12505,3.42784,0.994712,0,3.49222,0.01,0.919226,0.263194,0.124833,0.524434
186,0.12505,3.42784,0.994712,0,3.49222,0.01,0.919226,0.263194,0.124833,0.524434
1044,0.227743,3.42805,0.983717,0,3.49222,0.01,0.919226,0.263194,0.124833,0.524434
1044,0.227743,3.42805,0.983717,0,3.49222,0.01,0.919226,0.263194,0.124833,0.524434
38,0.334694,3.42868,0.947447,0,3.49222,0.01,0.919226,0.263194,0.124833,0.524434
38,0.334694,3.42868,0.947447,0,3.49222,0.01,0.919226,0.263194,0.124833,0.524434
664,0.440282,3.4296,0.879144,0,3.49222,0.01,0.919226,0.263194,0.124833,0.524434
664,0.440282,3.4296,0.879144,0,3.49222,0.01,0.919226,0.263194,0.124833,0.524434
235,0.53096,3.43055,0.777838,0,3.49222,0.01,0.919226,0.263194,0.124833,0.524434
235,0.53096,3.43055,0.777838,0,3.49222,0.01,0.919226,0.263194,0.124833,0.524434
1093,0.594434,3.43128,0.646495,0,3.49222,0.01,0.919226,0.263194,0.124833,0.524434
1093,0.594434,3.43128,0.646495,0,3.49222,0.01,0.919226,0.263194,0.124833,0.524434
60,0.618183,3.43155,0.498786,0,3.49222,0.01,0.919226,0.263194,0.124833,0.524434
1045,-0.346103,3.43124,0.648511,1,3.49222,0.01,0.919226,0.263194,0.124833,0.524434
59,-0.369316,3.43159,0.500539,1,3.49222,0.01,0.919226,0.263194,0.124833,0.524434
187,-0.28214,3.43043,0.779837,1,3.49222,0.01,0.919226,0.263194,0.124833,0.524434
1045,-0.346103,3.43124,0.648511,1,3.49222,0.01,0.919226,0.263194,0.124833,0.524434
616,-0.190741,3.42941,0.880705,1,3.49222,0.01,0.919226,0.263194,0.124833,0.524434
187,-0.28214,3.43043,0.779837,1,3.49222,0.01,0.919226,0.263194,0.124833,0.524434
16,-0.0847055,3.42844,0.948467,1,3.49222,0.01,0.919226,0.263194,0.124833,0.524434
616,-0.190741,3.42941,0.880705,1,3.49222,0.01,0.919226,0.263194,0.124833,0.524434
16,-0.0847055,3.42844,0.948467,1,3.49222,0.01,0.919226,0.263194,0.124833,0.524434
615,0.0223324,3.42776,0.984583,1,3.49222,0.01,0.919226,0.263194,0.124833,0.524434
615,0.0223324,3.42776,0.984583,1,3.49222,0.01,0.919226,0.263194,0.124833,0.524434
186,0.125031,3.42757,0.995628,1,3.49222,0.01,0.919226,0.263194,0.124833,0.524434
186,0.125031,3.42757,0.995628,1,3.49222,0.01,0.919226,0.263194,0.124833,0.524434
1044,0.227727,3.42776,0.984569,1,3.49222,0.01,0.919226,0.263194,0.124833,0.524434
1044,0.227727,3.42776,0.984569,1,3.49222,0.01,0.919226,0.263194,0.124833,0.524434
38,0.334754,3.42843,0.948421,1,3.49222,0.01,0.919226,0.263194,0.124833,0.524434
38,0.334754,3.42843,0.948421,1,3.49222,0.01,0.919226,0.263194,0.124833,0.524434
664,0.440775,3.4294,0.880646,1,3.49222,0.01,0.919226,0.263194,0.124833,0.524434
664,0.440775,3.4294,0.880646,1,3.49222,0.01,0.919226,0.263194,0.124833,0.524434
235,0.53217,3.43041,0.779788,1,3.49222,0.01,0.919226,0.263194,0.124833,0.524434
235,0.53217,3.43041,0.779788,1,3.49222,0.01,0.919226,0.263194,0.124833,0.524434
1093,0.596147,3.43123,0.648483,1,3.49222,0.01,0.919226,0.263194,0.124833,0.524434
1093,0.596147,3.43123,0.648483,1,3.49222,0.01,0.919226,0.263194,0.124833,0.524434
60,0.619367,3.43157,0.500525,1,3.49222,0.01,0.919226,0.263194,0.124833,0.524434
1045,-0.376244,3.44611,0.654808,0,3.99222,0.01,0.946457,0.263194,0.124832,0.551665
59,-0.401305,3.44628,0.496719,0,3.99222,0.01,0.946457,0.263194,0.124832,0.551665
187,-0.307556,3.44553,0.794927,0,3.99222,0.01,0.946457,0.263194,0.124832,0.551665
1045,-0.376244,3.44611,0.654808,0,3.99222,0.01,0.946457,0.263194,0.124832,0.551665
616,-0.209579,3.44475,0.902335,0,3.99222,0.01,0.946457,0.263194,0.124832,0.551665
187,-0.307556,3.44553,0.794927,0,3.99222,0.01,0.946457,0.263194,0.124832,0.551665
16,-0.0959388,3.44399,0.973992,0,3.99222,0.01,0.946457,0.263194,0.124832,0.551665
616,-0.209579,3.44475,0.902335,0,3.99222,0.01,0.946457,0.263194,0.124832,0.551665
16,-0.0959388,3.44399,0.973992,0,3.99222,0.01,0.946457,0.263194,0.124832,0.551665
615,0.0187913,3.44343,1.01217,0,3.99222,0.01,0.946457,0.263194,0.124832,0.551665
615,0.0187913,3.44343,1.01217,0,3.99222,0.01,0.946457,0.263194,0.124832,0.551665
186,0.125039,3.44325,1.02322,0,3.99222,0.01,0.946457,0.263194,0.124832,0.551665
186,0.125039,3.44325,1.02322,0,3.99222,0.01,0.946457,0.263194,0.124832,0.551665
1044,0.231284,3.44343,1.01217,0,3.99222,0.01,0.946457,0.263194,0.124832,0.551665
1044,0.231284,3.44343,1.01217,0,3.99222,0.01,0.946457,0.263194,0.124832,0.551665
38,0.346013,3.44399,0.973974,0,3.99222,0.01,0.946457,0.263194,0.124832,0.551665
38,0.346013,3.44399,0.973974,0,3.99222,0.01,0.946457,0.263194,0.124832,0.551665
664,0.459656,3.44475,0.902327,0,3.99222,0.01,0.946457,0.263194,0.124832,0.551665
664,0.459656,3.44475,0.902327,0,3.99222,0.01,0.946457,0.263194,0.124832,0.551665
235,0.557629,3.44553,0.794922,0,3.99222,0.01,0.946457,0.263194,0.124832,0.551665
235,0.557629,3.44553,0.794922,0,3.99222,0.01,0.946457,0.263194,0.124832,0.551665
1093,0.626299,3.4461,0.654807,0,3.99222,0.01,0.946457,0.263194,0.124832,0.551665
1093,0.626299,3.4461,0.654807,0,3.99222,0.01,0.946457,0.263194,0.124832,0.551665
60,0.651351,3.44628,0.496733,0,3.99222,0.01,0.946457,0.263194,0.124832,0.551665
1045,-0.377411,3.4457,0.654803,1,3.99222,0.01,0.946457,0.263194,0.124832,0.551665
59,-0.402075,3.44585,0.496497,1,3.99222,0.01,0.946457,0.263194,0.124832,0.551665
187,-0.308598,3.44514,0.79509,1,3.99222,0.01,0.946457,0.263194,0.124832,0.551665
1045,-0.377411,3.4457,0.654803,1,3.99222,0.01,0.946457,0.263194,0.124832,0.551665
616,-0.210208,3.44437,0.902395,1,3.99222,0.01,0.946457,0.263194,0.124832,0.551665
187,-0.308598,3.44514,0.79509,1,3.99222,0.01,0.946457,0.263194,0.124832,0.551665
16,-0.0962068,3.44359,0.973788,1,3.99222,0.01,0.946457,0.263194,0.124832,0.551665
616,-0.210208,3.44437,0.902395,1,3.99222,0.01,0.946457,0.263194,0.124832,0.551665
16,-0.0962068,3.44359,0.973788,1,3.99222,0.01,0.946457,0.263194,0.124832,0.551665
615,0.0187522,3.44302,1.01169,1,3.99222,0.01,0.946457,0.263194,0.124832,0.551665
615,0.0187522,3.44302,1.01169,1,3.99222,0.01,0.946457,0.263194,0.124832,0.551665
186,0.125075,3.44285,1.02261,1,3.99222,0.01,0.946457,0.263194,0.124832,0.551665
186,0.125075,3.44285,1.02261,1,3.99222,0.01,0.946457,0.263194,0.124832,0.551665
1044,0.231398,3.44302,1.01168,1,3.99222,0.01,0.946457,0.263194,0.124832,0.551665
1044,0.231398,3.44302,1.01168,1,3.99222,0.01,0.946457,0.263194,0.124832,0.551665
38,0.346355,3.44358,0.973762,1,3.99222,0.01,0.946457,0.263194,0.124832,0.551665
38,0.346355,3.44358,0.973762,1,3.99222,0.01,0.946457,0.263194,0.124832,0.551665
664,0.460354,3.44436,0.902371,1,3.99222,0.01,0.946457,0.263194,0.124832,0.551665
664,0.460354,3.44436,0.902371,1,3.99222,0.01,0.946457,0.263194,0.124832,0.551665
235,0.558737,3.44513,0.795066,1,3.99222,0.01,0.946457,0.263194,0.124832,0.551665
235,0.558737,3.44513,0.795066,1,3.99222,0.01,0.946457,0.263194,0.124832,0.551665
1093,0.627536,3.44569,0.654785,1,3.99222,0.01,0.946457,0.263194,0.124832,0.551665
1093,0.627536,3.44569,0.654785,1,3.99222,0.01,0.946457,0.263194,0.124832,0.551665
60,0.652191,3.44584,0.496491,1,3.99222,0.01,0.946457,0.263194,0.124832,0.551665
1045,-0.403064,3.46588,0.659728,0,4.49222,0.01,0.976766,0.263194,0.124823,0.581974
59,-0.429415,3.4659,0.49268,0,4.49222,0.01,0.976766,0.263194,0.124823,0.581974
187,-0.330402,3.46549,0.807729,0,4.49222,0.01,0.976766,0.263194,0.124823,0.581974
1045,-0.403064,3.46588,0.659728,0,4.49222,0.01,0.976766,0.263194,0.124823,0.581974
616,-0.226547,3.46487,0.92091,0,4.49222,0.01,0.976766,0.263194,0.124823,0.581974
187,-0.330402,3.46549,0.807729,0,4.49222,0.01,0.976766,0.263194,0.124823,0.581974
16,-0.106127,3.46421,0.995986,0,4.49222,0.01,0.976766,0.263194,0.124823,0.581974
616,-0.226547,3.46487,0.92091,0,4.49222,0.01,0.976766,0.263194,0.124823,0.581974
16,-0.106127,3.46421,0.995986,0,4.49222,0.01,0.976766,0.263194,0.124823,0.581974
615,0.0154842,3.46371,1.03578,0,4.49222,0.01,0.976766,0.263194,0.124823,0.581974
615,0.0154842,3.46371,1.03578,0,4.49222,0.01,0.976766,0.263194,0.124823,0.581974
186,0.125039,3.46355,1.04687,0,4.49222,0.01,0.976766,0.263194,0.124823,0.581974
186,0.125039,3.46355,1.04687,0,4.49222,0.01,0.976766,0.263194,0.124823,0.581974
1044,0.234597,3.46371,1.03577,0,4.49222,0.01,0.976766,0.263194,0.124823,0.581974
1044,0.234597,3.46371,1.03577,0,4.49222,0.01,0.976766,0.263194,0.124823,0.581974
38,0.356209,3.46421,0.995969,0,4.49222,0.01,0.976766,0.263194,0.124823,0.581974
38,0.356209,3.46421,0.995969,0,4.49222,0.01,0.976766,0.263194,0.124823,0.581974
664,0.476631,3.46487,0.920898,0,4.49222,0.01,0.976766,0.263194,0.124823,0.581974
664,0.476631,3.46487,0.920898,0,4.49222,0.01,0.976766,0.263194,0.124823,0.581974
235,0.580481,3.46548,0.807721,0,4.49222,0.01,0.976766,0.263194,0.124823,0.581974
235,0.580481,3.46548,0.807721,0,4.49222,0.01,0.976766,0.263194,0.124823,0.581974
1093,0.653138,3.46587,0.659729,0,4.49222,0.01,0.976766,0.263194,0.124823,0.581974
1093,0.653138,3.46587,0.659729,0,4.49222,0.01,0.976766,0.263194,0.124823,0.581974
60,0.679489,3.46589,0.492694,0,4.49222,0.01,0.976766,0.263194,0.124823,0.581974
1045,-0.404358,3.46468,0.660029,1,4.49222,0.01,0.976766,0.263194,0.124823,0.581974
59,-0.430348,3.46468,0.492786,1,4.49222,0.01,0.976766,0.263194,0.124823,0.581974
187,-0.331458,3.46428,0.808133,1,4.49222,0.01,0.976766,0.263194,0.124823,0.581974
1045,-0.404358,3.46468,0.660029,1,4.49222,0.01,0.976766,0.263194,0.124823,0.581974
616,-0.227191,3.46365,0.921196,1,4.49222,0.01,0.976766,0.263194,0.124823,0.581974
187,-0.331458,3.46428,0.808133,1,4.49222,0.01,0.976766,0.263194,0.124823,0.581974
16,-0.106447,3.46298,0.996065,1,4.49222,0.01,0.976766,0.263194,0.124823,0.581974
616,-0.227191,3.46365,0.921196,1,4.49222,0.01,0.976766,0.263194,0.124823,0.581974
16,-0.106447,3.46298,0.996065,1,4.49222,0.01,0.976766,0.263194,0.124823,0.581974
615,0.0153847,3.46247,1.03565,1,4.49222,0.01,0.976766,0.263194,0.124823,0.581974
615,0.0153847,3.46247,1.03565,1,4.49222,0.01,0.976766,0.263194,0.124823,0.581974
186,0.125023,3.46231,1.04664,1,4.49222,0.01,0.976766,0.263194,0.124823,0.581974
186,0.125023,3.46231,1.04664,1,4.49222,0.01,0.976766,0.263194,0.124823,0.581974
1044,0.234663,3.46247,1.03565,1,4.49222,0.01,0.976766,0.263194,0.124823,0.581974
1044,0.234663,3.46247,1.03565,1,4.49222,0.01,0.976766,0.263194,0.124823,0.581974
38,0.356496,3.46298,0.996062,1,4.49222,0.01,0.976766,0.263194,0.124823,0.581974
38,0.356496,3.46298,0.996062,1,4.49222,0.01,0.976766,0.263194,0.124823,0.581974
664,0.477237,3.46365,0.921192,1,4.49222,0.01,0.976766,0.263194,0.124823,0.581974
664,0.477237,3.46365,0.921192,1,4.49222,0.01,0.976766,0.263194,0.124823,0.581974
235,0.581499,3.46428,0.808132,1,4.49222,0.01,0.976766,0.263194,0.124823,0.581974
235,0.581499,3.46428,0.808132,1,4.49222,0.01,0.976766,0.263194,0.124823,0.581974
1093,0.65439,3.46468,0.660037,1,4.49222,0.01,0.976766,0.263194,0.124823,0.581974
1093,0.65439,3.46468,0.660037,1,4.49222,0.01,0.976766,0.263194,0.124823,0.581974
60,0.680382,3.46468,0.492808,1,4.49222,0.01,0.976766,0.263194,0.124823,0.581974
1045,-0.427205,3.48735,0.664256,0,4.99222,0.01,1.00226,0.263194,0.124816,0.607464
59,-0.454721,3.48724,0.489231,0,4.99222,0.01,1.00226,0.263194,0.124816,0.607464
187,-0.350873,3.4871,0.819222,0,4.99222,0.01,1.00226,0.263194,0.124816,0.607464
1045,-0.427205,3.48735,0.664256,0,4.99222,0.01,1.00226,0.263194,0.124816,0.607464
616,-0.241734,3.48659,0.937508,0,4.99222,0.01,1.00226,0.263194,0.124816,0.607464
187,-0.350873,3.4871,0.819222,0,4.99222,0.01,1.00226,0.263194,0.124816,0.607464
16,-0.115314,3.48601,1.01573,0,4.99222,0.01,1.00226,0.263194,0.124816,0.607464
616,-0.241734,3.48659,0.937508,0,4.99222,0.01,1.00226,0.263194,0.124816,0.607464
16,-0.115314,3.48601,1.01573,0,4.99222,0.01,1.00226,0.263194,0.124816,0.607464
615,0.0124208,3.48555,1.05702,0,4.99222,0.01,1.00226,0.263194,0.124816,0.607464
615,0.0124208,3.48555,1.05702,0,4.99222,0.01,1.00226,0.263194,0.124816,0.607464
186,0.125042,3.4854,1.06819,0,4.99222,0.01,1.00226,0.263194,0.124816,0.607464
186,0.125042,3.4854,1.06819,0,4.99222,0.01,1.00226,0.263194,0.124816,0.607464
1044,0.237667,3.48555,1.05701,0,4.99222,0.01,1.00226,0.263194,0.124816,0.607464
1044,0.237667,3.48555,1.05701,0,4.99222,0.01,1.00226,0.263194,0.124816,0.607464
38,0.365406,3.486,1.01572,0,4.99222,0.01,1.00226,0.263194,0.124816,0.607464
38,0.365406,3.486,1.01572,0,4.99222,0.01,1.00226,0.263194,0.124816,0.607464
664,0.491818,3.48659,0.937496,0,4.99222,0.01,1.00226,0.263194,0.124816,0.607464
664,0.491818,3.48659,0.937496,0,4.99222,0.01,1.00226,0.263194,0.124816,0.607464
235,0.600943,3.48709,0.819208,0,4.99222,0.01,1.00226,0.263194,0.124816,0.607464
235,0.600943,3.48709,0.819208,0,4.99222,0.01,1.00226,0.263194,0.124816,0.607464
1093,0.677267,3.48734,0.664255,0,4.99222,0.01,1.00226,0.263194,0.124816,0.607464
1093,0.677267,3.48734,0.664255,0,4.99222,0.01,1.00226,0.263194,0.124816,0.607464
60,0.704788,3.48723,0.489247,0,4.99222,0.01,1.00226,0.263194,0.124816,0.607464
1045,-0.428373,3.48602,0.664721,1,4.99222,0.01,1.00226,0.263194,0.124816,0.607464
59,-0.455588,3.4859,0.489519,1,4.99222,0.01,1.00226,0.263194,0.124816,0.607464
187,-0.351829,3.48574,0.819789,1,4.99222,0.01,1.00226,0.263194,0.124816,0.607464
1045,-0.428373,3.48602,0.664721,1,4.99222,0.01,1.00226,0.263194,0.124816,0.607464
616,-0.242351,3.48521,0.938012,1,4.99222,0.01,1.00226,0.263194,0.124816,0.607464
187,-0.351829,3.48574,0.819789,1,4.99222,0.01,1.00226,0.263194,0.124816,0.607464
16,-0.115631,3.4846,1.01605,1,4.99222,0.01,1.00226,0.263194,0.124816,0.607464
616,-0.242351,3.48521,0.938012,1,4.99222,0.01,1.00226,0.263194,0.124816,0.607464
16,-0.115631,3.4846,1.01605,1,4.99222,0.01,1.00226,0.263194,0.124816,0.607464
615,0.0123115,3.48412,1.05715,1,4.99222,0.01,1.00226,0.263194,0.124816,0.607464
615,0.0123115,3.48412,1.05715,1,4.99222,0.01,1.00226,0.263194,0.124816,0.607464
186,0.125021,3.48397,1.06825,1,4.99222,0.01,1.00226,0.263194,0.124816,0.607464
186,0.125021,3.48397,1.06825,1,4.99222,0.01,1.00226,0.263194,0.124816,0.607464
1044,0.237732,3.48413,1.05715,1,4.99222,0.01,1.00226,0.263194,0.124816,0.607464
1044,0.237732,3.48413,1.05715,1,4.99222,0.01,1.00226,0.263194,0.124816,0.607464
38,0.365677,3.4846,1.01604,1,4.99222,0.01,1.00226,0.263194,0.124816,0.607464
38,0.365677,3.4846,1.01604,1,4.99222,0.01,1.00226,0.263194,0.124816,0.607464
664,0.492393,3.48521,0.938007,1,4.99222,0.01,1.00226,0.263194,0.124816,0.607464
664,0.492393,3.48521,0.938007,1,4.99222,0.01,1.00226,0.263194,0.124816,0.607464
235,0.601865,3.48573,0.819789,1,4.99222,0.01,1.00226,0.263194,0.124816,0.607464
235,0.601865,3.48573,0.819789,1,4.99222,0.01,1.00226,0.263194,0.124816,0.607464
1093,0.678402,3.48602,0.664731,1,4.99222,0.01,1.00226,0.263194,0.124816,0.607464
1093,0.678402,3.48602,0.664731,1,4.99222,0.01,1.00226,0.263194,0.124816,0.607464
60,0.705622,3.4859,0.489544,1,4.99222,0.01,1.00226,0.263194,0.124816,0.607464
1045,-0.44908,3.50953,0.66859,0,5.49222,0.01,1.02283,0.263194,0.12481,0.628033
59,-0.477689,3.50931,0.486339,0,5.49222,0.01,1.02283,0.263194,0.12481,0.628033
187,-0.369466,3.50937,0.829895,0,5.49222,0.01,1.02283,0.263194,0.12481,0.628033
1045,-0.44908,3.50953,0.66859,0,5.49222,0.01,1.02283,0.263194,0.12481,0.628033
616,-0.255589,3.50895,0.952876,0,5.49222,0.01,1.02283,0.263194,0.12481,0.628033
187,-0.369466,3.50937,0.829895,0,5.49222,0.01,1.02283,0.263194,0.12481,0.628033
16,-0.123749,3.5084,1.03399,0,5.49222,0.01,1.02283,0.263194,0.12481,0.628033
616,-0.255589,3.50895,0.952876,0,5.49222,0.01,1.02283,0.263194,0.12481,0.628033
16,-0.123749,3.5084,1.03399,0,5.49222,0.01,1.02283,0.263194,0.12481,0.628033
615,0.00954501,3.50797,1.07663,0,5.49222,0.01,1.02283,0.263194,0.12481,0.628033
615,0.00954501,3.50797,1.07663,0,5.49222,0.01,1.02283,0.263194,0.12481,0.628033
186,0.125045,3.50783,1.08794,0,5.49222,0.01,1.02283,0.263194,0.12481,0.628033
186,0.125045,3.50783,1.08794,0,5.49222,0.01,1.02283,0.263194,0.12481,0.628033
1044,0.240549,3.50797,1.07663,0,5.49222,0.01,1.02283,0.263194,0.12481,0.628033
1044,0.240549,3.50797,1.07663,0,5.49222,0.01,1.02283,0.263194,0.12481,0.628033
38,0.373848,3.5084,1.03398,0,5.49222,0.01,1.02283,0.263194,0.12481,0.628033
38,0.373848,3.5084,1.03398,0,5.49222,0.01,1.02283,0.263194,0.12481,0.628033
664,0.505683,3.50894,0.952868,0,5.49222,0.01,1.02283,0.263194,0.12481,0.628033
664,0.505683,3.50894,0.952868,0,5.49222,0.01,1.02283,0.263194,0.12481,0.628033
235,0.619546,3.50936,0.829885,0,5.49222,0.01,1.02283,0.263194,0.12481,0.628033
235,0.619546,3.50936,0.829885,0,5.49222,0.01,1.02283,0.263194,0.12481,0.628033
1093,0.699155,3.50953,0.668594,0,5.49222,0.01,1.02283,0.263194,0.12481,0.628033
1093,0.699155,3.50953,0.668594,0,5.49222,0.01,1.02283,0.263194,0.12481,0.628033
60,0.727771,3.5093,0.486359,0,5.49222,0.01,1.02283,0.263194,0.12481,0.628033
1045,-0.450165,3.50819,0.669021,1,5.49222,0.01,1.02283,0.263194,0.12481,0.628033
59,-0.478516,3.50798,0.486596,1,5.49222,0.01,1.02283,0.263194,0.12481,0.628033
187,-0.370321,3.508,0.830416,1,5.49222,0.01,1.02283,0.263194,0.12481,0.628033
1045,-0.450165,3.50819,0.669021,1,5.49222,0.01,1.02283,0.263194,0.12481,0.628033
616,-0.256131,3.50755,0.953344,1,5.49222,0.01,1.02283,0.263194,0.12481,0.628033
187,-0.370321,3.508,0.830416,1,5.49222,0.01,1.02283,0.263194,0.12481,0.628033
16,-0.124006,3.50698,1.0343,1,5.49222,0.01,1.02283,0.263194,0.12481,0.628033
616,-0.256131,3.50755,0.953344,1,5.49222,0.01,1.02283,0.263194,0.12481,0.628033
16,-0.124006,3.50698,1.0343,1,5.49222,0.01,1.02283,0.263194,0.12481,0.628033
615,0.00947399,3.50653,1.07681,1,5.49222,0.01,1.02283,0.263194,0.12481,0.628033
615,0.00947399,3.50653,1.07681,1,5.49222,0.01,1.02283,0.263194,0.12481,0.628033
186,0.125064,3.50638,1.08803,1,5.49222,0.01,1.02283,0.263194,0.12481,0.628033
186,0.125064,3.50638,1.08803,1,5.49222,0.01,1.02283,0.263194,0.12481,0.628033
1044,0.240658,3.50653,1.0768,1,5.49222,0.01,1.02283,0.263194,0.12481,0.628033
1044,0.240658,3.50653,1.0768,1,5.49222,0.01,1.02283,0.263194,0.12481,0.628033
38,0.374141,3.50698,1.03429,1,5.49222,0.01,1.02283,0.263194,0.12481,0.628033
38,0.374141,3.50698,1.03429,1,5.49222,0.01,1.02283,0.263194,0.12481,0.628033
664,0.506262,3.50754,0.953331,1,5.49222,0.01,1.02283,0.263194,0.12481,0.628033
664,0.506262,3.50754,0.953331,1,5.49222,0.01,1.02283,0.263194,0.12481,0.628033
235,0.620442,3.50799,0.830406,1,5.49222,0.01,1.02283,0.263194,0.12481,0.628033
235,0.620442,3.50799,0.830406,1,5.49222,0.01,1.02283,0.263194,0.12481,0.628033
1093,0.700277,3.50818,0.669019,1,5.49222,0.01,1.02283,0.263194,0.12481,0.628033
1093,0.700277,3.50818,0.669019,1,5.49222,0.01,1.02283,0.263194,0.12481,0.628033
60,0.728628,3.50797,0.48661,1,5.49222,0.01,1.02283,0.263194,0.12481,0.628033
1045,-0.469278,3.53178,0.672688,0,5.99222,0.01,1.04071,0.263194,0.124807,0.645919
59,-0.498929,3.53147,0.483774,0,5.99222,0.01,1.04071,0.263194,0.124807,0.645919
187,-0.386619,3.53169,0.839825,0,5.99222,0.01,1.04071,0.263194,0.124807,0.645919
1045,-0.469278,3.53178,0.672688,0,5.99222,0.01,1.04071,0.263194,0.124807,0.645919
616,-0.26839,3.53131,0.967124,0,5.99222,0.01,1.04071,0.263194,0.124807,0.645919
187,-0.386619,3.53169,0.839825,0,5.99222,0.01,1.04071,0.263194,0.124807,0.645919
16,-0.131564,3.5308,1.05092,0,5.99222,0.01,1.04071,0.263194,0.124807,0.645919
616,-0.26839,3.53131,0.967124,0,5.99222,0.01,1.04071,0.263194,0.124807,0.645919
16,-0.131564,3.5308,1.05092,0,5.99222,0.01,1.04071,0.263194,0.124807,0.645919
615,0.00682194,3.53038,1.09483,0,5.99222,0.01,1.04071,0.263194,0.124807,0.645919
615,0.00682194,3.53038,1.09483,0,5.99222,0.01,1.04071,0.263194,0.124807,0.645919
186,0.125043,3.53024,1.10625,0,5.99222,0.01,1.04071,0.263194,0.124807,0.645919
186,0.125043,3.53024,1.10625,0,5.99222,0.01,1.04071,0.263194,0.124807,0.645919
1044,0.243269,3.53039,1.09482,0,5.99222,0.01,1.04071,0.263194,0.124807,0.645919
1044,0.243269,3.53039,1.09482,0,5.99222,0.01,1.04071,0.263194,0.124807,0.645919
38,0.381661,3.5308,1.05091,0,5.99222,0.01,1.04071,0.263194,0.124807,0.645919
38,0.381661,3.5308,1.05091,0,5.99222,0.01,1.04071,0.263194,0.124807,0.645919
664,0.518487,3.53131,0.967118,0,5.99222,0.01,1.04071,0.263194,0.124807,0.645919
664,0.518487,3.53131,0.967118,0,5.99222,0.01,1.04071,0.263194,0.124807,0.645919
235,0.636708,3.53169,0.839819,0,5.99222,0.01,1.04071,0.263194,0.124807,0.645919
235,0.636708,3.53169,0.839819,0,5.99222,0.01,1.04071,0.263194,0.124807,0.645919
1093,0.71936,3.53178,0.672692,0,5.99222,0.01,1.04071,0.263194,0.124807,0.645919
1093,0.71936,3.53178,0.672692,0,5.99222,0.01,1.04071,0.263194,0.124807,0.645919
60,0.749018,3.53146,0.483796,0,5.99222,0.01,1.04071,0.263194,0.124807,0.645919
1045,-0.470362,3.53038,0.673082,1,5.99222,0.01,1.04071,0.263194,0.124807,0.645919
59,-0.49976,3.53009,0.484,1,5.99222,0.01,1.04071,0.263194,0.124807,0.645919
187,-0.38748,3.53027,0.840315,1,5.99222,0.01,1.04071,0.263194,0.124807,0.645919
1045,-0.470362,3.53038,0.673082,1,5.99222,0.01,1.04071,0.263194,0.124807,0.645919
616,-0.268952,3.52987,0.96759,1,5.99222,0.01,1.04071,0.263194,0.124807,0.645919
187,-0.38748,3.53027,0.840315,1,5.99222,0.01,1.04071,0.263194,0.124807,0.645919
16,-0.131854,3.52934,1.05126,1,5.99222,0.01,1.04071,0.263194,0.124807,0.645919
616,-0.268952,3.52987,0.96759,1,5.99222,0.01,1.04071,0.263194,0.124807,0.645919
16,-0.131854,3.52934,1.05126,1,5.99222,0.01,1.04071,0.263194,0.124807,0.645919
615,0.00672292,3.5289,1.09507,1,5.99222,0.01,1.04071,0.263194,0.124807,0.645919
615,0.00672292,3.5289,1.09507,1,5.99222,0.01,1.04071,0.263194,0.124807,0.645919
186,0.125042,3.52875,1.10643,1,5.99222,0.01,1.04071,0.263194,0.124807,0.645919
186,0.125042,3.52875,1.10643,1,5.99222,0.01,1.04071,0.263194,0.124807,0.645919
1044,0.243364,3.5289,1.09506,1,5.99222,0.01,1.04071,0.263194,0.124807,0.645919
1044,0.243364,3.5289,1.09506,1,5.99222,0.01,1.04071,0.263194,0.124807,0.645919
38,0.381944,3.52934,1.05126,1,5.99222,0.01,1.04071,0.263194,0.124807,0.645919
38,0.381944,3.52934,1.05126,1,5.99222,0.01,1.04071,0.263194,0.124807,0.645919
664,0.519037,3.52986,0.967578,1,5.99222,0.01,1.04071,0.263194,0.124807,0.645919
664,0.519037,3.52986,0.967578,1,5.99222,0.01,1.04071,0.263194,0.124807,0.645919
235,0.637556,3.53026,0.840307,1,5.99222,0.01,1.04071,0.263194,0.124807,0.645919
235,0.637556,3.53026,0.840307,1,5.99222,0.01,1.04071,0.263194,0.124807,0.645919
1093,0.720432,3.53037,0.673086,1,5.99222,0.01,1.04071,0.263194,0.124807,0.645919
1093,0.720432,3.53037,0.673086,1,5.99222,0.01,1.04071,0.263194,0.124807,0.645919
60,0.749834,3.53008,0.484021,1,5.99222,0.01,1.04071,0.263194,0.124807,0.645919
1045,-0.488076,3.55368,0.676555,0,6.49222,0.01,1.05608,0.263194,0.124802,0.661293
59,-0.518682,3.55329,0.481443,0,6.49222,0.01,1.05608,0.263194,0.124802,0.661293
187,-0.402601,3.55366,0.849124,0,6.49222,0.01,1.05608,0.263194,0.124802,0.661293
1045,-0.488076,3.55368,0.676555,0,6.49222,0.01,1.05608,0.263194,0.124802,0.661293
616,-0.280354,3.55333,0.980494,0,6.49222,0.01,1.05608,0.263194,0.124802,0.661293
187,-0.402601,3.55366,0.849124,0,6.49222,0.01,1.05608,0.263194,0.124802,0.661293
16,-0.138886,3.55284,1.06681,0,6.49222,0.01,1.05608,0.263194,0.124802,0.661293
616,-0.280354,3.55333,0.980494,0,6.49222,0.01,1.05608,0.263194,0.124802,0.661293
16,-0.138886,3.55284,1.06681,0,6.49222,0.01,1.05608,0.263194,0.124802,0.661293
615,0.00423056,3.55243,1.11197,0,6.49222,0.01,1.05608,0.263194,0.124802,0.661293
615,0.00423056,3.55243,1.11197,0,6.49222,0.01,1.05608,0.263194,0.124802,0.661293
186,0.125049,3.55228,1.12353,0,6.49222,0.01,1.05608,0.263194,0.124802,0.661293
186,0.125049,3.55228,1.12353,0,6.49222,0.01,1.05608,0.263194,0.124802,0.661293
1044,0.245872,3.55243,1.11196,0,6.49222,0.01,1.05608,0.263194,0.124802,0.661293
1044,0.245872,3.55243,1.11196,0,6.49222,0.01,1.05608,0.263194,0.124802,0.661293
38,0.388993,3.55284,1.0668,0,6.49222,0.01,1.05608,0.263194,0.124802,0.661293
38,0.388993,3.55284,1.0668,0,6.49222,0.01,1.05608,0.263194,0.124802,0.661293
664,0.530459,3.55333,0.980485,0,6.49222,0.01,1.05608,0.263194,0.124802,0.661293
664,0.530459,3.55333,0.980485,0,6.49222,0.01,1.05608,0.263194,0.124802,0.661293
235,0.652697,3.55366,0.849121,0,6.49222,0.01,1.05608,0.263194,0.124802,0.661293
235,0.652697,3.55366,0.849121,0,6.49222,0.01,1.05608,0.263194,0.124802,0.661293
1093,0.738164,3.55367,0.676561,0,6.49222,0.01,1.05608,0.263194,0.124802,0.661293
1093,0.738164,3.55367,0.676561,0,6.49222,0.01,1.05608,0.263194,0.124802,0.661293
60,0.76878,3.55328,0.481465,0,6.49222,0.01,1.05608,0.263194,0.124802,0.661293
1045,-0.489169,3.55229,0.676924,1,6.49222,0.01,1.05608,0.263194,0.124802,0.661293
59,-0.519558,3.55193,0.481643,1,6.49222,0.01,1.05608,0.263194,0.124802,0.661293
187,-0.403454,3.55224,0.84959,1,6.49222,0.01,1.05608,0.263194,0.124802,0.661293
1045,-0.489169,3.55229,0.676924,1,6.49222,0.01,1.05608,0.263194,0.124802,0.661293
616,-0.280903,3.55189,0.980924,1,6.49222,0.01,1.05608,0.263194,0.124802,0.661293
187,-0.403454,3.55224,0.84959,1,6.49222,0.01,1.05608,0.263194,0.124802,0.661293
16,-0.139179,3.55138,1.06713,1,6.49222,0.01,1.05608,0.263194,0.124802,0.661293
616,-0.280903,3.55189,0.980924,1,6.49222,0.01,1.05608,0.263194,0.124802,0.661293
16,-0.139179,3.55138,1.06713,1,6.49222,0.01,1.05608,0.263194,0.124802,0.661293
615,0.00413237,3.55095,1.11216,1,6.49222,0.01,1.05608,0.263194,0.124802,0.661293
615,0.00413237,3.55095,1.11216,1,6.49222,0.01,1.05608,0.263194,0.124802,0.661293
186,0.125048,3.5508,1.12366,1,6.49222,0.01,1.05608,0.263194,0.124802,0.661293
186,0.125048,3.5508,1.12366,1,6.49222,0.01,1.05608,0.263194,0.124802,0.661293
1044,0.245969,3.55095,1.11216,1,6.49222,0.01,1.05608,0.263194,0.124802,0.661293
1044,0.245969,3.55095,1.11216,1,6.49222,0.01,1.05608,0.263194,0.124802,0.661293
38,0.389284,3.55138,1.06713,1,6.49222,0.01,1.05608,0.263194,0.124802,0.661293
38,0.389284,3.55138,1.06713,1,6.49222,0.01,1.05608,0.263194,0.124802,0.661293
664,0.531002,3.55188,0.980917,1,6.49222,0.01,1.05608,0.263194,0.124802,0.661293
664,0.531002,3.55188,0.980917,1,6.49222,0.01,1.05608,0.263194,0.124802,0.661293
235,0.653542,3.55224,0.849585,1,6.49222,0.01,1.05608,0.263194,0.124802,0.661293
235,0.653542,3.55224,0.849585,1,6.49222,0.01,1.05608,0.263194,0.124802,0.661293
1093,0.739248,3.55229,0.67693,1,6.49222,0.01,1.05608,0.263194,0.124802,0.661293
1093,0.739248,3.55229,0.67693,1,6.49222,0.01,1.05608,0.263194,0.124802,0.661293
60,0.769639,3.55193,0.481664,1,6.49222,0.01,1.05608,0.263194,0.124802,0.661293
1045,-0.505757,3.57514,0.68027,0,6.99222,0.01,1.06949,0.263194,0.124798,0.674695
59,-0.537286,3.57469,0.479347,0,6.99222,0.01,1.06949,0.263194,0.124798,0.674695
187,-0.417616,3.57516,0.857927,0,6.99222,0.01,1.06949,0.263194,0.124798,0.674695
1045,-0.505757,3.57514,0.68027,0,6.99222,0.01,1.06949,0.263194,0.124798,0.674695
616,-0.291589,3.57488,0.993089,0,6.99222,0.01,1.06949,0.263194,0.124798,0.674695
187,-0.417616,3.57516,0.857927,0,6.99222,0.01,1.06949,0.263194,0.124798,0.674695
16,-0.145795,3.57441,1.08179,0,6.99222,0.01,1.06949,0.263194,0.124798,0.674695
616,-0.291589,3.57488,0.993089,0,6.99222,0.01,1.06949,0.263194,0.124798,0.674695
16,-0.145795,3.57441,1.08179,0,6.99222,0.01,1.06949,0.263194,0.124798,0.674695
615,0.0017558,3.574,1.12809,0,6.99222,0.01,1.06949,0.263194,0.124798,0.674695
615,0.0017558,3.574,1.12809,0,6.99222,0.01,1.06949,0.263194,0.124798,0.674695
186,0.125051,3.57385,1.13979,0,6.99222,0.01,1.06949,0.263194,0.124798,0.674695
186,0.125051,3.57385,1.13979,0,6.99222,0.01,1.06949,0.263194,0.124798,0.674695
1044,0.248353,3.574,1.12808,0,6.99222,0.01,1.06949,0.263194,0.124798,0.674695
1044,0.248353,3.574,1.12808,0,6.99222,0.01,1.06949,0.263194,0.124798,0.674695
38,0.395908,3.57441,1.08178,0,6.99222,0.01,1.06949,0.263194,0.124798,0.674695
38,0.395908,3.57441,1.08178,0,6.99222,0.01,1.06949,0.263194,0.124798,0.674695
664,0.541701,3.57487,0.993079,0,6.99222,0.01,1.06949,0.263194,0.124798,0.674695
664,0.541701,3.57487,0.993079,0,6.99222,0.01,1.06949,0.263194,0.124798,0.674695
235,0.667717,3.57516,0.857919,0,6.99222,0.01,1.06949,0.263194,0.124798,0.674695
235,0.667717,3.57516,0.857919,0,6.99222,0.01,1.06949,0.263194,0.124798,0.674695
1093,0.75585,3.57513,0.680275,0,6.99222,0.01,1.06949,0.263194,0.124798,0.674695
1093,0.75585,3.57513,0.680275,0,6.99222,0.01,1.06949,0.263194,0.124798,0.674695
60,0.787386,3.57469,0.479367,0,6.99222,0.01,1.06949,0.263194,0.124798,0.674695
1045,-0.506841,3.57373,0.680544,1,6.99222,0.01,1.06949,0.263194,0.124798,0.674695
59,-0.538154,3.57331,0.479448,1,6.99222,0.01,1.06949,0.263194,0.124798,0.674695
187,-0.418486,3.57374,0.858316,1,6.99222,0.01,1.06949,0.263194,0.124798,0.674695
1045,-0.506841,3.57373,0.680544,1,6.99222,0.01,1.06949,0.263194,0.124798,0.674695
616,-0.292163,3.57342,0.993459,1,6.99222,0.01,1.06949,0.263194,0.124798,0.674695
187,-0.418486,3.57374,0.858316,1,6.99222,0.01,1.06949,0.263194,0.124798,0.674695
16,-0.146101,3.57293,1.08205,1,6.99222,0.01,1.06949,0.263194,0.124798,0.674695
616,-0.292163,3.57342,0.993459,1,6.99222,0.01,1.06949,0.263194,0.124798,0.674695
16,-0.146101,3.57293,1.08205,1,6.99222,0.01,1.06949,0.263194,0.124798,0.674695
615,0.00164833,3.57251,1.12823,1,6.99222,0.01,1.06949,0.263194,0.124798,0.674695
615,0.00164833,3.57251,1.12823,1,6.99222,0.01,1.06949,0.263194,0.124798,0.674695
186,0.12505,3.57235,1.13987,1,6.99222,0.01,1.06949,0.263194,0.124798,0.674695
186,0.12505,3.57235,1.13987,1,6.99222,0.01,1.06949,0.263194,0.124798,0.674695
1044,0.248458,3.57251,1.12822,1,6.99222,0.01,1.06949,0.263194,0.124798,0.674695
1044,0.248458,3.57251,1.12822,1,6.99222,0.01,1.06949,0.263194,0.124798,0.674695
38,0.396212,3.57293,1.08205,1,6.99222,0.01,1.06949,0.263194,0.124798,0.674695
38,0.396212,3.57293,1.08205,1,6.99222,0.01,1.06949,0.263194,0.124798,0.674695
664,0.542272,3.57342,0.993449,1,6.99222,0.01,1.06949,0.263194,0.124798,0.674695
664,0.542272,3.57342,0.993449,1,6.99222,0.01,1.06949,0.263194,0.124798,0.674695
235,0.668586,3.57373,0.858309,1,6.99222,0.01,1.06949,0.263194,0.124798,0.674695
235,0.668586,3.57373,0.858309,1,6.99222,0.01,1.06949,0.263194,0.124798,0.674695
1093,0.756937,3.57373,0.68055,1,6.99222,0.01,1.06949,0.263194,0.124798,0.674695
1093,0.756937,3.57373,0.68055,1,6.99222,0.01,1.06949,0.263194,0.124798,0.674695
60,0.78825,3.5733,0.479472,1,6.99222,0.01,1.06949,0.263194,0.124798,0.674695
1045,-0.52246,3.59605,0.683807,0,7.49222,0.01,1.08121,0.263194,0.124795,0.686419
59,-0.554866,3.59556,0.477394,0,7.49222,0.01,1.08121,0.263194,0.124795,0.686419
187,-0.431828,3.59612,0.866287,0,7.49222,0.01,1.08121,0.263194,0.124795,0.686419
1045,-0.52246,3.59605,0.683807,0,7.49222,0.01,1.08121,0.263194,0.124795,0.686419
616,-0.302239,3.59585,1.00505,0,7.49222,0.01,1.08121,0.263194,0.124795,0.686419
187,-0.431828,3.59612,0.866287,0,7.49222,0.01,1.08121,0.263194,0.124795,0.686419
16,-0.152351,3.59541,1.09599,0,7.49222,0.01,1.08121,0.263194,0.124795,0.686419
616,-0.302239,3.59585,1.00505,0,7.49222,0.01,1.08121,0.263194,0.124795,0.686419
16,-0.152351,3.59541,1.09599,0,7.49222,0.01,1.08121,0.263194,0.124795,0.686419
615,-0.000618243,3.595,1.14335,0,7.49222,0.01,1.08121,0.263194,0.124795,0.686419
615,-0.000618243,3.595,1.14335,0,7.49222,0.01,1.08121,0.263194,0.124795,0.686419
186,0.125053,3.59485,1.15518,0,7.49222,0.01,1.08121,0.263194,0.124795,0.686419
186,0.125053,3.59485,1.15518,0,7.49222,0.01,1.08121,0.263194,0.124795,0.686419
1044,0.250731,3.595,1.14334,0,7.49222,0.01,1.08121,0.263194,0.124795,0.686419
1044,0.250731,3.595,1.14334,0,7.49222,0.01,1.08121,0.263194,0.124795,0.686419
38,0.402469,3.5954,1.09598,0,7.49222,0.01,1.08121,0.263194,0.124795,0.686419
38,0.402469,3.5954,1.09598,0,7.49222,0.01,1.08121,0.263194,0.124795,0.686419
664,0.552355,3.59585,1.00504,0,7.49222,0.01,1.08121,0.263194,0.124795,0.686419
664,0.552355,3.59585,1.00504,0,7.49222,0.01,1.08121,0.263194,0.124795,0.686419
235,0.681935,3.59611,0.866278,0,7.49222,0.01,1.08121,0.263194,0.124795,0.686419
235,0.681935,3.59611,0.866278,0,7.49222,0.01,1.08121,0.263194,0.124795,0.686419
1093,0.772561,3.59604,0.68381,0,7.49222,0.01,1.08121,0.263194,0.124795,0.686419
1093,0.772561,3.59604,0.68381,0,7.49222,0.01,1.08121,0.263194,0.124795,0.686419
60,0.804982,3.59555,0.477415,0,7.49222,0.01,1.08121,0.263194,0.124795,0.686419
1045,-0.52355,3.59469,0.684013,1,7.49222,0.01,1.08121,0.263194,0.124795,0.686419
59,-0.555733,3.5942,0.477426,1,7.49222,0.01,1.08121,0.263194,0.124795,0.686419
187,-0.432695,3.59475,0.866604,1,7.49222,0.01,1.08121,0.263194,0.124795,0.686419
1045,-0.52355,3.59469,0.684013,1,7.49222,0.01,1.08121,0.263194,0.124795,0.686419
616,-0.302812,3.59446,1.00535,1,7.49222,0.01,1.08121,0.263194,0.124795,0.686419
187,-0.432695,3.59475,0.866604,1,7.49222,0.01,1.08121,0.263194,0.124795,0.686419
16,-0.152661,3.59398,1.09621,1,7.49222,0.01,1.08121,0.263194,0.124795,0.686419
616,-0.302812,3.59446,1.00535,1,7.49222,0.01,1.08121,0.263194,0.124795,0.686419
16,-0.152661,3.59398,1.09621,1,7.49222,0.01,1.08121,0.263194,0.124795,0.686419
615,-0.000727006,3.59355,1.14347,1,7.49222,0.01,1.08121,0.263194,0.124795,0.686419
615,-0.000727006,3.59355,1.14347,1,7.49222,0.01,1.08121,0.263194,0.124795,0.686419
186,0.12506,3.59339,1.15526,1,7.49222,0.01,1.08121,0.263194,0.124795,0.686419
186,0.12506,3.59339,1.15526,1,7.49222,0.01,1.08121,0.263194,0.124795,0.686419
1044,0.250854,3.59355,1.14347,1,7.49222,0.01,1.08121,0.263194,0.124795,0.686419
1044,0.250854,3.59355,1.14347,1,7.49222,0.01,1.08121,0.263194,0.124795,0.686419
38,0.402794,3.59398,1.0962,1,7.49222,0.01,1.08121,0.263194,0.124795,0.686419
38,0.402794,3.59398,1.0962,1,7.49222,0.01,1.08121,0.263194,0.124795,0.686419
664,0.552944,3.59445,1.00535,1,7.49222,0.01,1.08121,0.263194,0.124795,0.686419
664,0.552944,3.59445,1.00535,1,7.49222,0.01,1.08121,0.263194,0.124795,0.686419
235,0.682818,3.59473,0.866601,1,7.49222,0.01,1.08121,0.263194,0.124795,0.686419
235,0.682818,3.59473,0.866601,1,7.49222,0.01,1.08121,0.263194,0.124795,0.686419
1093,0.773666,3.59468,0.684021,1,7.49222,0.01,1.08121,0.263194,0.124795,0.686419
1093,0.773666,3.59468,0.684021,1,7.49222,0.01,1.08121,0.263194,0.124795,0.686419
60,0.805848,3.59419,0.47745,1,7.49222,0.01,1.08121,0.263194,0.124795,0.686419
