id,x,y,z,ablated,v,bulkheadyoungs,nickdepth,nickw,nickc,bbmin
1045,-0.29453,3.43262,0.641006,0,3.49222,0.316,0.912994,0.263194,0.124843,0.518202
59,-0.32248,3.43286,0.496872,0,3.49222,0.316,0.912994,0.263194,0.124843,0.518202
187,-0.24417,3.43216,0.773748,0,3.49222,0.316,0.912994,0.263194,0.124843,0.518202
1045,-0.29453,3.43262,0.641006,0,3.49222,0.316,0.912994,0.263194,0.124843,0.518202
616,-0.169447,3.43159,0.882984,0,3.49222,0.316,0.912994,0.263194,0.124843,0.518202
187,-0.24417,3.43216,0.773748,0,3.49222,0.316,0.912994,0.263194,0.124843,0.518202
16,-0.0770539,3.43104,0.963998,0,3.49222,0.316,0.912994,0.263194,0.124843,0.518202
616,-0.169447,3.43159,0.882984,0,3.49222,0.316,0.912994,0.263194,0.124843,0.518202
16,-0.0770539,3.43104,0.963998,0,3.49222,0.316,0.912994,0.263194,0.124843,0.518202
615,0.0237318,3.43065,1.00928,0,3.49222,0.316,0.912994,0.263194,0.124843,0.518202
615,0.0237318,3.43065,1.00928,0,3.49222,0.316,0.912994,0.263194,0.124843,0.518202
186,0.125026,3.43053,1.02309,0,3.49222,0.316,0.912994,0.263194,0.124843,0.518202
186,0.125026,3.43053,1.02309,0,3.49222,0.316,0.912994,0.263194,0.124843,0.518202
1044,0.226324,3.43065,1.00927,0,3.49222,0.316,0.912994,0.263194,0.124843,0.518202
1044,0.226324,3.43065,1.00927,0,3.49222,0.316,0.912994,0.263194,0.124843,0.518202
38,0.327109,3.43104,0.963983,0,3.49222,0.316,0.912994,0.263194,0.124843,0.518202
38,0.327109,3.43104,0.963983,0,3.49222,0.316,0.912994,0.263194,0.124843,0.518202
664,0.419496,3.43159,0.882975,0,3.49222,0.316,0.912994,0.263194,0.124843,0.518202
664,0.419496,3.43159,0.882975,0,3.49222,0.316,0.912994,0.263194,0.124843,0.518202
235,0.49421,3.43216,0.773746,0,3.49222,0.316,0.912994,0.263194,0.124843,0.518202
235,0.49421,3.43216,0.773746,0,3.49222,0.316,0.912994,0.263194,0.124843,0.518202
1093,0.544556,3.43261,0.641011,0,3.49222,0.316,0.912994,0.263194,0.124843,0.518202
1093,0.544556,3.43261,0.641011,0,3.49222,0.316,0.912994,0.263194,0.124843,0.518202
60,0.572511,3.43286,0.496896,0,3.49222,0.316,0.912994,0.263194,0.124843,0.518202
1045,-0.332843,3.43239,0.650548,1,3.49222,0.316,0.912994,0.263194,0.124843,0.518202
59,-0.356747,3.43262,0.502229,1,3.49222,0.316,0.912994,0.263194,0.124843,0.518202
187,-0.271962,3.43192,0.783282,1,3.49222,0.316,0.912994,0.263194,0.124843,0.518202
1045,-0.332843,3.43239,0.650548,1,3.49222,0.316,0.912994,0.263194,0.124843,0.518202
616,-0.184576,3.43131,0.887015,1,3.49222,0.316,0.912994,0.263194,0.124843,0.518202
187,-0.271962,3.43192,0.783282,1,3.49222,0.316,0.912994,0.263194,0.124843,0.518202
16,-0.0822112,3.4307,0.958723,1,3.49222,0.316,0.912994,0.263194,0.124843,0.518202
616,-0.184576,3.43131,0.887015,1,3.49222,0.316,0.912994,0.263194,0.124843,0.518202
16,-0.0822112,3.4307,0.958723,1,3.49222,0.316,0.912994,0.263194,0.124843,0.518202
615,0.0232919,3.43026,0.994338,1,3.49222,0.316,0.912994,0.263194,0.124843,0.518202
615,0.0232919,3.43026,0.994338,1,3.49222,0.316,0.912994,0.263194,0.124843,0.518202
186,0.125043,3.43012,1.00358,1,3.49222,0.316,0.912994,0.263194,0.124843,0.518202
186,0.125043,3.43012,1.00358,1,3.49222,0.316,0.912994,0.263194,0.124843,0.518202
1044,0.226798,3.43026,0.99436,1,3.49222,0.316,0.912994,0.263194,0.124843,0.518202
1044,0.226798,3.43026,0.99436,1,3.49222,0.316,0.912994,0.263194,0.124843,0.518202
38,0.332288,3.4307,0.958705,1,3.49222,0.316,0.912994,0.263194,0.124843,0.518202
38,0.332288,3.4307,0.958705,1,3.49222,0.316,0.912994,0.263194,0.124843,0.518202
664,0.434641,3.4313,0.88699,1,3.49222,0.316,0.912994,0.263194,0.124843,0.518202
664,0.434641,3.4313,0.88699,1,3.49222,0.316,0.912994,0.263194,0.124843,0.518202
235,0.522016,3.43191,0.78326,1,3.49222,0.316,0.912994,0.263194,0.124843,0.518202
235,0.522016,3.43191,0.78326,1,3.49222,0.316,0.912994,0.263194,0.124843,0.518202
1093,0.582898,3.43238,0.650542,1,3.49222,0.316,0.912994,0.263194,0.124843,0.518202
1093,0.582898,3.43238,0.650542,1,3.49222,0.316,0.912994,0.263194,0.124843,0.518202
60,0.606821,3.43261,0.502236,1,3.49222,0.316,0.912994,0.263194,0.124843,0.518202
1045,-0.328354,3.45128,0.649548,0,3.99222,0.316,0.945683,0.263194,0.124835,0.550891
59,-0.357992,3.45141,0.496066,0,3.99222,0.316,0.945683,0.263194,0.124835,0.550891
187,-0.271662,3.45095,0.789044,0,3.99222,0.316,0.945683,0.263194,0.124835,0.550891
1045,-0.328354,3.45128,0.649548,0,3.99222,0.316,0.945683,0.263194,0.124835,0.550891
616,-0.188198,3.45048,0.901603,0,3.99222,0.316,0.945683,0.263194,0.124835,0.550891
187,-0.271662,3.45095,0.789044,0,3.99222,0.316,0.945683,0.263194,0.124835,0.550891
16,-0.0865642,3.44997,0.9822,0,3.99222,0.316,0.945683,0.263194,0.124835,0.550891
616,-0.188198,3.45048,0.901603,0,3.99222,0.316,0.945683,0.263194,0.124835,0.550891
16,-0.0865642,3.44997,0.9822,0,3.99222,0.316,0.945683,0.263194,0.124835,0.550891
615,0.0211962,3.4496,1.02678,0,3.99222,0.316,0.945683,0.263194,0.124835,0.550891
615,0.0211962,3.4496,1.02678,0,3.99222,0.316,0.945683,0.263194,0.124835,0.550891
186,0.125033,3.44949,1.04,0,3.99222,0.316,0.945683,0.263194,0.124835,0.550891
186,0.125033,3.44949,1.04,0,3.99222,0.316,0.945683,0.263194,0.124835,0.550891
1044,0.22886,3.4496,1.02677,0,3.99222,0.316,0.945683,0.263194,0.124835,0.550891
1044,0.22886,3.4496,1.02677,0,3.99222,0.316,0.945683,0.263194,0.124835,0.550891
38,0.336611,3.44997,0.982181,0,3.99222,0.316,0.945683,0.263194,0.124835,0.550891
38,0.336611,3.44997,0.982181,0,3.99222,0.316,0.945683,0.263194,0.124835,0.550891
664,0.438242,3.45047,0.901581,0,3.99222,0.316,0.945683,0.263194,0.124835,0.550891
664,0.438242,3.45047,0.901581,0,3.99222,0.316,0.945683,0.263194,0.124835,0.550891
235,0.521699,3.45094,0.789038,0,3.99222,0.316,0.945683,0.263194,0.124835,0.550891
235,0.521699,3.45094,0.789038,0,3.99222,0.316,0.945683,0.263194,0.124835,0.550891
1093,0.578405,3.45127,0.649554,0,3.99222,0.316,0.945683,0.263194,0.124835,0.550891
1093,0.578405,3.45127,0.649554,0,3.99222,0.316,0.945683,0.263194,0.124835,0.550891
60,0.608024,3.45141,0.496089,0,3.99222,0.316,0.945683,0.263194,0.124835,0.550891
1045,-0.366684,3.45065,0.65773,1,3.99222,0.316,0.945683,0.263194,0.124835,0.550891
59,-0.390642,3.45078,0.499108,1,3.99222,0.316,0.945683,0.263194,0.124835,0.550891
187,-0.300887,3.45029,0.798922,1,3.99222,0.316,0.945683,0.263194,0.124835,0.550891
1045,-0.366684,3.45065,0.65773,1,3.99222,0.316,0.945683,0.263194,0.124835,0.550891
616,-0.205516,3.44977,0.907791,1,3.99222,0.316,0.945683,0.263194,0.124835,0.550891
187,-0.300887,3.45029,0.798922,1,3.99222,0.316,0.945683,0.263194,0.124835,0.550891
16,-0.0939233,3.44922,0.980734,1,3.99222,0.316,0.945683,0.263194,0.124835,0.550891
616,-0.205516,3.44977,0.907791,1,3.99222,0.316,0.945683,0.263194,0.124835,0.550891
16,-0.0939233,3.44922,0.980734,1,3.99222,0.316,0.945683,0.263194,0.124835,0.550891
615,0.0197327,3.44881,1.01664,1,3.99222,0.316,0.945683,0.263194,0.124835,0.550891
615,0.0197327,3.44881,1.01664,1,3.99222,0.316,0.945683,0.263194,0.124835,0.550891
186,0.125044,3.44868,1.02564,1,3.99222,0.316,0.945683,0.263194,0.124835,0.550891
186,0.125044,3.44868,1.02564,1,3.99222,0.316,0.945683,0.263194,0.124835,0.550891
1044,0.230358,3.44881,1.01664,1,3.99222,0.316,0.945683,0.263194,0.124835,0.550891
1044,0.230358,3.44881,1.01664,1,3.99222,0.316,0.945683,0.263194,0.124835,0.550891
38,0.343999,3.44922,0.98069,1,3.99222,0.316,0.945683,0.263194,0.124835,0.550891
38,0.343999,3.44922,0.98069,1,3.99222,0.316,0.945683,0.263194,0.124835,0.550891
664,0.455587,3.44977,0.90775,1,3.99222,0.316,0.945683,0.263194,0.124835,0.550891
664,0.455587,3.44977,0.90775,1,3.99222,0.316,0.945683,0.263194,0.124835,0.550891
235,0.550962,3.45028,0.798895,1,3.99222,0.316,0.945683,0.263194,0.124835,0.550891
235,0.550962,3.45028,0.798895,1,3.99222,0.316,0.945683,0.263194,0.124835,0.550891
1093,0.616761,3.45065,0.657714,1,3.99222,0.316,0.945683,0.263194,0.124835,0.550891
1093,0.616761,3.45065,0.657714,1,3.99222,0.316,0.945683,0.263194,0.124835,0.550891
60,0.640709,3.45077,0.499105,1,3.99222,0.316,0.945683,0.263194,0.124835,0.550891
1045,-0.355143,3.4736,0.65633,0,4.49222,0.316,0.972435,0.263194,0.124829,0.577644
59,-0.386421,3.47361,0.49455,0,4.49222,0.316,0.972435,0.263194,0.124829,0.577644
187,-0.293787,3.47338,0.80227,0,4.49222,0.316,0.972435,0.263194,0.124829,0.577644
1045,-0.355143,3.4736,0.65633,0,4.49222,0.316,0.972435,0.263194,0.124829,0.577644
616,-0.203895,3.473,0.918832,0,4.49222,0.316,0.972435,0.263194,0.124829,0.577644
187,-0.293787,3.47338,0.80227,0,4.49222,0.316,0.972435,0.263194,0.124829,0.577644
16,-0.0953074,3.47255,1.00088,0,4.49222,0.316,0.972435,0.263194,0.124829,0.577644
616,-0.203895,3.473,0.918832,0,4.49222,0.316,0.972435,0.263194,0.124829,0.577644
16,-0.0953074,3.47255,1.00088,0,4.49222,0.316,0.972435,0.263194,0.124829,0.577644
615,0.0185912,3.47221,1.04592,0,4.49222,0.316,0.972435,0.263194,0.124829,0.577644
615,0.0185912,3.47221,1.04592,0,4.49222,0.316,0.972435,0.263194,0.124829,0.577644
186,0.125032,3.4721,1.05898,0,4.49222,0.316,0.972435,0.263194,0.124829,0.577644
186,0.125032,3.4721,1.05898,0,4.49222,0.316,0.972435,0.263194,0.124829,0.577644
1044,0.231473,3.47221,1.04591,0,4.49222,0.316,0.972435,0.263194,0.124829,0.577644
1044,0.231473,3.47221,1.04591,0,4.49222,0.316,0.972435,0.263194,0.124829,0.577644
38,0.345366,3.47255,1.00087,0,4.49222,0.316,0.972435,0.263194,0.124829,0.577644
38,0.345366,3.47255,1.00087,0,4.49222,0.316,0.972435,0.263194,0.124829,0.577644
664,0.453955,3.47299,0.918823,0,4.49222,0.316,0.972435,0.263194,0.124829,0.577644
664,0.453955,3.47299,0.918823,0,4.49222,0.316,0.972435,0.263194,0.124829,0.577644
235,0.543841,3.47337,0.802265,0,4.49222,0.316,0.972435,0.263194,0.124829,0.577644
235,0.543841,3.47337,0.802265,0,4.49222,0.316,0.972435,0.263194,0.124829,0.577644
1093,0.605193,3.47359,0.656331,0,4.49222,0.316,0.972435,0.263194,0.124829,0.577644
1093,0.605193,3.47359,0.656331,0,4.49222,0.316,0.972435,0.263194,0.124829,0.577644
60,0.636472,3.47361,0.494576,0,4.49222,0.316,0.972435,0.263194,0.124829,0.577644
1045,-0.394397,3.47276,0.663538,1,4.49222,0.316,0.972435,0.263194,0.124829,0.577644
59,-0.419192,3.47278,0.496118,1,4.49222,0.316,0.972435,0.263194,0.124829,0.577644
187,-0.324587,3.4725,0.812206,1,4.49222,0.316,0.972435,0.263194,0.124829,0.577644
1045,-0.394397,3.47276,0.663538,1,4.49222,0.316,0.972435,0.263194,0.124829,0.577644
616,-0.223084,3.47208,0.92625,1,4.49222,0.316,0.972435,0.263194,0.124829,0.577644
187,-0.324587,3.4725,0.812206,1,4.49222,0.316,0.972435,0.263194,0.124829,0.577644
16,-0.104391,3.47159,1.00179,1,4.49222,0.316,0.972435,0.263194,0.124829,0.577644
616,-0.223084,3.47208,0.92625,1,4.49222,0.316,0.972435,0.263194,0.124829,0.577644
16,-0.104391,3.47159,1.00179,1,4.49222,0.316,0.972435,0.263194,0.124829,0.577644
615,0.0163011,3.47121,1.03889,1,4.49222,0.316,0.972435,0.263194,0.124829,0.577644
615,0.0163011,3.47121,1.03889,1,4.49222,0.316,0.972435,0.263194,0.124829,0.577644
186,0.125094,3.47108,1.04785,1,4.49222,0.316,0.972435,0.263194,0.124829,0.577644
186,0.125094,3.47108,1.04785,1,4.49222,0.316,0.972435,0.263194,0.124829,0.577644
1044,0.233892,3.47121,1.03893,1,4.49222,0.316,0.972435,0.263194,0.124829,0.577644
1044,0.233892,3.47121,1.03893,1,4.49222,0.316,0.972435,0.263194,0.124829,0.577644
38,0.354574,3.47158,1.0018,1,4.49222,0.316,0.972435,0.263194,0.124829,0.577644
38,0.354574,3.47158,1.0018,1,4.49222,0.316,0.972435,0.263194,0.124829,0.577644
664,0.473242,3.47207,0.926225,1,4.49222,0.316,0.972435,0.263194,0.124829,0.577644
664,0.473242,3.47207,0.926225,1,4.49222,0.316,0.972435,0.263194,0.124829,0.577644
235,0.574723,3.47249,0.812177,1,4.49222,0.316,0.972435,0.263194,0.124829,0.577644
235,0.574723,3.47249,0.812177,1,4.49222,0.316,0.972435,0.263194,0.124829,0.577644
1093,0.64452,3.47274,0.663518,1,4.49222,0.316,0.972435,0.263194,0.124829,0.577644
1093,0.64452,3.47274,0.663518,1,4.49222,0.316,0.972435,0.263194,0.124829,0.577644
60,0.6693,3.47276,0.496113,1,4.49222,0.316,0.972435,0.263194,0.124829,0.577644
1045,-0.378257,3.4973,0.662204,0,4.99222,0.316,0.994936,0.263194,0.124822,0.600144
59,-0.411196,3.49722,0.49302,0,4.99222,0.316,0.994936,0.263194,0.124822,0.600144
187,-0.312979,3.49718,0.814085,0,4.99222,0.316,0.994936,0.263194,0.124822,0.600144
1045,-0.378257,3.4973,0.662204,0,4.99222,0.316,0.994936,0.263194,0.124822,0.600144
616,-0.217735,3.49687,0.934638,0,4.99222,0.316,0.994936,0.263194,0.124822,0.600144
187,-0.312979,3.49718,0.814085,0,4.99222,0.316,0.994936,0.263194,0.124822,0.600144
16,-0.103319,3.49647,1.01866,0,4.99222,0.316,0.994936,0.263194,0.124822,0.600144
616,-0.217735,3.49687,0.934638,0,4.99222,0.316,0.994936,0.263194,0.124822,0.600144
16,-0.103319,3.49647,1.01866,0,4.99222,0.316,0.994936,0.263194,0.124822,0.600144
615,0.0160575,3.49615,1.06454,0,4.99222,0.316,0.994936,0.263194,0.124822,0.600144
615,0.0160575,3.49615,1.06454,0,4.99222,0.316,0.994936,0.263194,0.124822,0.600144
186,0.125032,3.49604,1.07764,0,4.99222,0.316,0.994936,0.263194,0.124822,0.600144
186,0.125032,3.49604,1.07764,0,4.99222,0.316,0.994936,0.263194,0.124822,0.600144
1044,0.23401,3.49615,1.06453,0,4.99222,0.316,0.994936,0.263194,0.124822,0.600144
1044,0.23401,3.49615,1.06453,0,4.99222,0.316,0.994936,0.263194,0.124822,0.600144
38,0.353387,3.49647,1.01864,0,4.99222,0.316,0.994936,0.263194,0.124822,0.600144
38,0.353387,3.49647,1.01864,0,4.99222,0.316,0.994936,0.263194,0.124822,0.600144
664,0.467806,3.49686,0.93462,0,4.99222,0.316,0.994936,0.263194,0.124822,0.600144
664,0.467806,3.49686,0.93462,0,4.99222,0.316,0.994936,0.263194,0.124822,0.600144
235,0.563046,3.49717,0.814077,0,4.99222,0.316,0.994936,0.263194,0.124822,0.600144
235,0.563046,3.49717,0.814077,0,4.99222,0.316,0.994936,0.263194,0.124822,0.600144
1093,0.628311,3.4973,0.662208,0,4.99222,0.316,0.994936,0.263194,0.124822,0.600144
1093,0.628311,3.4973,0.662208,0,4.99222,0.316,0.994936,0.263194,0.124822,0.600144
60,0.661244,3.49722,0.493046,0,4.99222,0.316,0.994936,0.263194,0.124822,0.600144
1045,-0.418026,3.49633,0.668532,1,4.99222,0.316,0.994936,0.263194,0.124822,0.600144
59,-0.444029,3.49625,0.493385,1,4.99222,0.316,0.994936,0.263194,0.124822,0.600144
187,-0.344566,3.49618,0.823765,1,4.99222,0.316,0.994936,0.263194,0.124822,0.600144
1045,-0.418026,3.49633,0.668532,1,4.99222,0.316,0.994936,0.263194,0.124822,0.600144
616,-0.237788,3.49584,0.942462,1,4.99222,0.316,0.994936,0.263194,0.124822,0.600144
187,-0.344566,3.49618,0.823765,1,4.99222,0.316,0.994936,0.263194,0.124822,0.600144
16,-0.113147,3.4954,1.02064,1,4.99222,0.316,0.994936,0.263194,0.124822,0.600144
616,-0.237788,3.49584,0.942462,1,4.99222,0.316,0.994936,0.263194,0.124822,0.600144
16,-0.113147,3.4954,1.02064,1,4.99222,0.316,0.994936,0.263194,0.124822,0.600144
615,0.0133963,3.49504,1.05931,1,4.99222,0.316,0.994936,0.263194,0.124822,0.600144
615,0.0133963,3.49504,1.05931,1,4.99222,0.316,0.994936,0.263194,0.124822,0.600144
186,0.12521,3.49491,1.06875,1,4.99222,0.316,0.994936,0.263194,0.124822,0.600144
186,0.12521,3.49491,1.06875,1,4.99222,0.316,0.994936,0.263194,0.124822,0.600144
1044,0.237029,3.49504,1.05932,1,4.99222,0.316,0.994936,0.263194,0.124822,0.600144
1044,0.237029,3.49504,1.05932,1,4.99222,0.316,0.994936,0.263194,0.124822,0.600144
38,0.363556,3.49538,1.02061,1,4.99222,0.316,0.994936,0.263194,0.124822,0.600144
38,0.363556,3.49538,1.02061,1,4.99222,0.316,0.994936,0.263194,0.124822,0.600144
664,0.488161,3.49581,0.942391,1,4.99222,0.316,0.994936,0.263194,0.124822,0.600144
664,0.488161,3.49581,0.942391,1,4.99222,0.316,0.994936,0.263194,0.124822,0.600144
235,0.594907,3.49614,0.823686,1,4.99222,0.316,0.994936,0.263194,0.124822,0.600144
235,0.594907,3.49614,0.823686,1,4.99222,0.316,0.994936,0.263194,0.124822,0.600144
1093,0.668357,3.49628,0.668465,1,4.99222,0.316,0.994936,0.263194,0.124822,0.600144
1093,0.668357,3.49628,0.668465,1,4.99222,0.316,0.994936,0.263194,0.124822,0.600144
60,0.694344,3.4962,0.49333,1,4.99222,0.316,0.994936,0.263194,0.124822,0.600144
1045,-0.398931,3.52127,0.66752,0,5.49222,0.316,1.01432,0.263194,0.124815,0.619527
59,-0.433445,3.5211,0.491601,0,5.49222,0.316,1.01432,0.263194,0.124815,0.619527
187,-0.330226,3.52122,0.824895,0,5.49222,0.316,1.01432,0.263194,0.124815,0.619527
1045,-0.398931,3.52127,0.66752,0,5.49222,0.316,1.01432,0.263194,0.124815,0.619527
616,-0.230322,3.52097,0.949296,0,5.49222,0.316,1.01432,0.263194,0.124815,0.619527
187,-0.330226,3.52122,0.824895,0,5.49222,0.316,1.01432,0.263194,0.124815,0.619527
16,-0.110756,3.52061,1.03543,0,5.49222,0.316,1.01432,0.263194,0.124815,0.619527
616,-0.230322,3.52097,0.949296,0,5.49222,0.316,1.01432,0.263194,0.124815,0.619527
16,-0.110756,3.52061,1.03543,0,5.49222,0.316,1.01432,0.263194,0.124815,0.619527
615,0.0136119,3.5203,1.08227,0,5.49222,0.316,1.01432,0.263194,0.124815,0.619527
615,0.0136119,3.5203,1.08227,0,5.49222,0.316,1.01432,0.263194,0.124815,0.619527
186,0.125032,3.52019,1.09548,0,5.49222,0.316,1.01432,0.263194,0.124815,0.619527
186,0.125032,3.52019,1.09548,0,5.49222,0.316,1.01432,0.263194,0.124815,0.619527
1044,0.236457,3.5203,1.08227,0,5.49222,0.316,1.01432,0.263194,0.124815,0.619527
1044,0.236457,3.5203,1.08227,0,5.49222,0.316,1.01432,0.263194,0.124815,0.619527
38,0.36083,3.52061,1.03542,0,5.49222,0.316,1.01432,0.263194,0.124815,0.619527
38,0.36083,3.52061,1.03542,0,5.49222,0.316,1.01432,0.263194,0.124815,0.619527
664,0.48039,3.52096,0.949284,0,5.49222,0.316,1.01432,0.263194,0.124815,0.619527
664,0.48039,3.52096,0.949284,0,5.49222,0.316,1.01432,0.263194,0.124815,0.619527
235,0.580288,3.52121,0.82489,0,5.49222,0.316,1.01432,0.263194,0.124815,0.619527
235,0.580288,3.52121,0.82489,0,5.49222,0.316,1.01432,0.263194,0.124815,0.619527
1093,0.648991,3.52126,0.667526,0,5.49222,0.316,1.01432,0.263194,0.124815,0.619527
1093,0.648991,3.52126,0.667526,0,5.49222,0.316,1.01432,0.263194,0.124815,0.619527
60,0.683507,3.52109,0.491626,0,5.49222,0.316,1.01432,0.263194,0.124815,0.619527
1045,-0.439423,3.52017,0.673021,1,5.49222,0.316,1.01432,0.263194,0.124815,0.619527
59,-0.466655,3.51999,0.4909,1,5.49222,0.316,1.01432,0.263194,0.124815,0.619527
187,-0.362764,3.52011,0.834255,1,5.49222,0.316,1.01432,0.263194,0.124815,0.619527
1045,-0.439423,3.52017,0.673021,1,5.49222,0.316,1.01432,0.263194,0.124815,0.619527
616,-0.25138,3.51984,0.957346,1,5.49222,0.316,1.01432,0.263194,0.124815,0.619527
187,-0.362764,3.52011,0.834255,1,5.49222,0.316,1.01432,0.263194,0.124815,0.619527
16,-0.121465,3.51945,1.03816,1,5.49222,0.316,1.01432,0.263194,0.124815,0.619527
616,-0.25138,3.51984,0.957346,1,5.49222,0.316,1.01432,0.263194,0.124815,0.619527
16,-0.121465,3.51945,1.03816,1,5.49222,0.316,1.01432,0.263194,0.124815,0.619527
615,0.0103977,3.51912,1.07831,1,5.49222,0.316,1.01432,0.263194,0.124815,0.619527
615,0.0103977,3.51912,1.07831,1,5.49222,0.316,1.01432,0.263194,0.124815,0.619527
186,0.125077,3.519,1.08814,1,5.49222,0.316,1.01432,0.263194,0.124815,0.619527
186,0.125077,3.519,1.08814,1,5.49222,0.316,1.01432,0.263194,0.124815,0.619527
1044,0.23976,3.51912,1.07829,1,5.49222,0.316,1.01432,0.263194,0.124815,0.619527
1044,0.23976,3.51912,1.07829,1,5.49222,0.316,1.01432,0.263194,0.124815,0.619527
38,0.371614,3.51945,1.03812,1,5.49222,0.316,1.01432,0.263194,0.124815,0.619527
38,0.371614,3.51945,1.03812,1,5.49222,0.316,1.01432,0.263194,0.124815,0.619527
664,0.501527,3.51983,0.957307,1,5.49222,0.316,1.01432,0.263194,0.124815,0.619527
664,0.501527,3.51983,0.957307,1,5.49222,0.316,1.01432,0.263194,0.124815,0.619527
235,0.612912,3.52009,0.834227,1,5.49222,0.316,1.01432,0.263194,0.124815,0.619527
235,0.612912,3.52009,0.834227,1,5.49222,0.316,1.01432,0.263194,0.124815,0.619527
1093,0.689582,3.52015,0.673012,1,5.49222,0.316,1.01432,0.263194,0.124815,0.619527
1093,0.689582,3.52015,0.673012,1,5.49222,0.316,1.01432,0.263194,0.124815,0.619527
60,0.716815,3.51997,0.490902,1,5.49222,0.316,1.01432,0.263194,0.124815,0.619527
1045,-0.417791,3.54493,0.672391,0,5.99222,0.316,1.03133,0.263194,0.12481,0.636535
59,-0.453772,3.54469,0.490258,0,5.99222,0.316,1.03133,0.263194,0.12481,0.636535
187,-0.346016,3.54494,0.834905,0,5.99222,0.316,1.03133,0.263194,0.12481,0.636535
1045,-0.417791,3.54493,0.672391,0,5.99222,0.316,1.03133,0.263194,0.12481,0.636535
616,-0.241941,3.54474,0.962993,0,5.99222,0.316,1.03133,0.263194,0.12481,0.636535
187,-0.346016,3.54494,0.834905,0,5.99222,0.316,1.03133,0.263194,0.12481,0.636535
16,-0.117713,3.54441,1.05125,0,5.99222,0.316,1.03133,0.263194,0.12481,0.636535
616,-0.241941,3.54474,0.962993,0,5.99222,0.316,1.03133,0.263194,0.12481,0.636535
16,-0.117713,3.54441,1.05125,0,5.99222,0.316,1.03133,0.263194,0.12481,0.636535
615,0.011258,3.54412,1.0991,0,5.99222,0.316,1.03133,0.263194,0.12481,0.636535
615,0.011258,3.54412,1.0991,0,5.99222,0.316,1.03133,0.263194,0.12481,0.636535
186,0.125032,3.54401,1.11244,0,5.99222,0.316,1.03133,0.263194,0.12481,0.636535
186,0.125032,3.54401,1.11244,0,5.99222,0.316,1.03133,0.263194,0.12481,0.636535
1044,0.238812,3.54412,1.09909,0,5.99222,0.316,1.03133,0.263194,0.12481,0.636535
1044,0.238812,3.54412,1.09909,0,5.99222,0.316,1.03133,0.263194,0.12481,0.636535
38,0.367782,3.54441,1.05123,0,5.99222,0.316,1.03133,0.263194,0.12481,0.636535
38,0.367782,3.54441,1.05123,0,5.99222,0.316,1.03133,0.263194,0.12481,0.636535
664,0.492008,3.54474,0.962983,0,5.99222,0.316,1.03133,0.263194,0.12481,0.636535
664,0.492008,3.54474,0.962983,0,5.99222,0.316,1.03133,0.263194,0.12481,0.636535
235,0.59608,3.54494,0.834904,0,5.99222,0.316,1.03133,0.263194,0.12481,0.636535
235,0.59608,3.54494,0.834904,0,5.99222,0.316,1.03133,0.263194,0.12481,0.636535
1093,0.66785,3.54493,0.672405,0,5.99222,0.316,1.03133,0.263194,0.12481,0.636535
1093,0.66785,3.54493,0.672405,0,5.99222,0.316,1.03133,0.263194,0.12481,0.636535
60,0.703841,3.54468,0.490291,0,5.99222,0.316,1.03133,0.263194,0.12481,0.636535
1045,-0.459769,3.54369,0.677222,1,5.99222,0.316,1.03133,0.263194,0.12481,0.636535
59,-0.488012,3.54344,0.488605,1,5.99222,0.316,1.03133,0.263194,0.12481,0.636535
187,-0.380277,3.54371,0.844126,1,5.99222,0.316,1.03133,0.263194,0.12481,0.636535
1045,-0.459769,3.54369,0.677222,1,5.99222,0.316,1.03133,0.263194,0.12481,0.636535
616,-0.264764,3.5435,0.971506,1,5.99222,0.316,1.03133,0.263194,0.12481,0.636535
187,-0.380277,3.54371,0.844126,1,5.99222,0.316,1.03133,0.263194,0.12481,0.636535
16,-0.129949,3.54315,1.05501,1,5.99222,0.316,1.03133,0.263194,0.12481,0.636535
616,-0.264764,3.5435,0.971506,1,5.99222,0.316,1.03133,0.263194,0.12481,0.636535
16,-0.129949,3.54315,1.05501,1,5.99222,0.316,1.03133,0.263194,0.12481,0.636535
615,0.00718851,3.54282,1.09638,1,5.99222,0.316,1.03133,0.263194,0.12481,0.636535
615,0.00718851,3.54282,1.09638,1,5.99222,0.316,1.03133,0.263194,0.12481,0.636535
186,0.125007,3.5427,1.1061,1,5.99222,0.316,1.03133,0.263194,0.12481,0.636535
186,0.125007,3.5427,1.1061,1,5.99222,0.316,1.03133,0.263194,0.12481,0.636535
1044,0.242829,3.54283,1.09638,1,5.99222,0.316,1.03133,0.263194,0.12481,0.636535
1044,0.242829,3.54283,1.09638,1,5.99222,0.316,1.03133,0.263194,0.12481,0.636535
38,0.379962,3.54315,1.05499,1,5.99222,0.316,1.03133,0.263194,0.12481,0.636535
38,0.379962,3.54315,1.05499,1,5.99222,0.316,1.03133,0.263194,0.12481,0.636535
664,0.51478,3.5435,0.971504,1,5.99222,0.316,1.03133,0.263194,0.12481,0.636535
664,0.51478,3.5435,0.971504,1,5.99222,0.316,1.03133,0.263194,0.12481,0.636535
235,0.630295,3.54371,0.844134,1,5.99222,0.316,1.03133,0.263194,0.12481,0.636535
235,0.630295,3.54371,0.844134,1,5.99222,0.316,1.03133,0.263194,0.12481,0.636535
1093,0.709786,3.5437,0.677244,1,5.99222,0.316,1.03133,0.263194,0.12481,0.636535
1093,0.709786,3.5437,0.677244,1,5.99222,0.316,1.03133,0.263194,0.12481,0.636535
60,0.738034,3.54344,0.488647,1,5.99222,0.316,1.03133,0.263194,0.12481,0.636535
1045,-0.435275,3.56808,0.676922,0,6.49222,0.316,1.04696,0.263194,0.124805,0.652163
59,-0.47262,3.56775,0.48899,0,6.49222,0.316,1.04696,0.263194,0.124805,0.652163
187,-0.360697,3.56815,0.844269,0,6.49222,0.316,1.04696,0.263194,0.124805,0.652163
1045,-0.435275,3.56808,0.676922,0,6.49222,0.316,1.04696,0.263194,0.124805,0.652163
616,-0.252788,3.56799,0.97587,0,6.49222,0.316,1.04696,0.263194,0.124805,0.652163
187,-0.360697,3.56815,0.844269,0,6.49222,0.316,1.04696,0.263194,0.124805,0.652163
16,-0.124262,3.56769,1.06622,0,6.49222,0.316,1.04696,0.263194,0.124805,0.652163
616,-0.252788,3.56799,0.97587,0,6.49222,0.316,1.04696,0.263194,0.124805,0.652163
16,-0.124262,3.56769,1.06622,0,6.49222,0.316,1.04696,0.263194,0.124805,0.652163
615,0.00898473,3.56741,1.11509,0,6.49222,0.316,1.04696,0.263194,0.124805,0.652163
615,0.00898473,3.56741,1.11509,0,6.49222,0.316,1.04696,0.263194,0.124805,0.652163
186,0.125034,3.5673,1.12859,0,6.49222,0.316,1.04696,0.263194,0.124805,0.652163
186,0.125034,3.5673,1.12859,0,6.49222,0.316,1.04696,0.263194,0.124805,0.652163
1044,0.241091,3.56741,1.11508,0,6.49222,0.316,1.04696,0.263194,0.124805,0.652163
1044,0.241091,3.56741,1.11508,0,6.49222,0.316,1.04696,0.263194,0.124805,0.652163
38,0.374347,3.56769,1.06621,0,6.49222,0.316,1.04696,0.263194,0.124805,0.652163
38,0.374347,3.56769,1.06621,0,6.49222,0.316,1.04696,0.263194,0.124805,0.652163
664,0.502872,3.56799,0.975867,0,6.49222,0.316,1.04696,0.263194,0.124805,0.652163
664,0.502872,3.56799,0.975867,0,6.49222,0.316,1.04696,0.263194,0.124805,0.652163
235,0.610772,3.56815,0.844269,0,6.49222,0.316,1.04696,0.263194,0.124805,0.652163
235,0.610772,3.56815,0.844269,0,6.49222,0.316,1.04696,0.263194,0.124805,0.652163
1093,0.685346,3.56808,0.676934,0,6.49222,0.316,1.04696,0.263194,0.124805,0.652163
1093,0.685346,3.56808,0.676934,0,6.49222,0.316,1.04696,0.263194,0.124805,0.652163
60,0.722694,3.56775,0.489025,0,6.49222,0.316,1.04696,0.263194,0.124805,0.652163
1045,-0.478109,3.56677,0.681132,1,6.49222,0.316,1.04696,0.263194,0.124805,0.652163
59,-0.507488,3.56642,0.486507,1,6.49222,0.316,1.04696,0.263194,0.124805,0.652163
187,-0.395824,3.56686,0.853204,1,6.49222,0.316,1.04696,0.263194,0.124805,0.652163
1045,-0.478109,3.56677,0.681132,1,6.49222,0.316,1.04696,0.263194,0.124805,0.652163
616,-0.276374,3.5667,0.984406,1,6.49222,0.316,1.04696,0.263194,0.124805,0.652163
187,-0.395824,3.56686,0.853204,1,6.49222,0.316,1.04696,0.263194,0.124805,0.652163
16,-0.137067,3.56638,1.07026,1,6.49222,0.316,1.04696,0.263194,0.124805,0.652163
616,-0.276374,3.5667,0.984406,1,6.49222,0.316,1.04696,0.263194,0.124805,0.652163
16,-0.137067,3.56638,1.07026,1,6.49222,0.316,1.04696,0.263194,0.124805,0.652163
615,0.00463299,3.56606,1.11291,1,6.49222,0.316,1.04696,0.263194,0.124805,0.652163
615,0.00463299,3.56606,1.11291,1,6.49222,0.316,1.04696,0.263194,0.124805,0.652163
186,0.12507,3.56594,1.12296,1,6.49222,0.316,1.04696,0.263194,0.124805,0.652163
186,0.12507,3.56594,1.12296,1,6.49222,0.316,1.04696,0.263194,0.124805,0.652163
1044,0.245511,3.56606,1.1129,1,6.49222,0.316,1.04696,0.263194,0.124805,0.652163
1044,0.245511,3.56606,1.1129,1,6.49222,0.316,1.04696,0.263194,0.124805,0.652163
38,0.387204,3.56637,1.07023,1,6.49222,0.316,1.04696,0.263194,0.124805,0.652163
38,0.387204,3.56637,1.07023,1,6.49222,0.316,1.04696,0.263194,0.124805,0.652163
664,0.526508,3.56669,0.984376,1,6.49222,0.316,1.04696,0.263194,0.124805,0.652163
664,0.526508,3.56669,0.984376,1,6.49222,0.316,1.04696,0.263194,0.124805,0.652163
235,0.645956,3.56685,0.853182,1,6.49222,0.316,1.04696,0.263194,0.124805,0.652163
235,0.645956,3.56685,0.853182,1,6.49222,0.316,1.04696,0.263194,0.124805,0.652163
1093,0.728237,3.56676,0.68112,1,6.49222,0.316,1.04696,0.263194,0.124805,0.652163
1093,0.728237,3.56676,0.68112,1,6.49222,0.316,1.04696,0.263194,0.124805,0.652163
60,0.757612,3.56641,0.486512,1,6.49222,0.316,1.04696,0.263194,0.124805,0.652163
1045,-0.451633,3.5906,0.681159,0,6.99222,0.316,1.06097,0.263194,0.124801,0.666182
59,-0.490256,3.59022,0.487778,0,6.99222,0.316,1.06097,0.263194,0.124801,0.666182
187,-0.374459,3.59072,0.853078,0,6.99222,0.316,1.06097,0.263194,0.124801,0.666182
1045,-0.451633,3.5906,0.681159,0,6.99222,0.316,1.06097,0.263194,0.124801,0.666182
616,-0.263004,3.59061,0.988042,0,6.99222,0.316,1.06097,0.263194,0.124801,0.666182
187,-0.374459,3.59072,0.853078,0,6.99222,0.316,1.06097,0.263194,0.124801,0.666182
16,-0.130474,3.59033,1.08043,0,6.99222,0.316,1.06097,0.263194,0.124801,0.666182
616,-0.263004,3.59061,0.988042,0,6.99222,0.316,1.06097,0.263194,0.124801,0.666182
16,-0.130474,3.59033,1.08043,0,6.99222,0.316,1.06097,0.263194,0.124801,0.666182
615,0.00678806,3.59005,1.13031,0,6.99222,0.316,1.06097,0.263194,0.124801,0.666182
615,0.00678806,3.59005,1.13031,0,6.99222,0.316,1.06097,0.263194,0.124801,0.666182
186,0.125037,3.58994,1.14398,0,6.99222,0.316,1.06097,0.263194,0.124801,0.666182
186,0.125037,3.58994,1.14398,0,6.99222,0.316,1.06097,0.263194,0.124801,0.666182
1044,0.24329,3.59005,1.1303,0,6.99222,0.316,1.06097,0.263194,0.124801,0.666182
1044,0.24329,3.59005,1.1303,0,6.99222,0.316,1.06097,0.263194,0.124801,0.666182
38,0.380559,3.59033,1.08042,0,6.99222,0.316,1.06097,0.263194,0.124801,0.666182
38,0.380559,3.59033,1.08042,0,6.99222,0.316,1.06097,0.263194,0.124801,0.666182
664,0.513087,3.59061,0.988036,0,6.99222,0.316,1.06097,0.263194,0.124801,0.666182
664,0.513087,3.59061,0.988036,0,6.99222,0.316,1.06097,0.263194,0.124801,0.666182
235,0.624538,3.59072,0.85308,0,6.99222,0.316,1.06097,0.263194,0.124801,0.666182
235,0.624538,3.59072,0.85308,0,6.99222,0.316,1.06097,0.263194,0.124801,0.666182
1093,0.701704,3.59059,0.681174,0,6.99222,0.316,1.06097,0.263194,0.124801,0.666182
1093,0.701704,3.59059,0.681174,0,6.99222,0.316,1.06097,0.263194,0.124801,0.666182
60,0.740334,3.59021,0.487818,0,6.99222,0.316,1.06097,0.263194,0.124801,0.666182
1045,-0.495369,3.58922,0.684833,1,6.99222,0.316,1.06097,0.263194,0.124801,0.666182
59,-0.525818,3.58879,0.48456,1,6.99222,0.316,1.06097,0.263194,0.124801,0.666182
187,-0.410471,3.58938,0.861777,1,6.99222,0.316,1.06097,0.263194,0.124801,0.666182
1045,-0.495369,3.58922,0.684833,1,6.99222,0.316,1.06097,0.263194,0.124801,0.666182
616,-0.287335,3.58927,0.996592,1,6.99222,0.316,1.06097,0.263194,0.124801,0.666182
187,-0.410471,3.58938,0.861777,1,6.99222,0.316,1.06097,0.263194,0.124801,0.666182
16,-0.14382,3.58897,1.08469,1,6.99222,0.316,1.06097,0.263194,0.124801,0.666182
616,-0.287335,3.58927,0.996592,1,6.99222,0.316,1.06097,0.263194,0.124801,0.666182
16,-0.14382,3.58897,1.08469,1,6.99222,0.316,1.06097,0.263194,0.124801,0.666182
615,0.00216785,3.58866,1.12854,1,6.99222,0.316,1.06097,0.263194,0.124801,0.666182
615,0.00216785,3.58866,1.12854,1,6.99222,0.316,1.06097,0.263194,0.124801,0.666182
186,0.125118,3.58854,1.13889,1,6.99222,0.316,1.06097,0.263194,0.124801,0.666182
186,0.125118,3.58854,1.13889,1,6.99222,0.316,1.06097,0.263194,0.124801,0.666182
1044,0.248072,3.58866,1.12852,1,6.99222,0.316,1.06097,0.263194,0.124801,0.666182
1044,0.248072,3.58866,1.12852,1,6.99222,0.316,1.06097,0.263194,0.124801,0.666182
38,0.394052,3.58896,1.08465,1,6.99222,0.316,1.06097,0.263194,0.124801,0.666182
38,0.394052,3.58896,1.08465,1,6.99222,0.316,1.06097,0.263194,0.124801,0.666182
664,0.537561,3.58925,0.996547,1,6.99222,0.316,1.06097,0.263194,0.124801,0.666182
664,0.537561,3.58925,0.996547,1,6.99222,0.316,1.06097,0.263194,0.124801,0.666182
235,0.660691,3.58936,0.861736,1,6.99222,0.316,1.06097,0.263194,0.124801,0.666182
235,0.660691,3.58936,0.861736,1,6.99222,0.316,1.06097,0.263194,0.124801,0.666182
1093,0.745584,3.5892,0.684804,1,6.99222,0.316,1.06097,0.263194,0.124801,0.666182
1093,0.745584,3.5892,0.684804,1,6.99222,0.316,1.06097,0.263194,0.124801,0.666182
60,0.776024,3.58877,0.484546,1,6.99222,0.316,1.06097,0.263194,0.124801,0.666182
1045,-0.467058,3.61245,0.685153,0,7.49222,0.316,1.0734,0.263194,0.124797,0.678607
59,-0.506887,3.61201,0.486619,0,7.49222,0.316,1.0734,0.263194,0.124797,0.678607
187,-0.387467,3.61262,0.861419,0,7.49222,0.316,1.0734,0.263194,0.124797,0.678607
1045,-0.467058,3.61245,0.685153,0,7.49222,0.316,1.0734,0.263194,0.124797,0.678607
616,-0.272692,3.61254,0.999602,0,7.49222,0.316,1.0734,0.263194,0.124797,0.678607
187,-0.387467,3.61262,0.861419,0,7.49222,0.316,1.0734,0.263194,0.124797,0.678607
16,-0.136401,3.61227,1.09397,0,7.49222,0.316,1.0734,0.263194,0.124797,0.678607
616,-0.272692,3.61254,0.999602,0,7.49222,0.316,1.0734,0.263194,0.124797,0.678607
16,-0.136401,3.61227,1.09397,0,7.49222,0.316,1.0734,0.263194,0.124797,0.678607
615,0.00466004,3.612,1.14483,0,7.49222,0.316,1.0734,0.263194,0.124797,0.678607
615,0.00466004,3.612,1.14483,0,7.49222,0.316,1.0734,0.263194,0.124797,0.678607
186,0.125037,3.61189,1.15867,0,7.49222,0.316,1.0734,0.263194,0.124797,0.678607
186,0.125037,3.61189,1.15867,0,7.49222,0.316,1.0734,0.263194,0.124797,0.678607
1044,0.245419,3.612,1.14482,0,7.49222,0.316,1.0734,0.263194,0.124797,0.678607
1044,0.245419,3.612,1.14482,0,7.49222,0.316,1.0734,0.263194,0.124797,0.678607
38,0.386484,3.61227,1.09396,0,7.49222,0.316,1.0734,0.263194,0.124797,0.678607
38,0.386484,3.61227,1.09396,0,7.49222,0.316,1.0734,0.263194,0.124797,0.678607
664,0.522774,3.61253,0.999596,0,7.49222,0.316,1.0734,0.263194,0.124797,0.678607
664,0.522774,3.61253,0.999596,0,7.49222,0.316,1.0734,0.263194,0.124797,0.678607
235,0.637546,3.61261,0.861422,0,7.49222,0.316,1.0734,0.263194,0.124797,0.678607
235,0.637546,3.61261,0.861422,0,7.49222,0.316,1.0734,0.263194,0.124797,0.678607
1093,0.717135,3.61244,0.68517,0,7.49222,0.316,1.0734,0.263194,0.124797,0.678607
1093,0.717135,3.61244,0.68517,0,7.49222,0.316,1.0734,0.263194,0.124797,0.678607
60,0.756969,3.61201,0.486662,0,7.49222,0.316,1.0734,0.263194,0.124797,0.678607
1045,-0.511664,3.61101,0.688341,1,7.49222,0.316,1.0734,0.263194,0.124797,0.678607
59,-0.54314,3.61051,0.482751,1,7.49222,0.316,1.0734,0.263194,0.124797,0.678607
187,-0.424347,3.61123,0.869883,1,7.49222,0.316,1.0734,0.263194,0.124797,0.678607
1045,-0.511664,3.61101,0.688341,1,7.49222,0.316,1.0734,0.263194,0.124797,0.678607
616,-0.297787,3.61117,1.00814,1,7.49222,0.316,1.0734,0.263194,0.124797,0.678607
187,-0.424347,3.61123,0.869883,1,7.49222,0.316,1.0734,0.263194,0.124797,0.678607
16,-0.150334,3.6109,1.09839,1,7.49222,0.316,1.0734,0.263194,0.124797,0.678607
616,-0.297787,3.61117,1.00814,1,7.49222,0.316,1.0734,0.263194,0.124797,0.678607
16,-0.150334,3.6109,1.09839,1,7.49222,0.316,1.0734,0.263194,0.124797,0.678607
615,-0.000317286,3.6106,1.14337,1,7.49222,0.316,1.0734,0.263194,0.124797,0.678607
615,-0.000317286,3.6106,1.14337,1,7.49222,0.316,1.0734,0.263194,0.124797,0.678607
186,0.125038,3.61047,1.15401,1,7.49222,0.316,1.0734,0.263194,0.124797,0.678607
186,0.125038,3.61047,1.15401,1,7.49222,0.316,1.0734,0.263194,0.124797,0.678607
1044,0.2504,3.6106,1.14337,1,7.49222,0.316,1.0734,0.263194,0.124797,0.678607
1044,0.2504,3.6106,1.14337,1,7.49222,0.316,1.0734,0.263194,0.124797,0.678607
38,0.400412,3.6109,1.09836,1,7.49222,0.316,1.0734,0.263194,0.124797,0.678607
38,0.400412,3.6109,1.09836,1,7.49222,0.316,1.0734,0.263194,0.124797,0.678607
664,0.547863,3.61117,1.0081,1,7.49222,0.316,1.0734,0.263194,0.124797,0.678607
664,0.547863,3.61117,1.0081,1,7.49222,0.316,1.0734,0.263194,0.124797,0.678607
235,0.674431,3.61123,0.869859,1,7.49222,0.316,1.0734,0.263194,0.124797,0.678607
235,0.674431,3.61123,0.869859,1,7.49222,0.316,1.0734,0.263194,0.124797,0.678607
1093,0.761764,3.611,0.688333,1,7.49222,0.316,1.0734,0.263194,0.124797,0.678607
1093,0.761764,3.611,0.688333,1,7.49222,0.316,1.0734,0.263194,0.124797,0.678607
60,0.793246,3.61052,0.482758,1,7.49222,0.316,1.0734,0.263194,0.124797,0.678607
