id,x,y,z,ablated,v,bulkheadyoungs,nickdepth,nickw,nickc,bbmin
1045,-0.260303,3.4321,0.63931,0,3.49222,2.15,0.902037,0.263194,0.124844,0.507246
59,-0.284268,3.43245,0.49604,0,3.49222,2.15,0.902037,0.263194,0.124844,0.507246
187,-0.21746,3.43177,0.771774,0,3.49222,2.15,0.902037,0.263194,0.124844,0.507246
1045,-0.260303,3.4321,0.63931,0,3.49222,2.15,0.902037,0.263194,0.124844,0.507246
616,-0.152,3.43145,0.883426,0,3.49222,2.15,0.902037,0.263194,0.124844,0.507246
187,-0.21746,3.43177,0.771774,0,3.49222,2.15,0.902037,0.263194,0.124844,0.507246
16,-0.0698562,3.4312,0.971043,0,3.49222,2.15,0.902037,0.263194,0.124844,0.507246
616,-0.152,3.43145,0.883426,0,3.49222,2.15,0.902037,0.263194,0.124844,0.507246
16,-0.0698562,3.4312,0.971043,0,3.49222,2.15,0.902037,0.263194,0.124844,0.507246
615,0.0253286,3.43103,1.02122,0,3.49222,2.15,0.902037,0.263194,0.124844,0.507246
615,0.0253286,3.43103,1.02122,0,3.49222,2.15,0.902037,0.263194,0.124844,0.507246
186,0.125016,3.43099,1.03719,0,3.49222,2.15,0.902037,0.263194,0.124844,0.507246
186,0.125016,3.43099,1.03719,0,3.49222,2.15,0.902037,0.263194,0.124844,0.507246
1044,0.224679,3.43103,1.02121,0,3.49222,2.15,0.902037,0.263194,0.124844,0.507246
1044,0.224679,3.43103,1.02121,0,3.49222,2.15,0.902037,0.263194,0.124844,0.507246
38,0.319863,3.43119,0.971079,0,3.49222,2.15,0.902037,0.263194,0.124844,0.507246
38,0.319863,3.43119,0.971079,0,3.49222,2.15,0.902037,0.263194,0.124844,0.507246
664,0.402028,3.43145,0.883457,0,3.49222,2.15,0.902037,0.263194,0.124844,0.507246
664,0.402028,3.43145,0.883457,0,3.49222,2.15,0.902037,0.263194,0.124844,0.507246
235,0.467476,3.43178,0.771785,0,3.49222,2.15,0.902037,0.263194,0.124844,0.507246
235,0.467476,3.43178,0.771785,0,3.49222,2.15,0.902037,0.263194,0.124844,0.507246
1093,0.510322,3.4321,0.639301,0,3.49222,2.15,0.902037,0.263194,0.124844,0.507246
1093,0.510322,3.4321,0.639301,0,3.49222,2.15,0.902037,0.263194,0.124844,0.507246
60,0.5343,3.43242,0.49605,0,3.49222,2.15,0.902037,0.263194,0.124844,0.507246
1045,-0.311983,3.43327,0.651653,1,3.49222,2.15,0.902037,0.263194,0.124844,0.507246
59,-0.339324,3.43333,0.505115,1,3.49222,2.15,0.902037,0.263194,0.124844,0.507246
187,-0.252563,3.43305,0.782501,1,3.49222,2.15,0.902037,0.263194,0.124844,0.507246
1045,-0.311983,3.43327,0.651653,1,3.49222,2.15,0.902037,0.263194,0.124844,0.507246
616,-0.169362,3.43274,0.885689,1,3.49222,2.15,0.902037,0.263194,0.124844,0.507246
187,-0.252563,3.43305,0.782501,1,3.49222,2.15,0.902037,0.263194,0.124844,0.507246
16,-0.0731136,3.43239,0.959542,1,3.49222,2.15,0.902037,0.263194,0.124844,0.507246
616,-0.169362,3.43274,0.885689,1,3.49222,2.15,0.902037,0.263194,0.124844,0.507246
16,-0.0731136,3.43239,0.959542,1,3.49222,2.15,0.902037,0.263194,0.124844,0.507246
615,0.0268408,3.43215,0.995272,1,3.49222,2.15,0.902037,0.263194,0.124844,0.507246
615,0.0268408,3.43215,0.995272,1,3.49222,2.15,0.902037,0.263194,0.124844,0.507246
186,0.125044,3.43206,1.00496,1,3.49222,2.15,0.902037,0.263194,0.124844,0.507246
186,0.125044,3.43206,1.00496,1,3.49222,2.15,0.902037,0.263194,0.124844,0.507246
1044,0.223268,3.43215,0.995342,1,3.49222,2.15,0.902037,0.263194,0.124844,0.507246
1044,0.223268,3.43215,0.995342,1,3.49222,2.15,0.902037,0.263194,0.124844,0.507246
38,0.323216,3.43241,0.959549,1,3.49222,2.15,0.902037,0.263194,0.124844,0.507246
38,0.323216,3.43241,0.959549,1,3.49222,2.15,0.902037,0.263194,0.124844,0.507246
664,0.419438,3.43274,0.885681,1,3.49222,2.15,0.902037,0.263194,0.124844,0.507246
664,0.419438,3.43274,0.885681,1,3.49222,2.15,0.902037,0.263194,0.124844,0.507246
235,0.502633,3.43305,0.782486,1,3.49222,2.15,0.902037,0.263194,0.124844,0.507246
235,0.502633,3.43305,0.782486,1,3.49222,2.15,0.902037,0.263194,0.124844,0.507246
1093,0.562041,3.43326,0.651637,1,3.49222,2.15,0.902037,0.263194,0.124844,0.507246
1093,0.562041,3.43326,0.651637,1,3.49222,2.15,0.902037,0.263194,0.124844,0.507246
60,0.589334,3.43333,0.505116,1,3.49222,2.15,0.902037,0.263194,0.124844,0.507246
1045,-0.278468,3.45451,0.647527,0,3.99222,2.15,0.926175,0.263194,0.124834,0.531383
59,-0.304793,3.4551,0.497304,0,3.99222,2.15,0.926175,0.263194,0.124834,0.531383
187,-0.232577,3.45422,0.784571,0,3.99222,2.15,0.926175,0.263194,0.124834,0.531383
1045,-0.278468,3.45451,0.647527,0,3.99222,2.15,0.926175,0.263194,0.124834,0.531383
616,-0.162406,3.45398,0.898722,0,3.99222,2.15,0.926175,0.263194,0.124834,0.531383
187,-0.232577,3.45422,0.784571,0,3.99222,2.15,0.926175,0.263194,0.124834,0.531383
16,-0.0745255,3.45396,0.986012,0,3.99222,2.15,0.926175,0.263194,0.124834,0.531383
616,-0.162406,3.45398,0.898722,0,3.99222,2.15,0.926175,0.263194,0.124834,0.531383
16,-0.0745255,3.45396,0.986012,0,3.99222,2.15,0.926175,0.263194,0.124834,0.531383
615,0.0243693,3.45394,1.0354,0,3.99222,2.15,0.926175,0.263194,0.124834,0.531383
615,0.0243693,3.45394,1.0354,0,3.99222,2.15,0.926175,0.263194,0.124834,0.531383
186,0.125024,3.45398,1.05098,0,3.99222,2.15,0.926175,0.263194,0.124834,0.531383
186,0.125024,3.45398,1.05098,0,3.99222,2.15,0.926175,0.263194,0.124834,0.531383
1044,0.225656,3.45394,1.0354,0,3.99222,2.15,0.926175,0.263194,0.124834,0.531383
1044,0.225656,3.45394,1.0354,0,3.99222,2.15,0.926175,0.263194,0.124834,0.531383
38,0.324606,3.45394,0.985988,0,3.99222,2.15,0.926175,0.263194,0.124834,0.531383
38,0.324606,3.45394,0.985988,0,3.99222,2.15,0.926175,0.263194,0.124834,0.531383
664,0.412444,3.45399,0.898638,0,3.99222,2.15,0.926175,0.263194,0.124834,0.531383
664,0.412444,3.45399,0.898638,0,3.99222,2.15,0.926175,0.263194,0.124834,0.531383
235,0.482639,3.4542,0.784558,0,3.99222,2.15,0.926175,0.263194,0.124834,0.531383
235,0.482639,3.4542,0.784558,0,3.99222,2.15,0.926175,0.263194,0.124834,0.531383
1093,0.528442,3.45449,0.647504,0,3.99222,2.15,0.926175,0.263194,0.124834,0.531383
1093,0.528442,3.45449,0.647504,0,3.99222,2.15,0.926175,0.263194,0.124834,0.531383
60,0.554794,3.45506,0.497354,0,3.99222,2.15,0.926175,0.263194,0.124834,0.531383
1045,-0.344155,3.45715,0.662924,1,3.99222,2.15,0.926175,0.263194,0.124834,0.531383
59,-0.368875,3.45718,0.506373,1,3.99222,2.15,0.926175,0.263194,0.124834,0.531383
187,-0.280288,3.45705,0.800889,1,3.99222,2.15,0.926175,0.263194,0.124834,0.531383
1045,-0.344155,3.45715,0.662924,1,3.99222,2.15,0.926175,0.263194,0.124834,0.531383
616,-0.188805,3.45685,0.907059,1,3.99222,2.15,0.926175,0.263194,0.124834,0.531383
187,-0.280288,3.45705,0.800889,1,3.99222,2.15,0.926175,0.263194,0.124834,0.531383
16,-0.0829984,3.45658,0.97907,1,3.99222,2.15,0.926175,0.263194,0.124834,0.531383
616,-0.188805,3.45685,0.907059,1,3.99222,2.15,0.926175,0.263194,0.124834,0.531383
16,-0.0829984,3.45658,0.97907,1,3.99222,2.15,0.926175,0.263194,0.124834,0.531383
615,0.0242884,3.45636,1.0112,1,3.99222,2.15,0.926175,0.263194,0.124834,0.531383
615,0.0242884,3.45636,1.0112,1,3.99222,2.15,0.926175,0.263194,0.124834,0.531383
186,0.124995,3.45627,1.01888,1,3.99222,2.15,0.926175,0.263194,0.124834,0.531383
186,0.124995,3.45627,1.01888,1,3.99222,2.15,0.926175,0.263194,0.124834,0.531383
1044,0.22573,3.45636,1.01138,1,3.99222,2.15,0.926175,0.263194,0.124834,0.531383
1044,0.22573,3.45636,1.01138,1,3.99222,2.15,0.926175,0.263194,0.124834,0.531383
38,0.333035,3.45659,0.979247,1,3.99222,2.15,0.926175,0.263194,0.124834,0.531383
38,0.333035,3.45659,0.979247,1,3.99222,2.15,0.926175,0.263194,0.124834,0.531383
664,0.438799,3.45685,0.907177,1,3.99222,2.15,0.926175,0.263194,0.124834,0.531383
664,0.438799,3.45685,0.907177,1,3.99222,2.15,0.926175,0.263194,0.124834,0.531383
235,0.53022,3.45705,0.800967,1,3.99222,2.15,0.926175,0.263194,0.124834,0.531383
235,0.53022,3.45705,0.800967,1,3.99222,2.15,0.926175,0.263194,0.124834,0.531383
1093,0.594014,3.45715,0.662998,1,3.99222,2.15,0.926175,0.263194,0.124834,0.531383
1093,0.594014,3.45715,0.662998,1,3.99222,2.15,0.926175,0.263194,0.124834,0.531383
60,0.618715,3.45717,0.506478,1,3.99222,2.15,0.926175,0.263194,0.124834,0.531383
1045,-0.294927,3.47988,0.656053,0,4.49222,2.15,0.946368,0.263194,0.124853,0.551576
59,-0.324628,3.48036,0.499904,0,4.49222,2.15,0.946368,0.263194,0.124853,0.551576
187,-0.245638,3.4797,0.797083,0,4.49222,2.15,0.946368,0.263194,0.124853,0.551576
1045,-0.294927,3.47988,0.656053,0,4.49222,2.15,0.946368,0.263194,0.124853,0.551576
616,-0.171246,3.47958,0.913575,0,4.49222,2.15,0.946368,0.263194,0.124853,0.551576
187,-0.245638,3.4797,0.797083,0,4.49222,2.15,0.946368,0.263194,0.124853,0.551576
16,-0.0788567,3.47956,1.00138,0,4.49222,2.15,0.946368,0.263194,0.124853,0.551576
616,-0.171246,3.47958,0.913575,0,4.49222,2.15,0.946368,0.263194,0.124853,0.551576
16,-0.0788567,3.47956,1.00138,0,4.49222,2.15,0.946368,0.263194,0.124853,0.551576
615,0.0233182,3.47957,1.05101,0,4.49222,2.15,0.946368,0.263194,0.124853,0.551576
615,0.0233182,3.47957,1.05101,0,4.49222,2.15,0.946368,0.263194,0.124853,0.551576
186,0.125046,3.47961,1.06668,0,4.49222,2.15,0.946368,0.263194,0.124853,0.551576
186,0.125046,3.47961,1.06668,0,4.49222,2.15,0.946368,0.263194,0.124853,0.551576
1044,0.226781,3.47958,1.05096,0,4.49222,2.15,0.946368,0.263194,0.124853,0.551576
1044,0.226781,3.47958,1.05096,0,4.49222,2.15,0.946368,0.263194,0.124853,0.551576
38,0.328985,3.47957,1.00129,0,4.49222,2.15,0.946368,0.263194,0.124853,0.551576
38,0.328985,3.47957,1.00129,0,4.49222,2.15,0.946368,0.263194,0.124853,0.551576
664,0.421355,3.47959,0.913499,0,4.49222,2.15,0.946368,0.263194,0.124853,0.551576
664,0.421355,3.47959,0.913499,0,4.49222,2.15,0.946368,0.263194,0.124853,0.551576
235,0.495707,3.4797,0.797098,0,4.49222,2.15,0.946368,0.263194,0.124853,0.551576
235,0.495707,3.4797,0.797098,0,4.49222,2.15,0.946368,0.263194,0.124853,0.551576
1093,0.544958,3.47987,0.65608,0,4.49222,2.15,0.946368,0.263194,0.124853,0.551576
1093,0.544958,3.47987,0.65608,0,4.49222,2.15,0.946368,0.263194,0.124853,0.551576
60,0.574685,3.48036,0.499939,0,4.49222,2.15,0.946368,0.263194,0.124853,0.551576
1045,-0.368029,3.48464,0.671575,1,4.49222,2.15,0.946368,0.263194,0.124853,0.551576
59,-0.392832,3.48453,0.507008,1,4.49222,2.15,0.946368,0.263194,0.124853,0.551576
187,-0.300495,3.48466,0.815516,1,4.49222,2.15,0.946368,0.263194,0.124853,0.551576
1045,-0.368029,3.48464,0.671575,1,4.49222,2.15,0.946368,0.263194,0.124853,0.551576
616,-0.203066,3.48456,0.924917,1,4.49222,2.15,0.946368,0.263194,0.124853,0.551576
187,-0.300495,3.48466,0.815516,1,4.49222,2.15,0.946368,0.263194,0.124853,0.551576
16,-0.0907897,3.48436,0.997302,1,4.49222,2.15,0.946368,0.263194,0.124853,0.551576
616,-0.203066,3.48456,0.924917,1,4.49222,2.15,0.946368,0.263194,0.124853,0.551576
16,-0.0907897,3.48436,0.997302,1,4.49222,2.15,0.946368,0.263194,0.124853,0.551576
615,0.021886,3.48417,1.02932,1,4.49222,2.15,0.946368,0.263194,0.124853,0.551576
615,0.021886,3.48417,1.02932,1,4.49222,2.15,0.946368,0.263194,0.124853,0.551576
186,0.125061,3.48409,1.03723,1,4.49222,2.15,0.946368,0.263194,0.124853,0.551576
186,0.125061,3.48409,1.03723,1,4.49222,2.15,0.946368,0.263194,0.124853,0.551576
1044,0.228266,3.48417,1.0295,1,4.49222,2.15,0.946368,0.263194,0.124853,0.551576
1044,0.228266,3.48417,1.0295,1,4.49222,2.15,0.946368,0.263194,0.124853,0.551576
38,0.34096,3.48436,0.997459,1,4.49222,2.15,0.946368,0.263194,0.124853,0.551576
38,0.34096,3.48436,0.997459,1,4.49222,2.15,0.946368,0.263194,0.124853,0.551576
664,0.453192,3.48456,0.925012,1,4.49222,2.15,0.946368,0.263194,0.124853,0.551576
664,0.453192,3.48456,0.925012,1,4.49222,2.15,0.946368,0.263194,0.124853,0.551576
235,0.550533,3.48466,0.815562,1,4.49222,2.15,0.946368,0.263194,0.124853,0.551576
235,0.550533,3.48466,0.815562,1,4.49222,2.15,0.946368,0.263194,0.124853,0.551576
1093,0.617989,3.48464,0.671615,1,4.49222,2.15,0.946368,0.263194,0.124853,0.551576
1093,0.617989,3.48464,0.671615,1,4.49222,2.15,0.946368,0.263194,0.124853,0.551576
60,0.642778,3.48452,0.507091,1,4.49222,2.15,0.946368,0.263194,0.124853,0.551576
1045,-0.310067,3.51154,0.664293,0,4.99222,2.15,0.966057,0.263194,0.124832,0.571266
59,-0.342619,3.51178,0.502804,0,4.99222,2.15,0.966057,0.263194,0.124832,0.571266
187,-0.257971,3.51143,0.809161,0,4.99222,2.15,0.966057,0.263194,0.124832,0.571266
1045,-0.310067,3.51154,0.664293,0,4.99222,2.15,0.966057,0.263194,0.124832,0.571266
616,-0.179903,3.51132,0.928149,0,4.99222,2.15,0.966057,0.263194,0.124832,0.571266
187,-0.257971,3.51143,0.809161,0,4.99222,2.15,0.966057,0.263194,0.124832,0.571266
16,-0.0835756,3.51122,1.01695,0,4.99222,2.15,0.966057,0.263194,0.124832,0.571266
616,-0.179903,3.51132,0.928149,0,4.99222,2.15,0.966057,0.263194,0.124832,0.571266
16,-0.0835756,3.51122,1.01695,0,4.99222,2.15,0.966057,0.263194,0.124832,0.571266
615,0.02202,3.51116,1.06709,0,4.99222,2.15,0.966057,0.263194,0.124832,0.571266
615,0.02202,3.51116,1.06709,0,4.99222,2.15,0.966057,0.263194,0.124832,0.571266
186,0.125018,3.51117,1.08297,0,4.99222,2.15,0.966057,0.263194,0.124832,0.571266
186,0.125018,3.51117,1.08297,0,4.99222,2.15,0.966057,0.263194,0.124832,0.571266
1044,0.227997,3.51115,1.0671,0,4.99222,2.15,0.966057,0.263194,0.124832,0.571266
1044,0.227997,3.51115,1.0671,0,4.99222,2.15,0.966057,0.263194,0.124832,0.571266
38,0.333591,3.51121,1.01696,0,4.99222,2.15,0.966057,0.263194,0.124832,0.571266
38,0.333591,3.51121,1.01696,0,4.99222,2.15,0.966057,0.263194,0.124832,0.571266
664,0.429942,3.51133,0.928143,0,4.99222,2.15,0.966057,0.263194,0.124832,0.571266
664,0.429942,3.51133,0.928143,0,4.99222,2.15,0.966057,0.263194,0.124832,0.571266
235,0.507993,3.51141,0.809204,0,4.99222,2.15,0.966057,0.263194,0.124832,0.571266
235,0.507993,3.51141,0.809204,0,4.99222,2.15,0.966057,0.263194,0.124832,0.571266
1093,0.5601,3.51154,0.664339,0,4.99222,2.15,0.966057,0.263194,0.124832,0.571266
1093,0.5601,3.51154,0.664339,0,4.99222,2.15,0.966057,0.263194,0.124832,0.571266
60,0.592684,3.51179,0.502855,0,4.99222,2.15,0.966057,0.263194,0.124832,0.571266
1045,-0.389141,3.51269,0.679053,1,4.99222,2.15,0.966057,0.263194,0.124832,0.571266
59,-0.414784,3.5124,0.507497,1,4.99222,2.15,0.966057,0.263194,0.124832,0.571266
187,-0.318339,3.51287,0.828394,1,4.99222,2.15,0.966057,0.263194,0.124832,0.571266
1045,-0.389141,3.51269,0.679053,1,4.99222,2.15,0.966057,0.263194,0.124832,0.571266
616,-0.215899,3.5129,0.94104,1,4.99222,2.15,0.966057,0.263194,0.124832,0.571266
187,-0.318339,3.51287,0.828394,1,4.99222,2.15,0.966057,0.263194,0.124832,0.571266
16,-0.0981987,3.51277,1.01453,1,4.99222,2.15,0.966057,0.263194,0.124832,0.571266
616,-0.215899,3.5129,0.94104,1,4.99222,2.15,0.966057,0.263194,0.124832,0.571266
16,-0.0981987,3.51277,1.01453,1,4.99222,2.15,0.966057,0.263194,0.124832,0.571266
615,0.019323,3.51261,1.04719,1,4.99222,2.15,0.966057,0.263194,0.124832,0.571266
615,0.019323,3.51261,1.04719,1,4.99222,2.15,0.966057,0.263194,0.124832,0.571266
186,0.125013,3.51254,1.0555,1,4.99222,2.15,0.966057,0.263194,0.124832,0.571266
186,0.125013,3.51254,1.0555,1,4.99222,2.15,0.966057,0.263194,0.124832,0.571266
1044,0.230717,3.51262,1.04722,1,4.99222,2.15,0.966057,0.263194,0.124832,0.571266
1044,0.230717,3.51262,1.04722,1,4.99222,2.15,0.966057,0.263194,0.124832,0.571266
38,0.34822,3.51277,1.0145,1,4.99222,2.15,0.966057,0.263194,0.124832,0.571266
38,0.34822,3.51277,1.0145,1,4.99222,2.15,0.966057,0.263194,0.124832,0.571266
664,0.465907,3.51289,0.941026,1,4.99222,2.15,0.966057,0.263194,0.124832,0.571266
664,0.465907,3.51289,0.941026,1,4.99222,2.15,0.966057,0.263194,0.124832,0.571266
235,0.568355,3.51287,0.828396,1,4.99222,2.15,0.966057,0.263194,0.124832,0.571266
235,0.568355,3.51287,0.828396,1,4.99222,2.15,0.966057,0.263194,0.124832,0.571266
1093,0.639166,3.51269,0.679067,1,4.99222,2.15,0.966057,0.263194,0.124832,0.571266
1093,0.639166,3.51269,0.679067,1,4.99222,2.15,0.966057,0.263194,0.124832,0.571266
60,0.664826,3.5124,0.507547,1,4.99222,2.15,0.966057,0.263194,0.124832,0.571266
1045,-0.323645,3.53979,0.671273,0,5.49222,2.15,0.983578,0.263194,0.124829,0.588786
59,-0.358936,3.53989,0.504836,0,5.49222,2.15,0.983578,0.263194,0.124829,0.588786
187,-0.269182,3.53977,0.819836,0,5.49222,2.15,0.983578,0.263194,0.124829,0.588786
1045,-0.323645,3.53979,0.671273,0,5.49222,2.15,0.983578,0.263194,0.124829,0.588786
616,-0.188002,3.53972,0.941269,0,5.49222,2.15,0.983578,0.263194,0.124829,0.588786
187,-0.269182,3.53977,0.819836,0,5.49222,2.15,0.983578,0.263194,0.124829,0.588786
16,-0.0880169,3.53964,1.0311,0,5.49222,2.15,0.983578,0.263194,0.124829,0.588786
616,-0.188002,3.53972,0.941269,0,5.49222,2.15,0.983578,0.263194,0.124829,0.588786
16,-0.0880169,3.53964,1.0311,0,5.49222,2.15,0.983578,0.263194,0.124829,0.588786
615,0.0207503,3.53959,1.08167,0,5.49222,2.15,0.983578,0.263194,0.124829,0.588786
615,0.0207503,3.53959,1.08167,0,5.49222,2.15,0.983578,0.263194,0.124829,0.588786
186,0.125025,3.53959,1.09789,0,5.49222,2.15,0.983578,0.263194,0.124829,0.588786
186,0.125025,3.53959,1.09789,0,5.49222,2.15,0.983578,0.263194,0.124829,0.588786
1044,0.229287,3.53959,1.08167,0,5.49222,2.15,0.983578,0.263194,0.124829,0.588786
1044,0.229287,3.53959,1.08167,0,5.49222,2.15,0.983578,0.263194,0.124829,0.588786
38,0.338066,3.53964,1.0311,0,5.49222,2.15,0.983578,0.263194,0.124829,0.588786
38,0.338066,3.53964,1.0311,0,5.49222,2.15,0.983578,0.263194,0.124829,0.588786
664,0.438078,3.53971,0.941292,0,5.49222,2.15,0.983578,0.263194,0.124829,0.588786
664,0.438078,3.53971,0.941292,0,5.49222,2.15,0.983578,0.263194,0.124829,0.588786
235,0.519233,3.53977,0.819851,0,5.49222,2.15,0.983578,0.263194,0.124829,0.588786
235,0.519233,3.53977,0.819851,0,5.49222,2.15,0.983578,0.263194,0.124829,0.588786
1093,0.573686,3.53979,0.671314,0,5.49222,2.15,0.983578,0.263194,0.124829,0.588786
1093,0.573686,3.53979,0.671314,0,5.49222,2.15,0.983578,0.263194,0.124829,0.588786
60,0.609005,3.53989,0.504895,0,5.49222,2.15,0.983578,0.263194,0.124829,0.588786
1045,-0.411691,3.53991,0.685587,1,5.49222,2.15,0.983578,0.263194,0.124829,0.588786
59,-0.437658,3.53948,0.507443,1,5.49222,2.15,0.983578,0.263194,0.124829,0.588786
187,-0.338391,3.54022,0.840527,1,5.49222,2.15,0.983578,0.263194,0.124829,0.588786
1045,-0.411691,3.53991,0.685587,1,5.49222,2.15,0.983578,0.263194,0.124829,0.588786
616,-0.231439,3.54035,0.957056,1,5.49222,2.15,0.983578,0.263194,0.124829,0.588786
187,-0.338391,3.54022,0.840527,1,5.49222,2.15,0.983578,0.263194,0.124829,0.588786
16,-0.107919,3.54029,1.03202,1,5.49222,2.15,0.983578,0.263194,0.124829,0.588786
616,-0.231439,3.54035,0.957056,1,5.49222,2.15,0.983578,0.263194,0.124829,0.588786
16,-0.107919,3.54029,1.03202,1,5.49222,2.15,0.983578,0.263194,0.124829,0.588786
615,0.0158202,3.54015,1.06409,1,5.49222,2.15,0.983578,0.263194,0.124829,0.588786
615,0.0158202,3.54015,1.06409,1,5.49222,2.15,0.983578,0.263194,0.124829,0.588786
186,0.125026,3.54007,1.07145,1,5.49222,2.15,0.983578,0.263194,0.124829,0.588786
186,0.125026,3.54007,1.07145,1,5.49222,2.15,0.983578,0.263194,0.124829,0.588786
1044,0.234248,3.54015,1.06417,1,5.49222,2.15,0.983578,0.263194,0.124829,0.588786
1044,0.234248,3.54015,1.06417,1,5.49222,2.15,0.983578,0.263194,0.124829,0.588786
38,0.357964,3.54029,1.03202,1,5.49222,2.15,0.983578,0.263194,0.124829,0.588786
38,0.357964,3.54029,1.03202,1,5.49222,2.15,0.983578,0.263194,0.124829,0.588786
664,0.481459,3.54035,0.957054,1,5.49222,2.15,0.983578,0.263194,0.124829,0.588786
664,0.481459,3.54035,0.957054,1,5.49222,2.15,0.983578,0.263194,0.124829,0.588786
235,0.588405,3.54022,0.840535,1,5.49222,2.15,0.983578,0.263194,0.124829,0.588786
235,0.588405,3.54022,0.840535,1,5.49222,2.15,0.983578,0.263194,0.124829,0.588786
1093,0.661708,3.53991,0.685613,1,5.49222,2.15,0.983578,0.263194,0.124829,0.588786
1093,0.661708,3.53991,0.685613,1,5.49222,2.15,0.983578,0.263194,0.124829,0.588786
60,0.687685,3.53948,0.507506,1,5.49222,2.15,0.983578,0.263194,0.124829,0.588786
1045,-0.336575,3.56751,0.677558,0,5.99222,2.15,1.00001,0.263194,0.124825,0.605214
59,-0.374302,3.56756,0.506438,0,5.99222,2.15,1.00001,0.263194,0.124825,0.605214
187,-0.279845,3.56757,0.829646,0,5.99222,2.15,1.00001,0.263194,0.124825,0.605214
1045,-0.336575,3.56751,0.677558,0,5.99222,2.15,1.00001,0.263194,0.124825,0.605214
616,-0.195729,3.56758,0.953627,0,5.99222,2.15,1.00001,0.263194,0.124825,0.605214
187,-0.279845,3.56757,0.829646,0,5.99222,2.15,1.00001,0.263194,0.124825,0.605214
16,-0.0924122,3.56756,1.04473,0,5.99222,2.15,1.00001,0.263194,0.124825,0.605214
616,-0.195729,3.56758,0.953627,0,5.99222,2.15,1.00001,0.263194,0.124825,0.605214
16,-0.0924122,3.56756,1.04473,0,5.99222,2.15,1.00001,0.263194,0.124825,0.605214
615,0.019358,3.56753,1.09599,0,5.99222,2.15,1.00001,0.263194,0.124825,0.605214
615,0.019358,3.56753,1.09599,0,5.99222,2.15,1.00001,0.263194,0.124825,0.605214
186,0.125015,3.56753,1.11246,0,5.99222,2.15,1.00001,0.263194,0.124825,0.605214
186,0.125015,3.56753,1.11246,0,5.99222,2.15,1.00001,0.263194,0.124825,0.605214
1044,0.230693,3.56753,1.09599,0,5.99222,2.15,1.00001,0.263194,0.124825,0.605214
1044,0.230693,3.56753,1.09599,0,5.99222,2.15,1.00001,0.263194,0.124825,0.605214
38,0.342462,3.56756,1.04473,0,5.99222,2.15,1.00001,0.263194,0.124825,0.605214
38,0.342462,3.56756,1.04473,0,5.99222,2.15,1.00001,0.263194,0.124825,0.605214
664,0.445765,3.56759,0.953643,0,5.99222,2.15,1.00001,0.263194,0.124825,0.605214
664,0.445765,3.56759,0.953643,0,5.99222,2.15,1.00001,0.263194,0.124825,0.605214
235,0.529894,3.56757,0.829658,0,5.99222,2.15,1.00001,0.263194,0.124825,0.605214
235,0.529894,3.56757,0.829658,0,5.99222,2.15,1.00001,0.263194,0.124825,0.605214
1093,0.586623,3.5675,0.677591,0,5.99222,2.15,1.00001,0.263194,0.124825,0.605214
1093,0.586623,3.5675,0.677591,0,5.99222,2.15,1.00001,0.263194,0.124825,0.605214
60,0.624347,3.56756,0.506503,0,5.99222,2.15,1.00001,0.263194,0.124825,0.605214
1045,-0.429488,3.56656,0.691441,1,5.99222,2.15,1.00001,0.263194,0.124825,0.605214
59,-0.456828,3.56602,0.507561,1,5.99222,2.15,1.00001,0.263194,0.124825,0.605214
187,-0.353381,3.56699,0.85099,1,5.99222,2.15,1.00001,0.263194,0.124825,0.605214
1045,-0.429488,3.56656,0.691441,1,5.99222,2.15,1.00001,0.263194,0.124825,0.605214
616,-0.242415,3.5672,0.97059,1,5.99222,2.15,1.00001,0.263194,0.124825,0.605214
187,-0.353381,3.56699,0.85099,1,5.99222,2.15,1.00001,0.263194,0.124825,0.605214
16,-0.114536,3.56719,1.04709,1,5.99222,2.15,1.00001,0.263194,0.124825,0.605214
616,-0.242415,3.5672,0.97059,1,5.99222,2.15,1.00001,0.263194,0.124825,0.605214
16,-0.114536,3.56719,1.04709,1,5.99222,2.15,1.00001,0.263194,0.124825,0.605214
615,0.0133673,3.56707,1.08024,1,5.99222,2.15,1.00001,0.263194,0.124825,0.605214
615,0.0133673,3.56707,1.08024,1,5.99222,2.15,1.00001,0.263194,0.124825,0.605214
186,0.125103,3.567,1.08822,1,5.99222,2.15,1.00001,0.263194,0.124825,0.605214
186,0.125103,3.567,1.08822,1,5.99222,2.15,1.00001,0.263194,0.124825,0.605214
1044,0.236865,3.56707,1.0804,1,5.99222,2.15,1.00001,0.263194,0.124825,0.605214
1044,0.236865,3.56707,1.0804,1,5.99222,2.15,1.00001,0.263194,0.124825,0.605214
38,0.364761,3.56719,1.04722,1,5.99222,2.15,1.00001,0.263194,0.124825,0.605214
38,0.364761,3.56719,1.04722,1,5.99222,2.15,1.00001,0.263194,0.124825,0.605214
664,0.492585,3.56719,0.970668,1,5.99222,2.15,1.00001,0.263194,0.124825,0.605214
664,0.492585,3.56719,0.970668,1,5.99222,2.15,1.00001,0.263194,0.124825,0.605214
235,0.603458,3.56698,0.851027,1,5.99222,2.15,1.00001,0.263194,0.124825,0.605214
235,0.603458,3.56698,0.851027,1,5.99222,2.15,1.00001,0.263194,0.124825,0.605214
1093,0.679497,3.56655,0.691492,1,5.99222,2.15,1.00001,0.263194,0.124825,0.605214
1093,0.679497,3.56655,0.691492,1,5.99222,2.15,1.00001,0.263194,0.124825,0.605214
60,0.706841,3.566,0.507654,1,5.99222,2.15,1.00001,0.263194,0.124825,0.605214
1045,-0.349037,3.59337,0.68321,0,6.49222,2.15,1.01391,0.263194,0.124816,0.619121
59,-0.389235,3.59332,0.507765,0,6.49222,2.15,1.01391,0.263194,0.124816,0.619121
187,-0.289965,3.59348,0.838564,0,6.49222,2.15,1.01391,0.263194,0.124816,0.619121
1045,-0.349037,3.59337,0.68321,0,6.49222,2.15,1.01391,0.263194,0.124816,0.619121
616,-0.203031,3.59354,0.964901,0,6.49222,2.15,1.01391,0.263194,0.124816,0.619121
187,-0.289965,3.59348,0.838564,0,6.49222,2.15,1.01391,0.263194,0.124816,0.619121
16,-0.0966757,3.59353,1.05731,0,6.49222,2.15,1.01391,0.263194,0.124816,0.619121
616,-0.203031,3.59354,0.964901,0,6.49222,2.15,1.01391,0.263194,0.124816,0.619121
16,-0.0966757,3.59353,1.05731,0,6.49222,2.15,1.01391,0.263194,0.124816,0.619121
615,0.017955,3.5935,1.1093,0,6.49222,2.15,1.01391,0.263194,0.124816,0.619121
615,0.017955,3.5935,1.1093,0,6.49222,2.15,1.01391,0.263194,0.124816,0.619121
186,0.124988,3.59351,1.12617,0,6.49222,2.15,1.01391,0.263194,0.124816,0.619121
186,0.124988,3.59351,1.12617,0,6.49222,2.15,1.01391,0.263194,0.124816,0.619121
1044,0.232053,3.5935,1.10929,0,6.49222,2.15,1.01391,0.263194,0.124816,0.619121
1044,0.232053,3.5935,1.10929,0,6.49222,2.15,1.01391,0.263194,0.124816,0.619121
38,0.346705,3.59353,1.05731,0,6.49222,2.15,1.01391,0.263194,0.124816,0.619121
38,0.346705,3.59353,1.05731,0,6.49222,2.15,1.01391,0.263194,0.124816,0.619121
664,0.453053,3.59356,0.964903,0,6.49222,2.15,1.01391,0.263194,0.124816,0.619121
664,0.453053,3.59356,0.964903,0,6.49222,2.15,1.01391,0.263194,0.124816,0.619121
235,0.540004,3.59349,0.838603,0,6.49222,2.15,1.01391,0.263194,0.124816,0.619121
235,0.540004,3.59349,0.838603,0,6.49222,2.15,1.01391,0.263194,0.124816,0.619121
1093,0.599085,3.59337,0.683262,0,6.49222,2.15,1.01391,0.263194,0.124816,0.619121
1093,0.599085,3.59337,0.683262,0,6.49222,2.15,1.01391,0.263194,0.124816,0.619121
60,0.639279,3.59331,0.507829,0,6.49222,2.15,1.01391,0.263194,0.124816,0.619121
1045,-0.446034,3.59229,0.696746,1,6.49222,2.15,1.01391,0.263194,0.124816,0.619121
59,-0.47486,3.59163,0.50756,1,6.49222,2.15,1.01391,0.263194,0.124816,0.619121
187,-0.367307,3.59282,0.860567,1,6.49222,2.15,1.01391,0.263194,0.124816,0.619121
1045,-0.446034,3.59229,0.696746,1,6.49222,2.15,1.01391,0.263194,0.124816,0.619121
616,-0.252736,3.59311,0.983143,1,6.49222,2.15,1.01391,0.263194,0.124816,0.619121
187,-0.367307,3.59282,0.860567,1,6.49222,2.15,1.01391,0.263194,0.124816,0.619121
16,-0.1209,3.59315,1.06128,1,6.49222,2.15,1.01391,0.263194,0.124816,0.619121
616,-0.252736,3.59311,0.983143,1,6.49222,2.15,1.01391,0.263194,0.124816,0.619121
16,-0.1209,3.59315,1.06128,1,6.49222,2.15,1.01391,0.263194,0.124816,0.619121
615,0.010887,3.59305,1.09548,1,6.49222,2.15,1.01391,0.263194,0.124816,0.619121
615,0.010887,3.59305,1.09548,1,6.49222,2.15,1.01391,0.263194,0.124816,0.619121
186,0.125054,3.59298,1.10399,1,6.49222,2.15,1.01391,0.263194,0.124816,0.619121
186,0.125054,3.59298,1.10399,1,6.49222,2.15,1.01391,0.263194,0.124816,0.619121
1044,0.239246,3.59305,1.09566,1,6.49222,2.15,1.01391,0.263194,0.124816,0.619121
1044,0.239246,3.59305,1.09566,1,6.49222,2.15,1.01391,0.263194,0.124816,0.619121
38,0.371027,3.59315,1.06145,1,6.49222,2.15,1.01391,0.263194,0.124816,0.619121
38,0.371027,3.59315,1.06145,1,6.49222,2.15,1.01391,0.263194,0.124816,0.619121
664,0.502813,3.59311,0.983265,1,6.49222,2.15,1.01391,0.263194,0.124816,0.619121
664,0.502813,3.59311,0.983265,1,6.49222,2.15,1.01391,0.263194,0.124816,0.619121
235,0.617296,3.59282,0.860658,1,6.49222,2.15,1.01391,0.263194,0.124816,0.619121
235,0.617296,3.59282,0.860658,1,6.49222,2.15,1.01391,0.263194,0.124816,0.619121
1093,0.695949,3.59229,0.696851,1,6.49222,2.15,1.01391,0.263194,0.124816,0.619121
1093,0.695949,3.59229,0.696851,1,6.49222,2.15,1.01391,0.263194,0.124816,0.619121
60,0.724783,3.59163,0.507716,1,6.49222,2.15,1.01391,0.263194,0.124816,0.619121
1045,-0.360468,3.61889,0.688498,0,6.99222,2.15,1.02736,0.263194,0.124816,0.632571
59,-0.402807,3.61875,0.508938,0,6.99222,2.15,1.02736,0.263194,0.124816,0.632571
187,-0.2994,3.61907,0.847018,0,6.99222,2.15,1.02736,0.263194,0.124816,0.632571
1045,-0.360468,3.61889,0.688498,0,6.99222,2.15,1.02736,0.263194,0.124816,0.632571
616,-0.209907,3.61917,0.975679,0,6.99222,2.15,1.02736,0.263194,0.124816,0.632571
187,-0.2994,3.61907,0.847018,0,6.99222,2.15,1.02736,0.263194,0.124816,0.632571
16,-0.100714,3.61917,1.06947,0,6.99222,2.15,1.02736,0.263194,0.124816,0.632571
616,-0.209907,3.61917,0.975679,0,6.99222,2.15,1.02736,0.263194,0.124816,0.632571
16,-0.100714,3.61917,1.06947,0,6.99222,2.15,1.02736,0.263194,0.124816,0.632571
615,0.0165954,3.61914,1.12224,0,6.99222,2.15,1.02736,0.263194,0.124816,0.632571
615,0.0165954,3.61914,1.12224,0,6.99222,2.15,1.02736,0.263194,0.124816,0.632571
186,0.125001,3.61913,1.13945,0,6.99222,2.15,1.02736,0.263194,0.124816,0.632571
186,0.125001,3.61913,1.13945,0,6.99222,2.15,1.02736,0.263194,0.124816,0.632571
1044,0.233423,3.61915,1.12226,0,6.99222,2.15,1.02736,0.263194,0.124816,0.632571
1044,0.233423,3.61915,1.12226,0,6.99222,2.15,1.02736,0.263194,0.124816,0.632571
38,0.350751,3.61918,1.06948,0,6.99222,2.15,1.02736,0.263194,0.124816,0.632571
38,0.350751,3.61918,1.06948,0,6.99222,2.15,1.02736,0.263194,0.124816,0.632571
664,0.459954,3.61918,0.975691,0,6.99222,2.15,1.02736,0.263194,0.124816,0.632571
664,0.459954,3.61918,0.975691,0,6.99222,2.15,1.02736,0.263194,0.124816,0.632571
235,0.549447,3.61907,0.847059,0,6.99222,2.15,1.02736,0.263194,0.124816,0.632571
235,0.549447,3.61907,0.847059,0,6.99222,2.15,1.02736,0.263194,0.124816,0.632571
1093,0.610519,3.61889,0.688551,0,6.99222,2.15,1.02736,0.263194,0.124816,0.632571
1093,0.610519,3.61889,0.688551,0,6.99222,2.15,1.02736,0.263194,0.124816,0.632571
60,0.652883,3.61875,0.50902,0,6.99222,2.15,1.02736,0.263194,0.124816,0.632571
1045,-0.461605,3.61716,0.701686,1,6.99222,2.15,1.02736,0.263194,0.124816,0.632571
59,-0.491915,3.61638,0.507529,1,6.99222,2.15,1.02736,0.263194,0.124816,0.632571
187,-0.380393,3.61778,0.869529,1,6.99222,2.15,1.02736,0.263194,0.124816,0.632571
1045,-0.461605,3.61716,0.701686,1,6.99222,2.15,1.02736,0.263194,0.124816,0.632571
616,-0.26245,3.61815,0.994944,1,6.99222,2.15,1.02736,0.263194,0.124816,0.632571
187,-0.380393,3.61778,0.869529,1,6.99222,2.15,1.02736,0.263194,0.124816,0.632571
16,-0.12691,3.61823,1.0747,1,6.99222,2.15,1.02736,0.263194,0.124816,0.632571
616,-0.26245,3.61815,0.994944,1,6.99222,2.15,1.02736,0.263194,0.124816,0.632571
16,-0.12691,3.61823,1.0747,1,6.99222,2.15,1.02736,0.263194,0.124816,0.632571
615,0.00853817,3.61815,1.10993,1,6.99222,2.15,1.02736,0.263194,0.124816,0.632571
615,0.00853817,3.61815,1.10993,1,6.99222,2.15,1.02736,0.263194,0.124816,0.632571
186,0.125055,3.61808,1.11893,1,6.99222,2.15,1.02736,0.263194,0.124816,0.632571
186,0.125055,3.61808,1.11893,1,6.99222,2.15,1.02736,0.263194,0.124816,0.632571
1044,0.241594,3.61815,1.11011,1,6.99222,2.15,1.02736,0.263194,0.124816,0.632571
1044,0.241594,3.61815,1.11011,1,6.99222,2.15,1.02736,0.263194,0.124816,0.632571
38,0.377036,3.61823,1.07487,1,6.99222,2.15,1.02736,0.263194,0.124816,0.632571
38,0.377036,3.61823,1.07487,1,6.99222,2.15,1.02736,0.263194,0.124816,0.632571
664,0.512525,3.61815,0.995077,1,6.99222,2.15,1.02736,0.263194,0.124816,0.632571
664,0.512525,3.61815,0.995077,1,6.99222,2.15,1.02736,0.263194,0.124816,0.632571
235,0.630374,3.61778,0.869629,1,6.99222,2.15,1.02736,0.263194,0.124816,0.632571
235,0.630374,3.61778,0.869629,1,6.99222,2.15,1.02736,0.263194,0.124816,0.632571
1093,0.711504,3.61715,0.701802,1,6.99222,2.15,1.02736,0.263194,0.124816,0.632571
1093,0.711504,3.61715,0.701802,1,6.99222,2.15,1.02736,0.263194,0.124816,0.632571
60,0.741822,3.61638,0.507699,1,6.99222,2.15,1.02736,0.263194,0.124816,0.632571
1045,-0.371448,3.64334,0.69351,0,7.49222,2.15,1.03978,0.263194,0.124812,0.64499
59,-0.415868,3.64313,0.510006,0,7.49222,2.15,1.03978,0.263194,0.124812,0.64499
187,-0.308473,3.64358,0.855076,0,7.49222,2.15,1.03978,0.263194,0.124812,0.64499
1045,-0.371448,3.64334,0.69351,0,7.49222,2.15,1.03978,0.263194,0.124812,0.64499
616,-0.216595,3.64374,0.986012,0,7.49222,2.15,1.03978,0.263194,0.124812,0.64499
187,-0.308473,3.64358,0.855076,0,7.49222,2.15,1.03978,0.263194,0.124812,0.64499
16,-0.104704,3.64377,1.08116,0,7.49222,2.15,1.03978,0.263194,0.124812,0.64499
616,-0.216595,3.64374,0.986012,0,7.49222,2.15,1.03978,0.263194,0.124812,0.64499
16,-0.104704,3.64377,1.08116,0,7.49222,2.15,1.03978,0.263194,0.124812,0.64499
615,0.0152159,3.64373,1.13471,0,7.49222,2.15,1.03978,0.263194,0.124812,0.64499
615,0.0152159,3.64373,1.13471,0,7.49222,2.15,1.03978,0.263194,0.124812,0.64499
186,0.125013,3.64372,1.15224,0,7.49222,2.15,1.03978,0.263194,0.124812,0.64499
186,0.125013,3.64372,1.15224,0,7.49222,2.15,1.03978,0.263194,0.124812,0.64499
1044,0.234816,3.64373,1.13471,0,7.49222,2.15,1.03978,0.263194,0.124812,0.64499
1044,0.234816,3.64373,1.13471,0,7.49222,2.15,1.03978,0.263194,0.124812,0.64499
38,0.354743,3.64376,1.08118,0,7.49222,2.15,1.03978,0.263194,0.124812,0.64499
38,0.354743,3.64376,1.08118,0,7.49222,2.15,1.03978,0.263194,0.124812,0.64499
664,0.466638,3.64373,0.986026,0,7.49222,2.15,1.03978,0.263194,0.124812,0.64499
664,0.466638,3.64373,0.986026,0,7.49222,2.15,1.03978,0.263194,0.124812,0.64499
235,0.55854,3.64357,0.855096,0,7.49222,2.15,1.03978,0.263194,0.124812,0.64499
235,0.55854,3.64357,0.855096,0,7.49222,2.15,1.03978,0.263194,0.124812,0.64499
1093,0.621515,3.64334,0.69355,0,7.49222,2.15,1.03978,0.263194,0.124812,0.64499
1093,0.621515,3.64334,0.69355,0,7.49222,2.15,1.03978,0.263194,0.124812,0.64499
60,0.665942,3.64312,0.510094,0,7.49222,2.15,1.03978,0.263194,0.124812,0.64499
1045,-0.475999,3.64108,0.706332,1,7.49222,2.15,1.03978,0.263194,0.124812,0.64499
59,-0.507807,3.64021,0.507524,1,7.49222,2.15,1.03978,0.263194,0.124812,0.64499
187,-0.392499,3.64178,0.87796,1,7.49222,2.15,1.03978,0.263194,0.124812,0.64499
1045,-0.475999,3.64108,0.706332,1,7.49222,2.15,1.03978,0.263194,0.124812,0.64499
616,-0.271465,3.64221,1.00612,1,7.49222,2.15,1.03978,0.263194,0.124812,0.64499
187,-0.392499,3.64178,0.87796,1,7.49222,2.15,1.03978,0.263194,0.124812,0.64499
16,-0.132482,3.64232,1.0875,1,7.49222,2.15,1.03978,0.263194,0.124812,0.64499
616,-0.271465,3.64221,1.00612,1,7.49222,2.15,1.03978,0.263194,0.124812,0.64499
16,-0.132482,3.64232,1.0875,1,7.49222,2.15,1.03978,0.263194,0.124812,0.64499
615,0.0064146,3.64224,1.12376,1,7.49222,2.15,1.03978,0.263194,0.124812,0.64499
615,0.0064146,3.64224,1.12376,1,7.49222,2.15,1.03978,0.263194,0.124812,0.64499
186,0.125195,3.64218,1.13321,1,7.49222,2.15,1.03978,0.263194,0.124812,0.64499
186,0.125195,3.64218,1.13321,1,7.49222,2.15,1.03978,0.263194,0.124812,0.64499
1044,0.243998,3.64224,1.12392,1,7.49222,2.15,1.03978,0.263194,0.124812,0.64499
1044,0.243998,3.64224,1.12392,1,7.49222,2.15,1.03978,0.263194,0.124812,0.64499
38,0.382883,3.64231,1.08764,1,7.49222,2.15,1.03978,0.263194,0.124812,0.64499
38,0.382883,3.64231,1.08764,1,7.49222,2.15,1.03978,0.263194,0.124812,0.64499
664,0.521801,3.64218,1.00621,1,7.49222,2.15,1.03978,0.263194,0.124812,0.64499
664,0.521801,3.64218,1.00621,1,7.49222,2.15,1.03978,0.263194,0.124812,0.64499
235,0.642736,3.64175,0.878014,1,7.49222,2.15,1.03978,0.263194,0.124812,0.64499
235,0.642736,3.64175,0.878014,1,7.49222,2.15,1.03978,0.263194,0.124812,0.64499
1093,0.726164,3.64105,0.706399,1,7.49222,2.15,1.03978,0.263194,0.124812,0.64499
1093,0.726164,3.64105,0.706399,1,7.49222,2.15,1.03978,0.263194,0.124812,0.64499
60,0.757972,3.64018,0.50764,1,7.49222,2.15,1.03978,0.263194,0.124812,0.64499
