id,x,y,z,ablated,v,bulkheadyoungs,nickdepth,nickw,nickc,bbmin
1045,-0.247451,3.42488,0.639488,0,3.49222,21.5,0.896741,0.263194,0.124845,0.501949
59,-0.265911,3.42501,0.498535,0,3.49222,21.5,0.896741,0.263194,0.124845,0.501949
187,-0.208169,3.42482,0.771002,0,3.49222,21.5,0.896741,0.263194,0.124845,0.501949
1045,-0.247451,3.42488,0.639488,0,3.49222,21.5,0.896741,0.263194,0.124845,0.501949
616,-0.145957,3.42471,0.882608,0,3.49222,21.5,0.896741,0.263194,0.124845,0.501949
187,-0.208169,3.42482,0.771002,0,3.49222,21.5,0.896741,0.263194,0.124845,0.501949
16,-0.0674687,3.42464,0.97127,0,3.49222,21.5,0.896741,0.263194,0.124845,0.501949
616,-0.145957,3.42471,0.882608,0,3.49222,21.5,0.896741,0.263194,0.124845,0.501949
16,-0.0674687,3.42464,0.97127,0,3.49222,21.5,0.896741,0.263194,0.124845,0.501949
615,0.0258373,3.42458,1.02223,0,3.49222,21.5,0.896741,0.263194,0.124845,0.501949
615,0.0258373,3.42458,1.02223,0,3.49222,21.5,0.896741,0.263194,0.124845,0.501949
186,0.125006,3.42459,1.0387,0,3.49222,21.5,0.896741,0.263194,0.124845,0.501949
186,0.125006,3.42459,1.0387,0,3.49222,21.5,0.896741,0.263194,0.124845,0.501949
1044,0.224185,3.42459,1.02225,0,3.49222,21.5,0.896741,0.263194,0.124845,0.501949
1044,0.224185,3.42459,1.02225,0,3.49222,21.5,0.896741,0.263194,0.124845,0.501949
38,0.317509,3.42462,0.971246,0,3.49222,21.5,0.896741,0.263194,0.124845,0.501949
38,0.317509,3.42462,0.971246,0,3.49222,21.5,0.896741,0.263194,0.124845,0.501949
664,0.395983,3.42471,0.882616,0,3.49222,21.5,0.896741,0.263194,0.124845,0.501949
664,0.395983,3.42471,0.882616,0,3.49222,21.5,0.896741,0.263194,0.124845,0.501949
235,0.45817,3.42487,0.771016,0,3.49222,21.5,0.896741,0.263194,0.124845,0.501949
235,0.45817,3.42487,0.771016,0,3.49222,21.5,0.896741,0.263194,0.124845,0.501949
1093,0.49744,3.42494,0.639484,0,3.49222,21.5,0.896741,0.263194,0.124845,0.501949
1093,0.49744,3.42494,0.639484,0,3.49222,21.5,0.896741,0.263194,0.124845,0.501949
60,0.51596,3.42504,0.498637,0,3.49222,21.5,0.896741,0.263194,0.124845,0.501949
1045,-0.281824,3.43615,0.650427,1,3.49222,21.5,0.896741,0.263194,0.124845,0.501949
59,-0.311523,3.43634,0.510107,1,3.49222,21.5,0.896741,0.263194,0.124845,0.501949
187,-0.228268,3.43607,0.778231,1,3.49222,21.5,0.896741,0.263194,0.124845,0.501949
1045,-0.281824,3.43615,0.650427,1,3.49222,21.5,0.896741,0.263194,0.124845,0.501949
616,-0.152951,3.43604,0.881815,1,3.49222,21.5,0.896741,0.263194,0.124845,0.501949
187,-0.228268,3.43607,0.778231,1,3.49222,21.5,0.896741,0.263194,0.124845,0.501949
16,-0.0649648,3.43569,0.959179,1,3.49222,21.5,0.896741,0.263194,0.124845,0.501949
616,-0.152951,3.43604,0.881815,1,3.49222,21.5,0.896741,0.263194,0.124845,0.501949
16,-0.0649648,3.43569,0.959179,1,3.49222,21.5,0.896741,0.263194,0.124845,0.501949
615,0.0295173,3.43538,0.998872,1,3.49222,21.5,0.896741,0.263194,0.124845,0.501949
615,0.0295173,3.43538,0.998872,1,3.49222,21.5,0.896741,0.263194,0.124845,0.501949
186,0.125055,3.43555,1.01139,1,3.49222,21.5,0.896741,0.263194,0.124845,0.501949
186,0.125055,3.43555,1.01139,1,3.49222,21.5,0.896741,0.263194,0.124845,0.501949
1044,0.220532,3.43556,0.998796,1,3.49222,21.5,0.896741,0.263194,0.124845,0.501949
1044,0.220532,3.43556,0.998796,1,3.49222,21.5,0.896741,0.263194,0.124845,0.501949
38,0.315269,3.43554,0.959547,1,3.49222,21.5,0.896741,0.263194,0.124845,0.501949
38,0.315269,3.43554,0.959547,1,3.49222,21.5,0.896741,0.263194,0.124845,0.501949
664,0.403033,3.43593,0.882001,1,3.49222,21.5,0.896741,0.263194,0.124845,0.501949
664,0.403033,3.43593,0.882001,1,3.49222,21.5,0.896741,0.263194,0.124845,0.501949
235,0.478273,3.43608,0.77836,1,3.49222,21.5,0.896741,0.263194,0.124845,0.501949
235,0.478273,3.43608,0.77836,1,3.49222,21.5,0.896741,0.263194,0.124845,0.501949
1093,0.531835,3.43619,0.650601,1,3.49222,21.5,0.896741,0.263194,0.124845,0.501949
1093,0.531835,3.43619,0.650601,1,3.49222,21.5,0.896741,0.263194,0.124845,0.501949
60,0.561689,3.43631,0.510323,1,3.49222,21.5,0.896741,0.263194,0.124845,0.501949
1045,-0.250091,3.43919,0.642636,0,3.99222,21.5,0.900614,0.263194,0.124867,0.505822
59,-0.270813,3.43963,0.499684,0,3.99222,21.5,0.900614,0.263194,0.124867,0.505822
187,-0.209506,3.439,0.774681,0,3.99222,21.5,0.900614,0.263194,0.124867,0.505822
1045,-0.250091,3.43919,0.642636,0,3.99222,21.5,0.900614,0.263194,0.124867,0.505822
616,-0.146529,3.43897,0.886468,0,3.99222,21.5,0.900614,0.263194,0.124867,0.505822
187,-0.209506,3.439,0.774681,0,3.99222,21.5,0.900614,0.263194,0.124867,0.505822
16,-0.0671605,3.43921,0.975027,0,3.99222,21.5,0.900614,0.263194,0.124867,0.505822
616,-0.146529,3.43897,0.886468,0,3.99222,21.5,0.900614,0.263194,0.124867,0.505822
16,-0.0671605,3.43921,0.975027,0,3.99222,21.5,0.900614,0.263194,0.124867,0.505822
615,0.0262754,3.43956,1.0259,0,3.99222,21.5,0.900614,0.263194,0.124867,0.505822
615,0.0262754,3.43956,1.0259,0,3.99222,21.5,0.900614,0.263194,0.124867,0.505822
186,0.125049,3.43984,1.04223,0,3.99222,21.5,0.900614,0.263194,0.124867,0.505822
186,0.125049,3.43984,1.04223,0,3.99222,21.5,0.900614,0.263194,0.124867,0.505822
1044,0.22381,3.43957,1.02588,0,3.99222,21.5,0.900614,0.263194,0.124867,0.505822
1044,0.22381,3.43957,1.02588,0,3.99222,21.5,0.900614,0.263194,0.124867,0.505822
38,0.317266,3.43926,0.974989,0,3.99222,21.5,0.900614,0.263194,0.124867,0.505822
38,0.317266,3.43926,0.974989,0,3.99222,21.5,0.900614,0.263194,0.124867,0.505822
664,0.396602,3.43901,0.886459,0,3.99222,21.5,0.900614,0.263194,0.124867,0.505822
664,0.396602,3.43901,0.886459,0,3.99222,21.5,0.900614,0.263194,0.124867,0.505822
235,0.459582,3.439,0.774698,0,3.99222,21.5,0.900614,0.263194,0.124867,0.505822
235,0.459582,3.439,0.774698,0,3.99222,21.5,0.900614,0.263194,0.124867,0.505822
1093,0.500098,3.43911,0.642591,0,3.99222,21.5,0.900614,0.263194,0.124867,0.505822
1093,0.500098,3.43911,0.642591,0,3.99222,21.5,0.900614,0.263194,0.124867,0.505822
60,0.520823,3.43971,0.499693,0,3.99222,21.5,0.900614,0.263194,0.124867,0.505822
1045,-0.300324,3.4591,0.663425,1,3.99222,21.5,0.900614,0.263194,0.124867,0.505822
59,-0.331313,3.45921,0.518556,1,3.99222,21.5,0.900614,0.263194,0.124867,0.505822
187,-0.240801,3.45891,0.792051,1,3.99222,21.5,0.900614,0.263194,0.124867,0.505822
1045,-0.300324,3.4591,0.663425,1,3.99222,21.5,0.900614,0.263194,0.124867,0.505822
616,-0.159423,3.45831,0.893867,1,3.99222,21.5,0.900614,0.263194,0.124867,0.505822
187,-0.240801,3.45891,0.792051,1,3.99222,21.5,0.900614,0.263194,0.124867,0.505822
16,-0.0663941,3.45791,0.968111,1,3.99222,21.5,0.900614,0.263194,0.124867,0.505822
616,-0.159423,3.45831,0.893867,1,3.99222,21.5,0.900614,0.263194,0.124867,0.505822
16,-0.0663941,3.45791,0.968111,1,3.99222,21.5,0.900614,0.263194,0.124867,0.505822
615,0.0306744,3.45773,1.00333,1,3.99222,21.5,0.900614,0.263194,0.124867,0.505822
615,0.0306744,3.45773,1.00333,1,3.99222,21.5,0.900614,0.263194,0.124867,0.505822
186,0.125038,3.4576,1.01336,1,3.99222,21.5,0.900614,0.263194,0.124867,0.505822
186,0.125038,3.4576,1.01336,1,3.99222,21.5,0.900614,0.263194,0.124867,0.505822
1044,0.219468,3.45764,1.00341,1,3.99222,21.5,0.900614,0.263194,0.124867,0.505822
1044,0.219468,3.45764,1.00341,1,3.99222,21.5,0.900614,0.263194,0.124867,0.505822
38,0.316527,3.45778,0.968246,1,3.99222,21.5,0.900614,0.263194,0.124867,0.505822
38,0.316527,3.45778,0.968246,1,3.99222,21.5,0.900614,0.263194,0.124867,0.505822
664,0.409582,3.45827,0.894105,1,3.99222,21.5,0.900614,0.263194,0.124867,0.505822
664,0.409582,3.45827,0.894105,1,3.99222,21.5,0.900614,0.263194,0.124867,0.505822
235,0.490891,3.45882,0.792096,1,3.99222,21.5,0.900614,0.263194,0.124867,0.505822
235,0.490891,3.45882,0.792096,1,3.99222,21.5,0.900614,0.263194,0.124867,0.505822
1093,0.550245,3.45918,0.663375,1,3.99222,21.5,0.900614,0.263194,0.124867,0.505822
1093,0.550245,3.45918,0.663375,1,3.99222,21.5,0.900614,0.263194,0.124867,0.505822
60,0.581359,3.45942,0.518596,1,3.99222,21.5,0.900614,0.263194,0.124867,0.505822
1045,-0.25444,3.46466,0.654955,0,4.49222,21.5,0.918891,0.263194,0.124855,0.5241
59,-0.274863,3.46521,0.508531,0,4.49222,21.5,0.918891,0.263194,0.124855,0.5241
187,-0.214073,3.46443,0.788874,0,4.49222,21.5,0.918891,0.263194,0.124855,0.5241
1045,-0.25444,3.46466,0.654955,0,4.49222,21.5,0.918891,0.263194,0.124855,0.5241
616,-0.149834,3.46433,0.90179,0,4.49222,21.5,0.918891,0.263194,0.124855,0.5241
187,-0.214073,3.46443,0.788874,0,4.49222,21.5,0.918891,0.263194,0.124855,0.5241
16,-0.0685866,3.46461,0.989915,0,4.49222,21.5,0.918891,0.263194,0.124855,0.5241
616,-0.149834,3.46433,0.90179,0,4.49222,21.5,0.918891,0.263194,0.124855,0.5241
16,-0.0685866,3.46461,0.989915,0,4.49222,21.5,0.918891,0.263194,0.124855,0.5241
615,0.0258986,3.46513,1.03994,0,4.49222,21.5,0.918891,0.263194,0.124855,0.5241
615,0.0258986,3.46513,1.03994,0,4.49222,21.5,0.918891,0.263194,0.124855,0.5241
186,0.125013,3.46565,1.05628,0,4.49222,21.5,0.918891,0.263194,0.124855,0.5241
186,0.125013,3.46565,1.05628,0,4.49222,21.5,0.918891,0.263194,0.124855,0.5241
1044,0.224089,3.46524,1.03999,0,4.49222,21.5,0.918891,0.263194,0.124855,0.5241
1044,0.224089,3.46524,1.03999,0,4.49222,21.5,0.918891,0.263194,0.124855,0.5241
38,0.318607,3.46468,0.989931,0,4.49222,21.5,0.918891,0.263194,0.124855,0.5241
38,0.318607,3.46468,0.989931,0,4.49222,21.5,0.918891,0.263194,0.124855,0.5241
664,0.399853,3.4644,0.901762,0,4.49222,21.5,0.918891,0.263194,0.124855,0.5241
664,0.399853,3.4644,0.901762,0,4.49222,21.5,0.918891,0.263194,0.124855,0.5241
235,0.46408,3.46447,0.788843,0,4.49222,21.5,0.918891,0.263194,0.124855,0.5241
235,0.46408,3.46447,0.788843,0,4.49222,21.5,0.918891,0.263194,0.124855,0.5241
1093,0.504449,3.46459,0.654876,0,4.49222,21.5,0.918891,0.263194,0.124855,0.5241
1093,0.504449,3.46459,0.654876,0,4.49222,21.5,0.918891,0.263194,0.124855,0.5241
60,0.524916,3.46525,0.508621,0,4.49222,21.5,0.918891,0.263194,0.124855,0.5241
1045,-0.314176,3.49378,0.675353,1,4.49222,21.5,0.918891,0.263194,0.124855,0.5241
59,-0.345128,3.49394,0.525822,1,4.49222,21.5,0.918891,0.263194,0.124855,0.5241
187,-0.251137,3.49332,0.805873,1,4.49222,21.5,0.918891,0.263194,0.124855,0.5241
1045,-0.314176,3.49378,0.675353,1,4.49222,21.5,0.918891,0.263194,0.124855,0.5241
616,-0.165438,3.49278,0.907398,1,4.49222,21.5,0.918891,0.263194,0.124855,0.5241
187,-0.251137,3.49332,0.805873,1,4.49222,21.5,0.918891,0.263194,0.124855,0.5241
16,-0.0686159,3.4924,0.979588,1,4.49222,21.5,0.918891,0.263194,0.124855,0.5241
616,-0.165438,3.49278,0.907398,1,4.49222,21.5,0.918891,0.263194,0.124855,0.5241
16,-0.0686159,3.4924,0.979588,1,4.49222,21.5,0.918891,0.263194,0.124855,0.5241
615,0.0305695,3.4922,1.01293,1,4.49222,21.5,0.918891,0.263194,0.124855,0.5241
615,0.0305695,3.4922,1.01293,1,4.49222,21.5,0.918891,0.263194,0.124855,0.5241
186,0.125022,3.49211,1.02171,1,4.49222,21.5,0.918891,0.263194,0.124855,0.5241
186,0.125022,3.49211,1.02171,1,4.49222,21.5,0.918891,0.263194,0.124855,0.5241
1044,0.219533,3.49219,1.01311,1,4.49222,21.5,0.918891,0.263194,0.124855,0.5241
1044,0.219533,3.49219,1.01311,1,4.49222,21.5,0.918891,0.263194,0.124855,0.5241
38,0.318784,3.49239,0.979728,1,4.49222,21.5,0.918891,0.263194,0.124855,0.5241
38,0.318784,3.49239,0.979728,1,4.49222,21.5,0.918891,0.263194,0.124855,0.5241
664,0.415558,3.49274,0.90741,1,4.49222,21.5,0.918891,0.263194,0.124855,0.5241
664,0.415558,3.49274,0.90741,1,4.49222,21.5,0.918891,0.263194,0.124855,0.5241
235,0.501135,3.4933,0.805787,1,4.49222,21.5,0.918891,0.263194,0.124855,0.5241
235,0.501135,3.4933,0.805787,1,4.49222,21.5,0.918891,0.263194,0.124855,0.5241
1093,0.564002,3.49382,0.675198,1,4.49222,21.5,0.918891,0.263194,0.124855,0.5241
1093,0.564002,3.49382,0.675198,1,4.49222,21.5,0.918891,0.263194,0.124855,0.5241
60,0.595015,3.49408,0.525826,1,4.49222,21.5,0.918891,0.263194,0.124855,0.5241
1045,-0.259301,3.49974,0.665299,0,4.99222,21.5,0.934539,0.263194,0.124849,0.539748
59,-0.280996,3.50054,0.515818,0,4.99222,21.5,0.934539,0.263194,0.124849,0.539748
187,-0.217862,3.49929,0.800616,0,4.99222,21.5,0.934539,0.263194,0.124849,0.539748
1045,-0.259301,3.49974,0.665299,0,4.99222,21.5,0.934539,0.263194,0.124849,0.539748
616,-0.152281,3.49908,0.914384,0,4.99222,21.5,0.934539,0.263194,0.124849,0.539748
187,-0.217862,3.49929,0.800616,0,4.99222,21.5,0.934539,0.263194,0.124849,0.539748
16,-0.0696861,3.49916,1.00301,0,4.99222,21.5,0.934539,0.263194,0.124849,0.539748
616,-0.152281,3.49908,0.914384,0,4.99222,21.5,0.934539,0.263194,0.124849,0.539748
16,-0.0696861,3.49916,1.00301,0,4.99222,21.5,0.934539,0.263194,0.124849,0.539748
615,0.0258504,3.49952,1.05306,0,4.99222,21.5,0.934539,0.263194,0.124849,0.539748
615,0.0258504,3.49952,1.05306,0,4.99222,21.5,0.934539,0.263194,0.124849,0.539748
186,0.125005,3.49985,1.0694,0,4.99222,21.5,0.934539,0.263194,0.124849,0.539748
186,0.125005,3.49985,1.0694,0,4.99222,21.5,0.934539,0.263194,0.124849,0.539748
1044,0.224136,3.49951,1.05309,0,4.99222,21.5,0.934539,0.263194,0.124849,0.539748
1044,0.224136,3.49951,1.05309,0,4.99222,21.5,0.934539,0.263194,0.124849,0.539748
38,0.319706,3.49915,1.00302,0,4.99222,21.5,0.934539,0.263194,0.124849,0.539748
38,0.319706,3.49915,1.00302,0,4.99222,21.5,0.934539,0.263194,0.124849,0.539748
664,0.402269,3.49906,0.914403,0,4.99222,21.5,0.934539,0.263194,0.124849,0.539748
664,0.402269,3.49906,0.914403,0,4.99222,21.5,0.934539,0.263194,0.124849,0.539748
235,0.46785,3.49937,0.800664,0,4.99222,21.5,0.934539,0.263194,0.124849,0.539748
235,0.46785,3.49937,0.800664,0,4.99222,21.5,0.934539,0.263194,0.124849,0.539748
1093,0.509337,3.49964,0.665261,0,4.99222,21.5,0.934539,0.263194,0.124849,0.539748
1093,0.509337,3.49964,0.665261,0,4.99222,21.5,0.934539,0.263194,0.124849,0.539748
60,0.530967,3.50068,0.515966,0,4.99222,21.5,0.934539,0.263194,0.124849,0.539748
1045,-0.325947,3.52901,0.687107,1,4.99222,21.5,0.934539,0.263194,0.124849,0.539748
59,-0.357321,3.52951,0.533444,1,4.99222,21.5,0.934539,0.263194,0.124849,0.539748
187,-0.260396,3.52851,0.819796,1,4.99222,21.5,0.934539,0.263194,0.124849,0.539748
1045,-0.325947,3.52901,0.687107,1,4.99222,21.5,0.934539,0.263194,0.124849,0.539748
616,-0.171266,3.52807,0.921864,1,4.99222,21.5,0.934539,0.263194,0.124849,0.539748
187,-0.260396,3.52851,0.819796,1,4.99222,21.5,0.934539,0.263194,0.124849,0.539748
16,-0.0709514,3.52763,0.9928,1,4.99222,21.5,0.934539,0.263194,0.124849,0.539748
616,-0.171266,3.52807,0.921864,1,4.99222,21.5,0.934539,0.263194,0.124849,0.539748
16,-0.0709514,3.52763,0.9928,1,4.99222,21.5,0.934539,0.263194,0.124849,0.539748
615,0.0302101,3.52736,1.02449,1,4.99222,21.5,0.934539,0.263194,0.124849,0.539748
615,0.0302101,3.52736,1.02449,1,4.99222,21.5,0.934539,0.263194,0.124849,0.539748
186,0.125065,3.52729,1.03273,1,4.99222,21.5,0.934539,0.263194,0.124849,0.539748
186,0.125065,3.52729,1.03273,1,4.99222,21.5,0.934539,0.263194,0.124849,0.539748
1044,0.219955,3.52738,1.02457,1,4.99222,21.5,0.934539,0.263194,0.124849,0.539748
1044,0.219955,3.52738,1.02457,1,4.99222,21.5,0.934539,0.263194,0.124849,0.539748
38,0.321089,3.52764,0.992846,1,4.99222,21.5,0.934539,0.263194,0.124849,0.539748
38,0.321089,3.52764,0.992846,1,4.99222,21.5,0.934539,0.263194,0.124849,0.539748
664,0.421346,3.52804,0.921942,1,4.99222,21.5,0.934539,0.263194,0.124849,0.539748
664,0.421346,3.52804,0.921942,1,4.99222,21.5,0.934539,0.263194,0.124849,0.539748
235,0.510504,3.52852,0.819917,1,4.99222,21.5,0.934539,0.263194,0.124849,0.539748
235,0.510504,3.52852,0.819917,1,4.99222,21.5,0.934539,0.263194,0.124849,0.539748
1093,0.576135,3.52904,0.687249,1,4.99222,21.5,0.934539,0.263194,0.124849,0.539748
1093,0.576135,3.52904,0.687249,1,4.99222,21.5,0.934539,0.263194,0.124849,0.539748
60,0.607347,3.52954,0.533534,1,4.99222,21.5,0.934539,0.263194,0.124849,0.539748
1045,-0.263585,3.53552,0.674293,0,5.49222,21.5,0.947196,0.263194,0.124841,0.552404
59,-0.286878,3.53628,0.522215,0,5.49222,21.5,0.947196,0.263194,0.124841,0.552404
187,-0.221048,3.53493,0.811192,0,5.49222,21.5,0.947196,0.263194,0.124841,0.552404
1045,-0.263585,3.53552,0.674293,0,5.49222,21.5,0.947196,0.263194,0.124841,0.552404
616,-0.154277,3.53445,0.925861,0,5.49222,21.5,0.947196,0.263194,0.124841,0.552404
187,-0.221048,3.53493,0.811192,0,5.49222,21.5,0.947196,0.263194,0.124841,0.552404
16,-0.070628,3.53456,1.01472,0,5.49222,21.5,0.947196,0.263194,0.124841,0.552404
616,-0.154277,3.53445,0.925861,0,5.49222,21.5,0.947196,0.263194,0.124841,0.552404
16,-0.070628,3.53456,1.01472,0,5.49222,21.5,0.947196,0.263194,0.124841,0.552404
615,0.025639,3.53477,1.06498,0,5.49222,21.5,0.947196,0.263194,0.124841,0.552404
615,0.025639,3.53477,1.06498,0,5.49222,21.5,0.947196,0.263194,0.124841,0.552404
186,0.125054,3.53498,1.08141,0,5.49222,21.5,0.947196,0.263194,0.124841,0.552404
186,0.125054,3.53498,1.08141,0,5.49222,21.5,0.947196,0.263194,0.124841,0.552404
1044,0.22446,3.53479,1.06493,0,5.49222,21.5,0.947196,0.263194,0.124841,0.552404
1044,0.22446,3.53479,1.06493,0,5.49222,21.5,0.947196,0.263194,0.124841,0.552404
38,0.320752,3.53456,1.01464,0,5.49222,21.5,0.947196,0.263194,0.124841,0.552404
38,0.320752,3.53456,1.01464,0,5.49222,21.5,0.947196,0.263194,0.124841,0.552404
664,0.404338,3.53451,0.925783,0,5.49222,21.5,0.947196,0.263194,0.124841,0.552404
664,0.404338,3.53451,0.925783,0,5.49222,21.5,0.947196,0.263194,0.124841,0.552404
235,0.471008,3.53488,0.811243,0,5.49222,21.5,0.947196,0.263194,0.124841,0.552404
235,0.471008,3.53488,0.811243,0,5.49222,21.5,0.947196,0.263194,0.124841,0.552404
1093,0.513607,3.53539,0.674335,0,5.49222,21.5,0.947196,0.263194,0.124841,0.552404
1093,0.513607,3.53539,0.674335,0,5.49222,21.5,0.947196,0.263194,0.124841,0.552404
60,0.536971,3.53633,0.522342,0,5.49222,21.5,0.947196,0.263194,0.124841,0.552404
1045,-0.337411,3.56278,0.696415,1,5.49222,21.5,0.947196,0.263194,0.124841,0.552404
59,-0.36978,3.56306,0.539063,1,5.49222,21.5,0.947196,0.263194,0.124841,0.552404
187,-0.268983,3.56266,0.830809,1,5.49222,21.5,0.947196,0.263194,0.124841,0.552404
1045,-0.337411,3.56278,0.696415,1,5.49222,21.5,0.947196,0.263194,0.124841,0.552404
616,-0.176485,3.56256,0.933026,1,5.49222,21.5,0.947196,0.263194,0.124841,0.552404
187,-0.268983,3.56266,0.830809,1,5.49222,21.5,0.947196,0.263194,0.124841,0.552404
16,-0.0731392,3.5625,1.00275,1,5.49222,21.5,0.947196,0.263194,0.124841,0.552404
616,-0.176485,3.56256,0.933026,1,5.49222,21.5,0.947196,0.263194,0.124841,0.552404
16,-0.0731392,3.5625,1.00275,1,5.49222,21.5,0.947196,0.263194,0.124841,0.552404
615,0.0297206,3.56245,1.03312,1,5.49222,21.5,0.947196,0.263194,0.124841,0.552404
615,0.0297206,3.56245,1.03312,1,5.49222,21.5,0.947196,0.263194,0.124841,0.552404
186,0.125099,3.56232,1.0412,1,5.49222,21.5,0.947196,0.263194,0.124841,0.552404
186,0.125099,3.56232,1.0412,1,5.49222,21.5,0.947196,0.263194,0.124841,0.552404
1044,0.220488,3.56244,1.03333,1,5.49222,21.5,0.947196,0.263194,0.124841,0.552404
1044,0.220488,3.56244,1.03333,1,5.49222,21.5,0.947196,0.263194,0.124841,0.552404
38,0.323405,3.56256,1.00293,1,5.49222,21.5,0.947196,0.263194,0.124841,0.552404
38,0.323405,3.56256,1.00293,1,5.49222,21.5,0.947196,0.263194,0.124841,0.552404
664,0.426743,3.56268,0.93315,1,5.49222,21.5,0.947196,0.263194,0.124841,0.552404
664,0.426743,3.56268,0.93315,1,5.49222,21.5,0.947196,0.263194,0.124841,0.552404
235,0.519249,3.56272,0.830908,1,5.49222,21.5,0.947196,0.263194,0.124841,0.552404
235,0.519249,3.56272,0.830908,1,5.49222,21.5,0.947196,0.263194,0.124841,0.552404
1093,0.587631,3.56282,0.696474,1,5.49222,21.5,0.947196,0.263194,0.124841,0.552404
1093,0.587631,3.56282,0.696474,1,5.49222,21.5,0.947196,0.263194,0.124841,0.552404
60,0.619723,3.56314,0.539096,1,5.49222,21.5,0.947196,0.263194,0.124841,0.552404
1045,-0.266981,3.57151,0.684213,0,5.99222,21.5,0.961559,0.263194,0.124826,0.566767
59,-0.291495,3.57228,0.529543,0,5.99222,21.5,0.961559,0.263194,0.124826,0.566767
187,-0.223954,3.57108,0.822473,0,5.99222,21.5,0.961559,0.263194,0.124826,0.566767
1045,-0.266981,3.57151,0.684213,0,5.99222,21.5,0.961559,0.263194,0.124826,0.566767
616,-0.156425,3.57105,0.938037,0,5.99222,21.5,0.961559,0.263194,0.124826,0.566767
187,-0.223954,3.57108,0.822473,0,5.99222,21.5,0.961559,0.263194,0.124826,0.566767
16,-0.0717474,3.57137,1.02721,0,5.99222,21.5,0.961559,0.263194,0.124826,0.566767
616,-0.156425,3.57105,0.938037,0,5.99222,21.5,0.961559,0.263194,0.124826,0.566767
16,-0.0717474,3.57137,1.02721,0,5.99222,21.5,0.961559,0.263194,0.124826,0.566767
615,0.0252626,3.57177,1.07753,0,5.99222,21.5,0.961559,0.263194,0.124826,0.566767
615,0.0252626,3.57177,1.07753,0,5.99222,21.5,0.961559,0.263194,0.124826,0.566767
186,0.12484,3.572,1.09425,0,5.99222,21.5,0.961559,0.263194,0.124826,0.566767
186,0.12484,3.572,1.09425,0,5.99222,21.5,0.961559,0.263194,0.124826,0.566767
1044,0.224449,3.57181,1.07775,0,5.99222,21.5,0.961559,0.263194,0.124826,0.566767
1044,0.224449,3.57181,1.07775,0,5.99222,21.5,0.961559,0.263194,0.124826,0.566767
38,0.321624,3.57138,1.02752,0,5.99222,21.5,0.961559,0.263194,0.124826,0.566767
38,0.321624,3.57138,1.02752,0,5.99222,21.5,0.961559,0.263194,0.124826,0.566767
664,0.406384,3.57109,0.93818,0,5.99222,21.5,0.961559,0.263194,0.124826,0.566767
664,0.406384,3.57109,0.93818,0,5.99222,21.5,0.961559,0.263194,0.124826,0.566767
235,0.473847,3.57119,0.822412,0,5.99222,21.5,0.961559,0.263194,0.124826,0.566767
235,0.473847,3.57119,0.822412,0,5.99222,21.5,0.961559,0.263194,0.124826,0.566767
1093,0.516941,3.57149,0.684114,0,5.99222,21.5,0.961559,0.263194,0.124826,0.566767
1093,0.516941,3.57149,0.684114,0,5.99222,21.5,0.961559,0.263194,0.124826,0.566767
60,0.541631,3.57239,0.529643,0,5.99222,21.5,0.961559,0.263194,0.124826,0.566767
1045,-0.347731,3.59205,0.706406,1,5.99222,21.5,0.961559,0.263194,0.124826,0.566767
59,-0.38071,3.59228,0.545257,1,5.99222,21.5,0.961559,0.263194,0.124826,0.566767
187,-0.277221,3.59195,0.842758,1,5.99222,21.5,0.961559,0.263194,0.124826,0.566767
1045,-0.347731,3.59205,0.706406,1,5.99222,21.5,0.961559,0.263194,0.124826,0.566767
616,-0.181878,3.59192,0.945705,1,5.99222,21.5,0.961559,0.263194,0.124826,0.566767
187,-0.277221,3.59195,0.842758,1,5.99222,21.5,0.961559,0.263194,0.124826,0.566767
16,-0.0757798,3.59182,1.01495,1,5.99222,21.5,0.961559,0.263194,0.124826,0.566767
616,-0.181878,3.59192,0.945705,1,5.99222,21.5,0.961559,0.263194,0.124826,0.566767
16,-0.0757798,3.59182,1.01495,1,5.99222,21.5,0.961559,0.263194,0.124826,0.566767
615,0.0290083,3.59174,1.04442,1,5.99222,21.5,0.961559,0.263194,0.124826,0.566767
615,0.0290083,3.59174,1.04442,1,5.99222,21.5,0.961559,0.263194,0.124826,0.566767
186,0.125117,3.59166,1.05241,1,5.99222,21.5,0.961559,0.263194,0.124826,0.566767
186,0.125117,3.59166,1.05241,1,5.99222,21.5,0.961559,0.263194,0.124826,0.566767
1044,0.221262,3.59174,1.04443,1,5.99222,21.5,0.961559,0.263194,0.124826,0.566767
1044,0.221262,3.59174,1.04443,1,5.99222,21.5,0.961559,0.263194,0.124826,0.566767
38,0.325964,3.59182,1.01475,1,5.99222,21.5,0.961559,0.263194,0.124826,0.566767
38,0.325964,3.59182,1.01475,1,5.99222,21.5,0.961559,0.263194,0.124826,0.566767
664,0.431982,3.59192,0.945526,1,5.99222,21.5,0.961559,0.263194,0.124826,0.566767
664,0.431982,3.59192,0.945526,1,5.99222,21.5,0.961559,0.263194,0.124826,0.566767
235,0.527304,3.59199,0.842588,1,5.99222,21.5,0.961559,0.263194,0.124826,0.566767
235,0.527304,3.59199,0.842588,1,5.99222,21.5,0.961559,0.263194,0.124826,0.566767
1093,0.597756,3.59208,0.706226,1,5.99222,21.5,0.961559,0.263194,0.124826,0.566767
1093,0.597756,3.59208,0.706226,1,5.99222,21.5,0.961559,0.263194,0.124826,0.566767
60,0.630821,3.59226,0.545215,1,5.99222,21.5,0.961559,0.263194,0.124826,0.566767
1045,-0.271258,3.60132,0.691493,0,6.49222,21.5,0.972269,0.263194,0.124813,0.577477
59,-0.297831,3.60221,0.534509,0,6.49222,21.5,0.972269,0.263194,0.124813,0.577477
187,-0.227126,3.60091,0.830997,0,6.49222,21.5,0.972269,0.263194,0.124813,0.577477
1045,-0.271258,3.60132,0.691493,0,6.49222,21.5,0.972269,0.263194,0.124813,0.577477
616,-0.158547,3.60076,0.947549,0,6.49222,21.5,0.972269,0.263194,0.124813,0.577477
187,-0.227126,3.60091,0.830997,0,6.49222,21.5,0.972269,0.263194,0.124813,0.577477
16,-0.0730372,3.601,1.03762,0,6.49222,21.5,0.972269,0.263194,0.124813,0.577477
616,-0.158547,3.60076,0.947549,0,6.49222,21.5,0.972269,0.263194,0.124813,0.577477
16,-0.0730372,3.601,1.03762,0,6.49222,21.5,0.972269,0.263194,0.124813,0.577477
615,0.0248843,3.60128,1.0888,0,6.49222,21.5,0.972269,0.263194,0.124813,0.577477
615,0.0248843,3.60128,1.0888,0,6.49222,21.5,0.972269,0.263194,0.124813,0.577477
186,0.124968,3.60158,1.10599,0,6.49222,21.5,0.972269,0.263194,0.124813,0.577477
186,0.124968,3.60158,1.10599,0,6.49222,21.5,0.972269,0.263194,0.124813,0.577477
1044,0.225131,3.60138,1.08873,0,6.49222,21.5,0.972269,0.263194,0.124813,0.577477
1044,0.225131,3.60138,1.08873,0,6.49222,21.5,0.972269,0.263194,0.124813,0.577477
38,0.323056,3.60101,1.03757,0,6.49222,21.5,0.972269,0.263194,0.124813,0.577477
38,0.323056,3.60101,1.03757,0,6.49222,21.5,0.972269,0.263194,0.124813,0.577477
664,0.408487,3.60075,0.947527,0,6.49222,21.5,0.972269,0.263194,0.124813,0.577477
664,0.408487,3.60075,0.947527,0,6.49222,21.5,0.972269,0.263194,0.124813,0.577477
235,0.477019,3.60095,0.831014,0,6.49222,21.5,0.972269,0.263194,0.124813,0.577477
235,0.477019,3.60095,0.831014,0,6.49222,21.5,0.972269,0.263194,0.124813,0.577477
1093,0.521226,3.60133,0.691542,0,6.49222,21.5,0.972269,0.263194,0.124813,0.577477
1093,0.521226,3.60133,0.691542,0,6.49222,21.5,0.972269,0.263194,0.124813,0.577477
60,0.547857,3.60212,0.534581,0,6.49222,21.5,0.972269,0.263194,0.124813,0.577477
1045,-0.358041,3.62103,0.714888,1,6.49222,21.5,0.972269,0.263194,0.124813,0.577477
59,-0.392019,3.62117,0.550409,1,6.49222,21.5,0.972269,0.263194,0.124813,0.577477
187,-0.285329,3.62111,0.853108,1,6.49222,21.5,0.972269,0.263194,0.124813,0.577477
1045,-0.358041,3.62103,0.714888,1,6.49222,21.5,0.972269,0.263194,0.124813,0.577477
616,-0.187196,3.62124,0.956607,1,6.49222,21.5,0.972269,0.263194,0.124813,0.577477
187,-0.285329,3.62111,0.853108,1,6.49222,21.5,0.972269,0.263194,0.124813,0.577477
16,-0.0784547,3.62128,1.02524,1,6.49222,21.5,0.972269,0.263194,0.124813,0.577477
616,-0.187196,3.62124,0.956607,1,6.49222,21.5,0.972269,0.263194,0.124813,0.577477
16,-0.0784547,3.62128,1.02524,1,6.49222,21.5,0.972269,0.263194,0.124813,0.577477
615,0.0280649,3.62126,1.0541,1,6.49222,21.5,0.972269,0.263194,0.124813,0.577477
615,0.0280649,3.62126,1.0541,1,6.49222,21.5,0.972269,0.263194,0.124813,0.577477
186,0.125039,3.62119,1.06205,1,6.49222,21.5,0.972269,0.263194,0.124813,0.577477
186,0.125039,3.62119,1.06205,1,6.49222,21.5,0.972269,0.263194,0.124813,0.577477
1044,0.222053,3.62126,1.05394,1,6.49222,21.5,0.972269,0.263194,0.124813,0.577477
1044,0.222053,3.62126,1.05394,1,6.49222,21.5,0.972269,0.263194,0.124813,0.577477
38,0.328456,3.62128,1.02487,1,6.49222,21.5,0.972269,0.263194,0.124813,0.577477
38,0.328456,3.62128,1.02487,1,6.49222,21.5,0.972269,0.263194,0.124813,0.577477
664,0.437089,3.62123,0.956233,1,6.49222,21.5,0.972269,0.263194,0.124813,0.577477
664,0.437089,3.62123,0.956233,1,6.49222,21.5,0.972269,0.263194,0.124813,0.577477
235,0.535235,3.62115,0.852807,1,6.49222,21.5,0.972269,0.263194,0.124813,0.577477
235,0.535235,3.62115,0.852807,1,6.49222,21.5,0.972269,0.263194,0.124813,0.577477
1093,0.607943,3.6211,0.714588,1,6.49222,21.5,0.972269,0.263194,0.124813,0.577477
1093,0.607943,3.6211,0.714588,1,6.49222,21.5,0.972269,0.263194,0.124813,0.577477
60,0.641998,3.62125,0.550226,1,6.49222,21.5,0.972269,0.263194,0.124813,0.577477
1045,-0.275295,3.63084,0.698545,0,6.99222,21.5,0.982893,0.263194,0.124816,0.588101
59,-0.303856,3.63145,0.539541,0,6.99222,21.5,0.982893,0.263194,0.124816,0.588101
187,-0.230266,3.63062,0.839367,0,6.99222,21.5,0.982893,0.263194,0.124816,0.588101
1045,-0.275295,3.63084,0.698545,0,6.99222,21.5,0.982893,0.263194,0.124816,0.588101
616,-0.160639,3.63063,0.956668,0,6.99222,21.5,0.982893,0.263194,0.124816,0.588101
187,-0.230266,3.63062,0.839367,0,6.99222,21.5,0.982893,0.263194,0.124816,0.588101
16,-0.0739741,3.63089,1.04703,0,6.99222,21.5,0.982893,0.263194,0.124816,0.588101
616,-0.160639,3.63063,0.956668,0,6.99222,21.5,0.982893,0.263194,0.124816,0.588101
16,-0.0739741,3.63089,1.04703,0,6.99222,21.5,0.982893,0.263194,0.124816,0.588101
615,0.0245819,3.63119,1.09838,0,6.99222,21.5,0.982893,0.263194,0.124816,0.588101
615,0.0245819,3.63119,1.09838,0,6.99222,21.5,0.982893,0.263194,0.124816,0.588101
186,0.124967,3.63142,1.11592,0,6.99222,21.5,0.982893,0.263194,0.124816,0.588101
186,0.124967,3.63142,1.11592,0,6.99222,21.5,0.982893,0.263194,0.124816,0.588101
1044,0.225342,3.63121,1.09825,0,6.99222,21.5,0.982893,0.263194,0.124816,0.588101
1044,0.225342,3.63121,1.09825,0,6.99222,21.5,0.982893,0.263194,0.124816,0.588101
38,0.323921,3.63087,1.04693,0,6.99222,21.5,0.982893,0.263194,0.124816,0.588101
38,0.323921,3.63087,1.04693,0,6.99222,21.5,0.982893,0.263194,0.124816,0.588101
664,0.410592,3.63063,0.95663,0,6.99222,21.5,0.982893,0.263194,0.124816,0.588101
664,0.410592,3.63063,0.95663,0,6.99222,21.5,0.982893,0.263194,0.124816,0.588101
235,0.480251,3.6306,0.839321,0,6.99222,21.5,0.982893,0.263194,0.124816,0.588101
235,0.480251,3.6306,0.839321,0,6.99222,21.5,0.982893,0.263194,0.124816,0.588101
1093,0.525258,3.6307,0.698548,0,6.99222,21.5,0.982893,0.263194,0.124816,0.588101
1093,0.525258,3.6307,0.698548,0,6.99222,21.5,0.982893,0.263194,0.124816,0.588101
60,0.55392,3.6315,0.53966,0,6.99222,21.5,0.982893,0.263194,0.124816,0.588101
1045,-0.367981,3.64794,0.722983,1,6.99222,21.5,0.982893,0.263194,0.124816,0.588101
59,-0.402995,3.64792,0.555301,1,6.99222,21.5,0.982893,0.263194,0.124816,0.588101
187,-0.293218,3.64805,0.863142,1,6.99222,21.5,0.982893,0.263194,0.124816,0.588101
1045,-0.367981,3.64794,0.722983,1,6.99222,21.5,0.982893,0.263194,0.124816,0.588101
616,-0.192245,3.64813,0.967202,1,6.99222,21.5,0.982893,0.263194,0.124816,0.588101
187,-0.293218,3.64805,0.863142,1,6.99222,21.5,0.982893,0.263194,0.124816,0.588101
16,-0.0810155,3.64812,1.03535,1,6.99222,21.5,0.982893,0.263194,0.124816,0.588101
616,-0.192245,3.64813,0.967202,1,6.99222,21.5,0.982893,0.263194,0.124816,0.588101
16,-0.0810155,3.64812,1.03535,1,6.99222,21.5,0.982893,0.263194,0.124816,0.588101
615,0.0271946,3.64806,1.06376,1,6.99222,21.5,0.982893,0.263194,0.124816,0.588101
615,0.0271946,3.64806,1.06376,1,6.99222,21.5,0.982893,0.263194,0.124816,0.588101
186,0.125122,3.648,1.07198,1,6.99222,21.5,0.982893,0.263194,0.124816,0.588101
186,0.125122,3.648,1.07198,1,6.99222,21.5,0.982893,0.263194,0.124816,0.588101
1044,0.223117,3.64808,1.06383,1,6.99222,21.5,0.982893,0.263194,0.124816,0.588101
1044,0.223117,3.64808,1.06383,1,6.99222,21.5,0.982893,0.263194,0.124816,0.588101
38,0.331282,3.64814,1.03525,1,6.99222,21.5,0.982893,0.263194,0.124816,0.588101
38,0.331282,3.64814,1.03525,1,6.99222,21.5,0.982893,0.263194,0.124816,0.588101
664,0.442438,3.6481,0.967054,1,6.99222,21.5,0.982893,0.263194,0.124816,0.588101
664,0.442438,3.6481,0.967054,1,6.99222,21.5,0.982893,0.263194,0.124816,0.588101
235,0.54334,3.648,0.862989,1,6.99222,21.5,0.982893,0.263194,0.124816,0.588101
235,0.54334,3.648,0.862989,1,6.99222,21.5,0.982893,0.263194,0.124816,0.588101
1093,0.61805,3.64791,0.722872,1,6.99222,21.5,0.982893,0.263194,0.124816,0.588101
1093,0.61805,3.64791,0.722872,1,6.99222,21.5,0.982893,0.263194,0.124816,0.588101
60,0.653057,3.64804,0.555199,1,6.99222,21.5,0.982893,0.263194,0.124816,0.588101
1045,-0.279126,3.65978,0.70586,0,7.49222,21.5,0.994172,0.263194,0.124789,0.59938
59,-0.309338,3.6603,0.544827,0,7.49222,21.5,0.994172,0.263194,0.124789,0.59938
187,-0.233479,3.65965,0.847913,0,7.49222,21.5,0.994172,0.263194,0.124789,0.59938
1045,-0.279126,3.65978,0.70586,0,7.49222,21.5,0.994172,0.263194,0.124789,0.59938
616,-0.162959,3.65979,0.966329,0,7.49222,21.5,0.994172,0.263194,0.124789,0.59938
187,-0.233479,3.65965,0.847913,0,7.49222,21.5,0.994172,0.263194,0.124789,0.59938
16,-0.0751868,3.66011,1.05714,0,7.49222,21.5,0.994172,0.263194,0.124789,0.59938
616,-0.162959,3.65979,0.966329,0,7.49222,21.5,0.994172,0.263194,0.124789,0.59938
16,-0.0751868,3.66011,1.05714,0,7.49222,21.5,0.994172,0.263194,0.124789,0.59938
615,0.0242767,3.66047,1.10871,0,7.49222,21.5,0.994172,0.263194,0.124789,0.59938
615,0.0242767,3.66047,1.10871,0,7.49222,21.5,0.994172,0.263194,0.124789,0.59938
186,0.124985,3.66071,1.12659,0,7.49222,21.5,0.994172,0.263194,0.124789,0.59938
186,0.124985,3.66071,1.12659,0,7.49222,21.5,0.994172,0.263194,0.124789,0.59938
1044,0.225652,3.66043,1.10877,0,7.49222,21.5,0.994172,0.263194,0.124789,0.59938
1044,0.225652,3.66043,1.10877,0,7.49222,21.5,0.994172,0.263194,0.124789,0.59938
38,0.325102,3.66009,1.05718,0,7.49222,21.5,0.994172,0.263194,0.124789,0.59938
38,0.325102,3.66009,1.05718,0,7.49222,21.5,0.994172,0.263194,0.124789,0.59938
664,0.412902,3.65978,0.966365,0,7.49222,21.5,0.994172,0.263194,0.124789,0.59938
664,0.412902,3.65978,0.966365,0,7.49222,21.5,0.994172,0.263194,0.124789,0.59938
235,0.483368,3.65966,0.847939,0,7.49222,21.5,0.994172,0.263194,0.124789,0.59938
235,0.483368,3.65966,0.847939,0,7.49222,21.5,0.994172,0.263194,0.124789,0.59938
1093,0.529045,3.65968,0.705905,0,7.49222,21.5,0.994172,0.263194,0.124789,0.59938
1093,0.529045,3.65968,0.705905,0,7.49222,21.5,0.994172,0.263194,0.124789,0.59938
60,0.559304,3.66031,0.544911,0,7.49222,21.5,0.994172,0.263194,0.124789,0.59938
1045,-0.376766,3.6746,0.730079,1,7.49222,21.5,0.994172,0.263194,0.124789,0.59938
59,-0.412938,3.67451,0.55955,1,7.49222,21.5,0.994172,0.263194,0.124789,0.59938
187,-0.300305,3.67476,0.871978,1,7.49222,21.5,0.994172,0.263194,0.124789,0.59938
1045,-0.376766,3.6746,0.730079,1,7.49222,21.5,0.994172,0.263194,0.124789,0.59938
616,-0.197144,3.67489,0.976857,1,7.49222,21.5,0.994172,0.263194,0.124789,0.59938
187,-0.300305,3.67476,0.871978,1,7.49222,21.5,0.994172,0.263194,0.124789,0.59938
16,-0.0837785,3.67489,1.04495,1,7.49222,21.5,0.994172,0.263194,0.124789,0.59938
616,-0.197144,3.67489,0.976857,1,7.49222,21.5,0.994172,0.263194,0.124789,0.59938
16,-0.0837785,3.67489,1.04495,1,7.49222,21.5,0.994172,0.263194,0.124789,0.59938
615,0.0260079,3.67484,1.07332,1,7.49222,21.5,0.994172,0.263194,0.124789,0.59938
615,0.0260079,3.67484,1.07332,1,7.49222,21.5,0.994172,0.263194,0.124789,0.59938
186,0.124966,3.67477,1.08181,1,7.49222,21.5,0.994172,0.263194,0.124789,0.59938
186,0.124966,3.67477,1.08181,1,7.49222,21.5,0.994172,0.263194,0.124789,0.59938
1044,0.223969,3.67485,1.07335,1,7.49222,21.5,0.994172,0.263194,0.124789,0.59938
1044,0.223969,3.67485,1.07335,1,7.49222,21.5,0.994172,0.263194,0.124789,0.59938
38,0.333715,3.67488,1.04482,1,7.49222,21.5,0.994172,0.263194,0.124789,0.59938
38,0.333715,3.67488,1.04482,1,7.49222,21.5,0.994172,0.263194,0.124789,0.59938
664,0.446997,3.67487,0.976665,1,7.49222,21.5,0.994172,0.263194,0.124789,0.59938
664,0.446997,3.67487,0.976665,1,7.49222,21.5,0.994172,0.263194,0.124789,0.59938
235,0.550132,3.67473,0.871819,1,7.49222,21.5,0.994172,0.263194,0.124789,0.59938
235,0.550132,3.67473,0.871819,1,7.49222,21.5,0.994172,0.263194,0.124789,0.59938
1093,0.626602,3.67458,0.729969,1,7.49222,21.5,0.994172,0.263194,0.124789,0.59938
1093,0.626602,3.67458,0.729969,1,7.49222,21.5,0.994172,0.263194,0.124789,0.59938
60,0.662812,3.67469,0.559484,1,7.49222,21.5,0.994172,0.263194,0.124789,0.59938
