id,x,y,z,ablated,v,bulkheadyoungs,nickdepth,nickw,nickc,bbmin
1045,-0.319263,3.43222,0.643967,0,3.49222,0.1,0.729959,0.134028,0.12484,0.528917
59,-0.346302,3.43251,0.498487,0,3.49222,0.1,0.729959,0.134028,0.12484,0.528917
187,-0.262725,3.4316,0.77615,0,3.49222,0.1,0.729959,0.134028,0.12484,0.528917
1045,-0.319263,3.43222,0.643967,0,3.49222,0.1,0.729959,0.134028,0.12484,0.528917
616,-0.180347,3.43083,0.881983,0,3.49222,0.1,0.729959,0.134028,0.12484,0.528917
187,-0.262725,3.4316,0.77615,0,3.49222,0.1,0.729959,0.134028,0.12484,0.528917
16,-0.0811133,3.43008,0.956929,0,3.49222,0.1,0.729959,0.134028,0.12484,0.528917
616,-0.180347,3.43083,0.881983,0,3.49222,0.1,0.729959,0.134028,0.12484,0.528917
16,-0.0811133,3.43008,0.956929,0,3.49222,0.1,0.729959,0.134028,0.12484,0.528917
615,0.0229535,3.42955,0.997947,0,3.49222,0.1,0.729959,0.134028,0.12484,0.528917
615,0.0229535,3.42955,0.997947,0,3.49222,0.1,0.729959,0.134028,0.12484,0.528917
186,0.125029,3.42939,1.01031,0,3.49222,0.1,0.729959,0.134028,0.12484,0.528917
186,0.125029,3.42939,1.01031,0,3.49222,0.1,0.729959,0.134028,0.12484,0.528917
1044,0.227102,3.42955,0.997924,0,3.49222,0.1,0.729959,0.134028,0.12484,0.528917
1044,0.227102,3.42955,0.997924,0,3.49222,0.1,0.729959,0.134028,0.12484,0.528917
38,0.331171,3.43008,0.956915,0,3.49222,0.1,0.729959,0.134028,0.12484,0.528917
38,0.331171,3.43008,0.956915,0,3.49222,0.1,0.729959,0.134028,0.12484,0.528917
664,0.430408,3.43082,0.88198,0,3.49222,0.1,0.729959,0.134028,0.12484,0.528917
664,0.430408,3.43082,0.88198,0,3.49222,0.1,0.729959,0.134028,0.12484,0.528917
235,0.512777,3.4316,0.776146,0,3.49222,0.1,0.729959,0.134028,0.12484,0.528917
235,0.512777,3.4316,0.776146,0,3.49222,0.1,0.729959,0.134028,0.12484,0.528917
1093,0.569291,3.43222,0.643966,0,3.49222,0.1,0.729959,0.134028,0.12484,0.528917
1093,0.569291,3.43222,0.643966,0,3.49222,0.1,0.729959,0.134028,0.12484,0.528917
60,0.596328,3.4325,0.498502,0,3.49222,0.1,0.729959,0.134028,0.12484,0.528917
1045,-0.328857,3.43191,0.647074,1,3.49222,0.1,0.729959,0.134028,0.12484,0.528917
59,-0.355002,3.43218,0.500448,1,3.49222,0.1,0.729959,0.134028,0.12484,0.528917
187,-0.267918,3.43128,0.778268,1,3.49222,0.1,0.729959,0.134028,0.12484,0.528917
1045,-0.328857,3.43191,0.647074,1,3.49222,0.1,0.729959,0.134028,0.12484,0.528917
616,-0.181992,3.43048,0.881812,1,3.49222,0.1,0.729959,0.134028,0.12484,0.528917
187,-0.267918,3.43128,0.778268,1,3.49222,0.1,0.729959,0.134028,0.12484,0.528917
16,-0.0812205,3.42969,0.954842,1,3.49222,0.1,0.729959,0.134028,0.12484,0.528917
616,-0.181992,3.43048,0.881812,1,3.49222,0.1,0.729959,0.134028,0.12484,0.528917
16,-0.0812205,3.42969,0.954842,1,3.49222,0.1,0.729959,0.134028,0.12484,0.528917
615,0.0230212,3.42914,0.995052,1,3.49222,0.1,0.729959,0.134028,0.12484,0.528917
615,0.0230212,3.42914,0.995052,1,3.49222,0.1,0.729959,0.134028,0.12484,0.528917
186,0.125016,3.42897,1.00736,1,3.49222,0.1,0.729959,0.134028,0.12484,0.528917
186,0.125016,3.42897,1.00736,1,3.49222,0.1,0.729959,0.134028,0.12484,0.528917
1044,0.22701,3.42914,0.995039,1,3.49222,0.1,0.729959,0.134028,0.12484,0.528917
1044,0.22701,3.42914,0.995039,1,3.49222,0.1,0.729959,0.134028,0.12484,0.528917
38,0.331247,3.42969,0.954819,1,3.49222,0.1,0.729959,0.134028,0.12484,0.528917
38,0.331247,3.42969,0.954819,1,3.49222,0.1,0.729959,0.134028,0.12484,0.528917
664,0.432016,3.43047,0.881792,1,3.49222,0.1,0.729959,0.134028,0.12484,0.528917
664,0.432016,3.43047,0.881792,1,3.49222,0.1,0.729959,0.134028,0.12484,0.528917
235,0.51794,3.43128,0.778256,1,3.49222,0.1,0.729959,0.134028,0.12484,0.528917
235,0.51794,3.43128,0.778256,1,3.49222,0.1,0.729959,0.134028,0.12484,0.528917
1093,0.578885,3.43191,0.647076,1,3.49222,0.1,0.729959,0.134028,0.12484,0.528917
1093,0.578885,3.43191,0.647076,1,3.49222,0.1,0.729959,0.134028,0.12484,0.528917
60,0.605025,3.43218,0.500461,1,3.49222,0.1,0.729959,0.134028,0.12484,0.528917
1045,-0.355323,3.44809,0.651716,0,3.99222,0.1,0.762453,0.134028,0.124832,0.561412
59,-0.382953,3.44819,0.495842,0,3.99222,0.1,0.762453,0.134028,0.124832,0.561412
187,-0.29228,3.44767,0.791787,0,3.99222,0.1,0.762453,0.134028,0.124832,0.561412
1045,-0.355323,3.44809,0.651716,0,3.99222,0.1,0.762453,0.134028,0.124832,0.561412
616,-0.200816,3.44707,0.901845,0,3.99222,0.1,0.762453,0.134028,0.124832,0.561412
187,-0.29228,3.44767,0.791787,0,3.99222,0.1,0.762453,0.134028,0.124832,0.561412
16,-0.092157,3.44643,0.977494,0,3.99222,0.1,0.762453,0.134028,0.124832,0.561412
616,-0.200816,3.44707,0.901845,0,3.99222,0.1,0.762453,0.134028,0.124832,0.561412
16,-0.092157,3.44643,0.977494,0,3.99222,0.1,0.762453,0.134028,0.124832,0.561412
615,0.0197607,3.44596,1.01843,0,3.99222,0.1,0.762453,0.134028,0.124832,0.561412
615,0.0197607,3.44596,1.01843,0,3.99222,0.1,0.762453,0.134028,0.124832,0.561412
186,0.125033,3.44582,1.03034,0,3.99222,0.1,0.762453,0.134028,0.124832,0.561412
186,0.125033,3.44582,1.03034,0,3.99222,0.1,0.762453,0.134028,0.124832,0.561412
1044,0.230306,3.44596,1.01843,0,3.99222,0.1,0.762453,0.134028,0.124832,0.561412
1044,0.230306,3.44596,1.01843,0,3.99222,0.1,0.762453,0.134028,0.124832,0.561412
38,0.342226,3.44643,0.977485,0,3.99222,0.1,0.762453,0.134028,0.124832,0.561412
38,0.342226,3.44643,0.977485,0,3.99222,0.1,0.762453,0.134028,0.124832,0.561412
664,0.450882,3.44707,0.901835,0,3.99222,0.1,0.762453,0.134028,0.124832,0.561412
664,0.450882,3.44707,0.901835,0,3.99222,0.1,0.762453,0.134028,0.124832,0.561412
235,0.54234,3.44767,0.791775,0,3.99222,0.1,0.762453,0.134028,0.124832,0.561412
235,0.54234,3.44767,0.791775,0,3.99222,0.1,0.762453,0.134028,0.124832,0.561412
1093,0.605376,3.44808,0.651715,0,3.99222,0.1,0.762453,0.134028,0.124832,0.561412
1093,0.605376,3.44808,0.651715,0,3.99222,0.1,0.762453,0.134028,0.124832,0.561412
60,0.632999,3.44819,0.495856,0,3.99222,0.1,0.762453,0.134028,0.124832,0.561412
1045,-0.363002,3.44784,0.653883,1,3.99222,0.1,0.762453,0.134028,0.124832,0.561412
59,-0.389757,3.44794,0.49686,1,3.99222,0.1,0.762453,0.134028,0.124832,0.561412
187,-0.296623,3.4474,0.79352,1,3.99222,0.1,0.762453,0.134028,0.124832,0.561412
1045,-0.363002,3.44784,0.653883,1,3.99222,0.1,0.762453,0.134028,0.124832,0.561412
616,-0.20247,3.44677,0.902116,1,3.99222,0.1,0.762453,0.134028,0.124832,0.561412
187,-0.296623,3.4474,0.79352,1,3.99222,0.1,0.762453,0.134028,0.124832,0.561412
16,-0.0925788,3.44611,0.976545,1,3.99222,0.1,0.762453,0.134028,0.124832,0.561412
616,-0.20247,3.44677,0.902116,1,3.99222,0.1,0.762453,0.134028,0.124832,0.561412
16,-0.0925788,3.44611,0.976545,1,3.99222,0.1,0.762453,0.134028,0.124832,0.561412
615,0.0197121,3.44563,1.0169,1,3.99222,0.1,0.762453,0.134028,0.124832,0.561412
615,0.0197121,3.44563,1.0169,1,3.99222,0.1,0.762453,0.134028,0.124832,0.561412
186,0.125062,3.44548,1.02867,1,3.99222,0.1,0.762453,0.134028,0.124832,0.561412
186,0.125062,3.44548,1.02867,1,3.99222,0.1,0.762453,0.134028,0.124832,0.561412
1044,0.230411,3.44563,1.01689,1,3.99222,0.1,0.762453,0.134028,0.124832,0.561412
1044,0.230411,3.44563,1.01689,1,3.99222,0.1,0.762453,0.134028,0.124832,0.561412
38,0.342697,3.44611,0.976516,1,3.99222,0.1,0.762453,0.134028,0.124832,0.561412
38,0.342697,3.44611,0.976516,1,3.99222,0.1,0.762453,0.134028,0.124832,0.561412
664,0.45258,3.44676,0.902084,1,3.99222,0.1,0.762453,0.134028,0.124832,0.561412
664,0.45258,3.44676,0.902084,1,3.99222,0.1,0.762453,0.134028,0.124832,0.561412
235,0.546728,3.44739,0.793495,1,3.99222,0.1,0.762453,0.134028,0.124832,0.561412
235,0.546728,3.44739,0.793495,1,3.99222,0.1,0.762453,0.134028,0.124832,0.561412
1093,0.613111,3.44783,0.653873,1,3.99222,0.1,0.762453,0.134028,0.124832,0.561412
1093,0.613111,3.44783,0.653873,1,3.99222,0.1,0.762453,0.134028,0.124832,0.561412
60,0.639863,3.44793,0.496862,1,3.99222,0.1,0.762453,0.134028,0.124832,0.561412
1045,-0.383475,3.4684,0.657643,0,4.49222,0.1,0.789543,0.134028,0.124826,0.588502
59,-0.412302,3.46837,0.492886,0,4.49222,0.1,0.789543,0.134028,0.124826,0.588502
187,-0.315688,3.46812,0.804958,0,4.49222,0.1,0.789543,0.134028,0.124826,0.588502
1045,-0.383475,3.4684,0.657643,0,4.49222,0.1,0.789543,0.134028,0.124826,0.588502
616,-0.217674,3.46763,0.919843,0,4.49222,0.1,0.789543,0.134028,0.124826,0.588502
187,-0.315688,3.46812,0.804958,0,4.49222,0.1,0.789543,0.134028,0.124826,0.588502
16,-0.101953,3.46707,0.997938,0,4.49222,0.1,0.789543,0.134028,0.124826,0.588502
616,-0.217674,3.46763,0.919843,0,4.49222,0.1,0.789543,0.134028,0.124826,0.588502
16,-0.101953,3.46707,0.997938,0,4.49222,0.1,0.789543,0.134028,0.124826,0.588502
615,0.016689,3.46664,1.03993,0,4.49222,0.1,0.789543,0.134028,0.124826,0.588502
615,0.016689,3.46664,1.03993,0,4.49222,0.1,0.789543,0.134028,0.124826,0.588502
186,0.125037,3.46651,1.05177,0,4.49222,0.1,0.789543,0.134028,0.124826,0.588502
186,0.125037,3.46651,1.05177,0,4.49222,0.1,0.789543,0.134028,0.124826,0.588502
1044,0.233387,3.46665,1.03993,0,4.49222,0.1,0.789543,0.134028,0.124826,0.588502
1044,0.233387,3.46665,1.03993,0,4.49222,0.1,0.789543,0.134028,0.124826,0.588502
38,0.35203,3.46707,0.997928,0,4.49222,0.1,0.789543,0.134028,0.124826,0.588502
38,0.35203,3.46707,0.997928,0,4.49222,0.1,0.789543,0.134028,0.124826,0.588502
664,0.46775,3.46762,0.919834,0,4.49222,0.1,0.789543,0.134028,0.124826,0.588502
664,0.46775,3.46762,0.919834,0,4.49222,0.1,0.789543,0.134028,0.124826,0.588502
235,0.565755,3.46811,0.804952,0,4.49222,0.1,0.789543,0.134028,0.124826,0.588502
235,0.565755,3.46811,0.804952,0,4.49222,0.1,0.789543,0.134028,0.124826,0.588502
1093,0.633538,3.46839,0.657645,0,4.49222,0.1,0.789543,0.134028,0.124826,0.588502
1093,0.633538,3.46839,0.657645,0,4.49222,0.1,0.789543,0.134028,0.124826,0.588502
60,0.662368,3.46836,0.492902,0,4.49222,0.1,0.789543,0.134028,0.124826,0.588502
1045,-0.391235,3.46821,0.659602,1,4.49222,0.1,0.789543,0.134028,0.124826,0.588502
59,-0.419013,3.46817,0.493602,1,4.49222,0.1,0.789543,0.134028,0.124826,0.588502
187,-0.320464,3.46793,0.806828,1,4.49222,0.1,0.789543,0.134028,0.124826,0.588502
1045,-0.391235,3.46821,0.659602,1,4.49222,0.1,0.789543,0.134028,0.124826,0.588502
616,-0.219788,3.46742,0.920496,1,4.49222,0.1,0.789543,0.134028,0.124826,0.588502
187,-0.320464,3.46793,0.806828,1,4.49222,0.1,0.789543,0.134028,0.124826,0.588502
16,-0.102663,3.46685,0.997393,1,4.49222,0.1,0.789543,0.134028,0.124826,0.588502
616,-0.219788,3.46742,0.920496,1,4.49222,0.1,0.789543,0.134028,0.124826,0.588502
16,-0.102663,3.46685,0.997393,1,4.49222,0.1,0.789543,0.134028,0.124826,0.588502
615,0.0165345,3.46642,1.03872,1,4.49222,0.1,0.789543,0.134028,0.124826,0.588502
615,0.0165345,3.46642,1.03872,1,4.49222,0.1,0.789543,0.134028,0.124826,0.588502
186,0.125059,3.46628,1.05039,1,4.49222,0.1,0.789543,0.134028,0.124826,0.588502
186,0.125059,3.46628,1.05039,1,4.49222,0.1,0.789543,0.134028,0.124826,0.588502
1044,0.233584,3.46642,1.03871,1,4.49222,0.1,0.789543,0.134028,0.124826,0.588502
1044,0.233584,3.46642,1.03871,1,4.49222,0.1,0.789543,0.134028,0.124826,0.588502
38,0.352779,3.46685,0.997369,1,4.49222,0.1,0.789543,0.134028,0.124826,0.588502
38,0.352779,3.46685,0.997369,1,4.49222,0.1,0.789543,0.134028,0.124826,0.588502
664,0.469897,3.46741,0.920468,1,4.49222,0.1,0.789543,0.134028,0.124826,0.588502
664,0.469897,3.46741,0.920468,1,4.49222,0.1,0.789543,0.134028,0.124826,0.588502
235,0.570566,3.46791,0.806804,1,4.49222,0.1,0.789543,0.134028,0.124826,0.588502
235,0.570566,3.46791,0.806804,1,4.49222,0.1,0.789543,0.134028,0.124826,0.588502
1093,0.641334,3.4682,0.659589,1,4.49222,0.1,0.789543,0.134028,0.124826,0.588502
1093,0.641334,3.4682,0.659589,1,4.49222,0.1,0.789543,0.134028,0.124826,0.588502
60,0.66911,3.46816,0.493602,1,4.49222,0.1,0.789543,0.134028,0.124826,0.588502
1045,-0.407703,3.49062,0.662922,0,4.99222,0.1,0.811733,0.134028,0.12482,0.610692
59,-0.4378,3.49047,0.490322,0,4.99222,0.1,0.811733,0.134028,0.12482,0.610692
187,-0.335984,3.49045,0.816804,0,4.99222,0.1,0.811733,0.134028,0.12482,0.610692
1045,-0.407703,3.49062,0.662922,0,4.99222,0.1,0.811733,0.134028,0.12482,0.610692
616,-0.232521,3.49005,0.936304,0,4.99222,0.1,0.811733,0.134028,0.12482,0.610692
187,-0.335984,3.49045,0.816804,0,4.99222,0.1,0.811733,0.134028,0.12482,0.610692
16,-0.110765,3.48955,1.01699,0,4.99222,0.1,0.811733,0.134028,0.12482,0.610692
616,-0.232521,3.49005,0.936304,0,4.99222,0.1,0.811733,0.134028,0.12482,0.610692
16,-0.110765,3.48955,1.01699,0,4.99222,0.1,0.811733,0.134028,0.12482,0.610692
615,0.0138075,3.48916,1.06016,0,4.99222,0.1,0.811733,0.134028,0.12482,0.610692
615,0.0138075,3.48916,1.06016,0,4.99222,0.1,0.811733,0.134028,0.12482,0.610692
186,0.125041,3.48903,1.07204,0,4.99222,0.1,0.811733,0.134028,0.12482,0.610692
186,0.125041,3.48903,1.07204,0,4.99222,0.1,0.811733,0.134028,0.12482,0.610692
1044,0.236277,3.48916,1.06015,0,4.99222,0.1,0.811733,0.134028,0.12482,0.610692
1044,0.236277,3.48916,1.06015,0,4.99222,0.1,0.811733,0.134028,0.12482,0.610692
38,0.360852,3.48955,1.01698,0,4.99222,0.1,0.811733,0.134028,0.12482,0.610692
38,0.360852,3.48955,1.01698,0,4.99222,0.1,0.811733,0.134028,0.12482,0.610692
664,0.482604,3.49005,0.936292,0,4.99222,0.1,0.811733,0.134028,0.12482,0.610692
664,0.482604,3.49005,0.936292,0,4.99222,0.1,0.811733,0.134028,0.12482,0.610692
235,0.586056,3.49045,0.816794,0,4.99222,0.1,0.811733,0.134028,0.12482,0.610692
235,0.586056,3.49045,0.816794,0,4.99222,0.1,0.811733,0.134028,0.12482,0.610692
1093,0.657767,3.49061,0.662921,0,4.99222,0.1,0.811733,0.134028,0.12482,0.610692
1093,0.657767,3.49061,0.662921,0,4.99222,0.1,0.811733,0.134028,0.12482,0.610692
60,0.687867,3.49047,0.49034,0,4.99222,0.1,0.811733,0.134028,0.12482,0.610692
1045,-0.41529,3.49046,0.664513,1,4.99222,0.1,0.811733,0.134028,0.12482,0.610692
59,-0.444329,3.4903,0.490648,1,4.99222,0.1,0.811733,0.134028,0.12482,0.610692
187,-0.340759,3.49029,0.818451,1,4.99222,0.1,0.811733,0.134028,0.12482,0.610692
1045,-0.41529,3.49046,0.664513,1,4.99222,0.1,0.811733,0.134028,0.12482,0.610692
616,-0.234746,3.48989,0.936914,1,4.99222,0.1,0.811733,0.134028,0.12482,0.610692
187,-0.340759,3.49029,0.818451,1,4.99222,0.1,0.811733,0.134028,0.12482,0.610692
16,-0.111596,3.48938,1.01654,1,4.99222,0.1,0.811733,0.134028,0.12482,0.610692
616,-0.234746,3.48989,0.936914,1,4.99222,0.1,0.811733,0.134028,0.12482,0.610692
16,-0.111596,3.48938,1.01654,1,4.99222,0.1,0.811733,0.134028,0.12482,0.610692
615,0.0136001,3.48898,1.05911,1,4.99222,0.1,0.811733,0.134028,0.12482,0.610692
615,0.0136001,3.48898,1.05911,1,4.99222,0.1,0.811733,0.134028,0.12482,0.610692
186,0.125064,3.48885,1.07085,1,4.99222,0.1,0.811733,0.134028,0.12482,0.610692
186,0.125064,3.48885,1.07085,1,4.99222,0.1,0.811733,0.134028,0.12482,0.610692
1044,0.23653,3.48898,1.0591,1,4.99222,0.1,0.811733,0.134028,0.12482,0.610692
1044,0.23653,3.48898,1.0591,1,4.99222,0.1,0.811733,0.134028,0.12482,0.610692
38,0.361726,3.48938,1.01652,1,4.99222,0.1,0.811733,0.134028,0.12482,0.610692
38,0.361726,3.48938,1.01652,1,4.99222,0.1,0.811733,0.134028,0.12482,0.610692
664,0.484868,3.48988,0.936883,1,4.99222,0.1,0.811733,0.134028,0.12482,0.610692
664,0.484868,3.48988,0.936883,1,4.99222,0.1,0.811733,0.134028,0.12482,0.610692
235,0.590873,3.49028,0.818424,1,4.99222,0.1,0.811733,0.134028,0.12482,0.610692
235,0.590873,3.49028,0.818424,1,4.99222,0.1,0.811733,0.134028,0.12482,0.610692
1093,0.6654,3.49045,0.664497,1,4.99222,0.1,0.811733,0.134028,0.12482,0.610692
1093,0.6654,3.49045,0.664497,1,4.99222,0.1,0.811733,0.134028,0.12482,0.610692
60,0.694438,3.49028,0.490646,1,4.99222,0.1,0.811733,0.134028,0.12482,0.610692
1045,-0.429434,3.5134,0.667753,0,5.49222,0.1,0.831052,0.134028,0.124816,0.63001
59,-0.460736,3.51316,0.488044,0,5.49222,0.1,0.831052,0.134028,0.124816,0.63001
187,-0.354265,3.51332,0.827659,0,5.49222,0.1,0.831052,0.134028,0.124816,0.63001
1045,-0.429434,3.5134,0.667753,0,5.49222,0.1,0.831052,0.134028,0.124816,0.63001
616,-0.245994,3.51299,0.951485,0,5.49222,0.1,0.831052,0.134028,0.124816,0.63001
187,-0.354265,3.51332,0.827659,0,5.49222,0.1,0.831052,0.134028,0.124816,0.63001
16,-0.11886,3.51254,1.03472,0,5.49222,0.1,0.831052,0.134028,0.124816,0.63001
616,-0.245994,3.51299,0.951485,0,5.49222,0.1,0.831052,0.134028,0.124816,0.63001
16,-0.11886,3.51254,1.03472,0,5.49222,0.1,0.831052,0.134028,0.124816,0.63001
615,0.0110847,3.51216,1.07908,0,5.49222,0.1,0.831052,0.134028,0.124816,0.63001
615,0.0110847,3.51216,1.07908,0,5.49222,0.1,0.831052,0.134028,0.124816,0.63001
186,0.125044,3.51204,1.09106,0,5.49222,0.1,0.831052,0.134028,0.124816,0.63001
186,0.125044,3.51204,1.09106,0,5.49222,0.1,0.831052,0.134028,0.124816,0.63001
1044,0.239008,3.51217,1.07907,0,5.49222,0.1,0.831052,0.134028,0.124816,0.63001
1044,0.239008,3.51217,1.07907,0,5.49222,0.1,0.831052,0.134028,0.124816,0.63001
38,0.368954,3.51254,1.03471,0,5.49222,0.1,0.831052,0.134028,0.124816,0.63001
38,0.368954,3.51254,1.03471,0,5.49222,0.1,0.831052,0.134028,0.124816,0.63001
664,0.496086,3.51299,0.951473,0,5.49222,0.1,0.831052,0.134028,0.124816,0.63001
664,0.496086,3.51299,0.951473,0,5.49222,0.1,0.831052,0.134028,0.124816,0.63001
235,0.604346,3.51332,0.827648,0,5.49222,0.1,0.831052,0.134028,0.124816,0.63001
235,0.604346,3.51332,0.827648,0,5.49222,0.1,0.831052,0.134028,0.124816,0.63001
1093,0.679507,3.5134,0.667749,0,5.49222,0.1,0.831052,0.134028,0.124816,0.63001
1093,0.679507,3.5134,0.667749,0,5.49222,0.1,0.831052,0.134028,0.124816,0.63001
60,0.71081,3.51315,0.488059,0,5.49222,0.1,0.831052,0.134028,0.124816,0.63001
1045,-0.437567,3.51323,0.669117,1,5.49222,0.1,0.831052,0.134028,0.124816,0.63001
59,-0.467654,3.51297,0.48804,1,5.49222,0.1,0.831052,0.134028,0.124816,0.63001
187,-0.359658,3.51316,0.829291,1,5.49222,0.1,0.831052,0.134028,0.124816,0.63001
1045,-0.437567,3.51323,0.669117,1,5.49222,0.1,0.831052,0.134028,0.124816,0.63001
616,-0.248704,3.51282,0.952202,1,5.49222,0.1,0.831052,0.134028,0.124816,0.63001
187,-0.359658,3.51316,0.829291,1,5.49222,0.1,0.831052,0.134028,0.124816,0.63001
16,-0.119979,3.51236,1.03437,1,5.49222,0.1,0.831052,0.134028,0.124816,0.63001
616,-0.248704,3.51282,0.952202,1,5.49222,0.1,0.831052,0.134028,0.124816,0.63001
16,-0.119979,3.51236,1.03437,1,5.49222,0.1,0.831052,0.134028,0.124816,0.63001
615,0.0107512,3.51199,1.07809,1,5.49222,0.1,0.831052,0.134028,0.124816,0.63001
615,0.0107512,3.51199,1.07809,1,5.49222,0.1,0.831052,0.134028,0.124816,0.63001
186,0.125035,3.51186,1.08991,1,5.49222,0.1,0.831052,0.134028,0.124816,0.63001
186,0.125035,3.51186,1.08991,1,5.49222,0.1,0.831052,0.134028,0.124816,0.63001
1044,0.239323,3.51199,1.07808,1,5.49222,0.1,0.831052,0.134028,0.124816,0.63001
1044,0.239323,3.51199,1.07808,1,5.49222,0.1,0.831052,0.134028,0.124816,0.63001
38,0.370058,3.51237,1.03437,1,5.49222,0.1,0.831052,0.134028,0.124816,0.63001
38,0.370058,3.51237,1.03437,1,5.49222,0.1,0.831052,0.134028,0.124816,0.63001
664,0.498779,3.51282,0.952193,1,5.49222,0.1,0.831052,0.134028,0.124816,0.63001
664,0.498779,3.51282,0.952193,1,5.49222,0.1,0.831052,0.134028,0.124816,0.63001
235,0.609721,3.51315,0.829283,1,5.49222,0.1,0.831052,0.134028,0.124816,0.63001
235,0.609721,3.51315,0.829283,1,5.49222,0.1,0.831052,0.134028,0.124816,0.63001
1093,0.687617,3.51323,0.669117,1,5.49222,0.1,0.831052,0.134028,0.124816,0.63001
1093,0.687617,3.51323,0.669117,1,5.49222,0.1,0.831052,0.134028,0.124816,0.63001
60,0.717704,3.51297,0.488058,1,5.49222,0.1,0.831052,0.134028,0.124816,0.63001
1045,-0.449364,3.53613,0.672198,0,5.99222,0.1,0.848338,0.134028,0.124811,0.647296
59,-0.48182,3.53581,0.485945,0,5.99222,0.1,0.848338,0.134028,0.124811,0.647296
187,-0.371076,3.53612,0.837696,0,5.99222,0.1,0.848338,0.134028,0.124811,0.647296
1045,-0.449364,3.53613,0.672198,0,5.99222,0.1,0.848338,0.134028,0.124811,0.647296
616,-0.258452,3.53584,0.965598,0,5.99222,0.1,0.848338,0.134028,0.124811,0.647296
187,-0.371076,3.53612,0.837696,0,5.99222,0.1,0.848338,0.134028,0.124811,0.647296
16,-0.126401,3.53542,1.05128,0,5.99222,0.1,0.848338,0.134028,0.124811,0.647296
616,-0.258452,3.53584,0.965598,0,5.99222,0.1,0.848338,0.134028,0.124811,0.647296
16,-0.126401,3.53542,1.05128,0,5.99222,0.1,0.848338,0.134028,0.124811,0.647296
615,0.0084867,3.53505,1.0968,0,5.99222,0.1,0.848338,0.134028,0.124811,0.647296
615,0.0084867,3.53505,1.0968,0,5.99222,0.1,0.848338,0.134028,0.124811,0.647296
186,0.125047,3.53492,1.10891,0,5.99222,0.1,0.848338,0.134028,0.124811,0.647296
186,0.125047,3.53492,1.10891,0,5.99222,0.1,0.848338,0.134028,0.124811,0.647296
1044,0.241612,3.53506,1.09679,0,5.99222,0.1,0.848338,0.134028,0.124811,0.647296
1044,0.241612,3.53506,1.09679,0,5.99222,0.1,0.848338,0.134028,0.124811,0.647296
38,0.376502,3.53542,1.05127,0,5.99222,0.1,0.848338,0.134028,0.124811,0.647296
38,0.376502,3.53542,1.05127,0,5.99222,0.1,0.848338,0.134028,0.124811,0.647296
664,0.508548,3.53584,0.965582,0,5.99222,0.1,0.848338,0.134028,0.124811,0.647296
664,0.508548,3.53584,0.965582,0,5.99222,0.1,0.848338,0.134028,0.124811,0.647296
235,0.621165,3.53611,0.837683,0,5.99222,0.1,0.848338,0.134028,0.124811,0.647296
235,0.621165,3.53611,0.837683,0,5.99222,0.1,0.848338,0.134028,0.124811,0.647296
1093,0.699444,3.53612,0.672194,0,5.99222,0.1,0.848338,0.134028,0.124811,0.647296
1093,0.699444,3.53612,0.672194,0,5.99222,0.1,0.848338,0.134028,0.124811,0.647296
60,0.731901,3.5358,0.48596,0,5.99222,0.1,0.848338,0.134028,0.124811,0.647296
1045,-0.457611,3.53596,0.673318,1,5.99222,0.1,0.848338,0.134028,0.124811,0.647296
59,-0.488811,3.53561,0.485657,1,5.99222,0.1,0.848338,0.134028,0.124811,0.647296
187,-0.376616,3.53596,0.839173,1,5.99222,0.1,0.848338,0.134028,0.124811,0.647296
1045,-0.457611,3.53596,0.673318,1,5.99222,0.1,0.848338,0.134028,0.124811,0.647296
616,-0.261293,3.53569,0.966236,1,5.99222,0.1,0.848338,0.134028,0.124811,0.647296
187,-0.376616,3.53596,0.839173,1,5.99222,0.1,0.848338,0.134028,0.124811,0.647296
16,-0.127612,3.53526,1.05091,1,5.99222,0.1,0.848338,0.134028,0.124811,0.647296
616,-0.261293,3.53569,0.966236,1,5.99222,0.1,0.848338,0.134028,0.124811,0.647296
16,-0.127612,3.53526,1.05091,1,5.99222,0.1,0.848338,0.134028,0.124811,0.647296
615,0.00812186,3.5349,1.0958,1,5.99222,0.1,0.848338,0.134028,0.124811,0.647296
615,0.00812186,3.5349,1.0958,1,5.99222,0.1,0.848338,0.134028,0.124811,0.647296
186,0.125053,3.53477,1.10775,1,5.99222,0.1,0.848338,0.134028,0.124811,0.647296
186,0.125053,3.53477,1.10775,1,5.99222,0.1,0.848338,0.134028,0.124811,0.647296
1044,0.241989,3.5349,1.0958,1,5.99222,0.1,0.848338,0.134028,0.124811,0.647296
1044,0.241989,3.5349,1.0958,1,5.99222,0.1,0.848338,0.134028,0.124811,0.647296
38,0.377725,3.53526,1.05089,1,5.99222,0.1,0.848338,0.134028,0.124811,0.647296
38,0.377725,3.53526,1.05089,1,5.99222,0.1,0.848338,0.134028,0.124811,0.647296
664,0.511401,3.53568,0.966217,1,5.99222,0.1,0.848338,0.134028,0.124811,0.647296
664,0.511401,3.53568,0.966217,1,5.99222,0.1,0.848338,0.134028,0.124811,0.647296
235,0.626713,3.53595,0.839154,1,5.99222,0.1,0.848338,0.134028,0.124811,0.647296
235,0.626713,3.53595,0.839154,1,5.99222,0.1,0.848338,0.134028,0.124811,0.647296
1093,0.707694,3.53595,0.673307,1,5.99222,0.1,0.848338,0.134028,0.124811,0.647296
1093,0.707694,3.53595,0.673307,1,5.99222,0.1,0.848338,0.134028,0.124811,0.647296
60,0.738891,3.53561,0.485662,1,5.99222,0.1,0.848338,0.134028,0.124811,0.647296
1045,-0.467885,3.55847,0.676348,0,6.49222,0.1,0.863593,0.134028,0.124807,0.662551
59,-0.501419,3.55808,0.483999,0,6.49222,0.1,0.863593,0.134028,0.124807,0.662551
187,-0.386729,3.55852,0.847081,0,6.49222,0.1,0.863593,0.134028,0.124807,0.662551
1045,-0.467885,3.55847,0.676348,0,6.49222,0.1,0.863593,0.134028,0.124807,0.662551
616,-0.270088,3.55829,0.978824,0,6.49222,0.1,0.863593,0.134028,0.124807,0.662551
187,-0.386729,3.55852,0.847081,0,6.49222,0.1,0.863593,0.134028,0.124807,0.662551
16,-0.133488,3.55789,1.06686,0,6.49222,0.1,0.863593,0.134028,0.124807,0.662551
616,-0.270088,3.55829,0.978824,0,6.49222,0.1,0.863593,0.134028,0.124807,0.662551
16,-0.133488,3.55789,1.06686,0,6.49222,0.1,0.863593,0.134028,0.124807,0.662551
615,0.00599941,3.55753,1.1135,0,6.49222,0.1,0.863593,0.134028,0.124807,0.662551
615,0.00599941,3.55753,1.1135,0,6.49222,0.1,0.863593,0.134028,0.124807,0.662551
186,0.12505,3.5574,1.12574,0,6.49222,0.1,0.863593,0.134028,0.124807,0.662551
186,0.12505,3.5574,1.12574,0,6.49222,0.1,0.863593,0.134028,0.124807,0.662551
1044,0.244107,3.55753,1.11349,0,6.49222,0.1,0.863593,0.134028,0.124807,0.662551
1044,0.244107,3.55753,1.11349,0,6.49222,0.1,0.863593,0.134028,0.124807,0.662551
38,0.383598,3.55789,1.06684,0,6.49222,0.1,0.863593,0.134028,0.124807,0.662551
38,0.383598,3.55789,1.06684,0,6.49222,0.1,0.863593,0.134028,0.124807,0.662551
664,0.520193,3.55829,0.978808,0,6.49222,0.1,0.863593,0.134028,0.124807,0.662551
664,0.520193,3.55829,0.978808,0,6.49222,0.1,0.863593,0.134028,0.124807,0.662551
235,0.636824,3.55852,0.847066,0,6.49222,0.1,0.863593,0.134028,0.124807,0.662551
235,0.636824,3.55852,0.847066,0,6.49222,0.1,0.863593,0.134028,0.124807,0.662551
1093,0.71797,3.55847,0.676344,0,6.49222,0.1,0.863593,0.134028,0.124807,0.662551
1093,0.71797,3.55847,0.676344,0,6.49222,0.1,0.863593,0.134028,0.124807,0.662551
60,0.751503,3.55808,0.484014,0,6.49222,0.1,0.863593,0.134028,0.124807,0.662551
1045,-0.476126,3.55831,0.677257,1,6.49222,0.1,0.863593,0.134028,0.124807,0.662551
59,-0.508398,3.55789,0.483484,1,6.49222,0.1,0.863593,0.134028,0.124807,0.662551
187,-0.392302,3.55838,0.848404,1,6.49222,0.1,0.863593,0.134028,0.124807,0.662551
1045,-0.476126,3.55831,0.677257,1,6.49222,0.1,0.863593,0.134028,0.124807,0.662551
616,-0.272979,3.55815,0.979374,1,6.49222,0.1,0.863593,0.134028,0.124807,0.662551
187,-0.392302,3.55838,0.848404,1,6.49222,0.1,0.863593,0.134028,0.124807,0.662551
16,-0.134736,3.55775,1.06644,1,6.49222,0.1,0.863593,0.134028,0.124807,0.662551
616,-0.272979,3.55815,0.979374,1,6.49222,0.1,0.863593,0.134028,0.124807,0.662551
16,-0.134736,3.55775,1.06644,1,6.49222,0.1,0.863593,0.134028,0.124807,0.662551
615,0.0056296,3.5574,1.11248,1,6.49222,0.1,0.863593,0.134028,0.124807,0.662551
615,0.0056296,3.5574,1.11248,1,6.49222,0.1,0.863593,0.134028,0.124807,0.662551
186,0.125083,3.55727,1.12457,1,6.49222,0.1,0.863593,0.134028,0.124807,0.662551
186,0.125083,3.55727,1.12457,1,6.49222,0.1,0.863593,0.134028,0.124807,0.662551
1044,0.244541,3.5574,1.11247,1,6.49222,0.1,0.863593,0.134028,0.124807,0.662551
1044,0.244541,3.5574,1.11247,1,6.49222,0.1,0.863593,0.134028,0.124807,0.662551
38,0.384908,3.55775,1.06642,1,6.49222,0.1,0.863593,0.134028,0.124807,0.662551
38,0.384908,3.55775,1.06642,1,6.49222,0.1,0.863593,0.134028,0.124807,0.662551
664,0.523144,3.55814,0.979345,1,6.49222,0.1,0.863593,0.134028,0.124807,0.662551
664,0.523144,3.55814,0.979345,1,6.49222,0.1,0.863593,0.134028,0.124807,0.662551
235,0.642453,3.55836,0.848374,1,6.49222,0.1,0.863593,0.134028,0.124807,0.662551
235,0.642453,3.55836,0.848374,1,6.49222,0.1,0.863593,0.134028,0.124807,0.662551
1093,0.726263,3.5583,0.677236,1,6.49222,0.1,0.863593,0.134028,0.124807,0.662551
1093,0.726263,3.5583,0.677236,1,6.49222,0.1,0.863593,0.134028,0.124807,0.662551
60,0.758532,3.55787,0.483479,1,6.49222,0.1,0.863593,0.134028,0.124807,0.662551
1045,-0.485228,3.5803,0.680259,0,6.99222,0.1,0.876765,0.134028,0.124803,0.675723
59,-0.519784,3.57985,0.482193,0,6.99222,0.1,0.876765,0.134028,0.124803,0.675723
187,-0.401408,3.5804,0.855915,0,6.99222,0.1,0.876765,0.134028,0.124803,0.675723
1045,-0.485228,3.5803,0.680259,0,6.99222,0.1,0.876765,0.134028,0.124803,0.675723
616,-0.281029,3.5802,0.991294,0,6.99222,0.1,0.876765,0.134028,0.124803,0.675723
187,-0.401408,3.5804,0.855915,0,6.99222,0.1,0.876765,0.134028,0.124803,0.675723
16,-0.140183,3.57982,1.08157,0,6.99222,0.1,0.876765,0.134028,0.124803,0.675723
616,-0.281029,3.5802,0.991294,0,6.99222,0.1,0.876765,0.134028,0.124803,0.675723
16,-0.140183,3.57982,1.08157,0,6.99222,0.1,0.876765,0.134028,0.124803,0.675723
615,0.00361294,3.57946,1.12929,0,6.99222,0.1,0.876765,0.134028,0.124803,0.675723
615,0.00361294,3.57946,1.12929,0,6.99222,0.1,0.876765,0.134028,0.124803,0.675723
186,0.125053,3.57933,1.14168,0,6.99222,0.1,0.876765,0.134028,0.124803,0.675723
186,0.125053,3.57933,1.14168,0,6.99222,0.1,0.876765,0.134028,0.124803,0.675723
1044,0.246499,3.57946,1.12928,0,6.99222,0.1,0.876765,0.134028,0.124803,0.675723
1044,0.246499,3.57946,1.12928,0,6.99222,0.1,0.876765,0.134028,0.124803,0.675723
38,0.390298,3.57982,1.08155,0,6.99222,0.1,0.876765,0.134028,0.124803,0.675723
38,0.390298,3.57982,1.08155,0,6.99222,0.1,0.876765,0.134028,0.124803,0.675723
664,0.53114,3.5802,0.991275,0,6.99222,0.1,0.876765,0.134028,0.124803,0.675723
664,0.53114,3.5802,0.991275,0,6.99222,0.1,0.876765,0.134028,0.124803,0.675723
235,0.651509,3.58039,0.855899,0,6.99222,0.1,0.876765,0.134028,0.124803,0.675723
235,0.651509,3.58039,0.855899,0,6.99222,0.1,0.876765,0.134028,0.124803,0.675723
1093,0.735321,3.5803,0.680254,0,6.99222,0.1,0.876765,0.134028,0.124803,0.675723
1093,0.735321,3.5803,0.680254,0,6.99222,0.1,0.876765,0.134028,0.124803,0.675723
60,0.769875,3.57985,0.482206,0,6.99222,0.1,0.876765,0.134028,0.124803,0.675723
1045,-0.493542,3.58012,0.68098,1,6.99222,0.1,0.876765,0.134028,0.124803,0.675723
59,-0.526825,3.57963,0.48147,1,6.99222,0.1,0.876765,0.134028,0.124803,0.675723
187,-0.407077,3.58025,0.857101,1,6.99222,0.1,0.876765,0.134028,0.124803,0.675723
1045,-0.493542,3.58012,0.68098,1,6.99222,0.1,0.876765,0.134028,0.124803,0.675723
616,-0.284021,3.58006,0.991759,1,6.99222,0.1,0.876765,0.134028,0.124803,0.675723
187,-0.407077,3.58025,0.857101,1,6.99222,0.1,0.876765,0.134028,0.124803,0.675723
16,-0.141514,3.57968,1.08111,1,6.99222,0.1,0.876765,0.134028,0.124803,0.675723
616,-0.284021,3.58006,0.991759,1,6.99222,0.1,0.876765,0.134028,0.124803,0.675723
16,-0.141514,3.57968,1.08111,1,6.99222,0.1,0.876765,0.134028,0.124803,0.675723
615,0.00318855,3.57933,1.12825,1,6.99222,0.1,0.876765,0.134028,0.124803,0.675723
615,0.00318855,3.57933,1.12825,1,6.99222,0.1,0.876765,0.134028,0.124803,0.675723
186,0.125059,3.5792,1.14048,1,6.99222,0.1,0.876765,0.134028,0.124803,0.675723
186,0.125059,3.5792,1.14048,1,6.99222,0.1,0.876765,0.134028,0.124803,0.675723
1044,0.246935,3.57933,1.12824,1,6.99222,0.1,0.876765,0.134028,0.124803,0.675723
1044,0.246935,3.57933,1.12824,1,6.99222,0.1,0.876765,0.134028,0.124803,0.675723
38,0.391641,3.57968,1.08109,1,6.99222,0.1,0.876765,0.134028,0.124803,0.675723
38,0.391641,3.57968,1.08109,1,6.99222,0.1,0.876765,0.134028,0.124803,0.675723
664,0.534143,3.58006,0.991738,1,6.99222,0.1,0.876765,0.134028,0.124803,0.675723
664,0.534143,3.58006,0.991738,1,6.99222,0.1,0.876765,0.134028,0.124803,0.675723
235,0.657186,3.58024,0.85708,1,6.99222,0.1,0.876765,0.134028,0.124803,0.675723
235,0.657186,3.58024,0.85708,1,6.99222,0.1,0.876765,0.134028,0.124803,0.675723
1093,0.743638,3.58011,0.680967,1,6.99222,0.1,0.876765,0.134028,0.124803,0.675723
1093,0.743638,3.58011,0.680967,1,6.99222,0.1,0.876765,0.134028,0.124803,0.675723
60,0.776917,3.57963,0.481476,1,6.99222,0.1,0.876765,0.134028,0.124803,0.675723
1045,-0.501586,3.60154,0.683982,0,7.49222,0.1,0.888862,0.134028,0.1248,0.68782
59,-0.53711,3.60104,0.480518,0,7.49222,0.1,0.888862,0.134028,0.1248,0.68782
187,-0.415272,3.60168,0.8643,0,7.49222,0.1,0.888862,0.134028,0.1248,0.68782
1045,-0.501586,3.60154,0.683982,0,7.49222,0.1,0.888862,0.134028,0.1248,0.68782
616,-0.291383,3.60151,1.00313,0,7.49222,0.1,0.888862,0.134028,0.1248,0.68782
187,-0.415272,3.60168,0.8643,0,7.49222,0.1,0.888862,0.134028,0.1248,0.68782
16,-0.14654,3.60114,1.09556,0,7.49222,0.1,0.888862,0.134028,0.1248,0.68782
616,-0.291383,3.60151,1.00313,0,7.49222,0.1,0.888862,0.134028,0.1248,0.68782
16,-0.14654,3.60114,1.09556,0,7.49222,0.1,0.888862,0.134028,0.1248,0.68782
615,0.00131621,3.60078,1.14432,0,7.49222,0.1,0.888862,0.134028,0.1248,0.68782
615,0.00131621,3.60078,1.14432,0,7.49222,0.1,0.888862,0.134028,0.1248,0.68782
186,0.125055,3.60065,1.15685,0,7.49222,0.1,0.888862,0.134028,0.1248,0.68782
186,0.125055,3.60065,1.15685,0,7.49222,0.1,0.888862,0.134028,0.1248,0.68782
1044,0.248802,3.60078,1.14431,0,7.49222,0.1,0.888862,0.134028,0.1248,0.68782
1044,0.248802,3.60078,1.14431,0,7.49222,0.1,0.888862,0.134028,0.1248,0.68782
38,0.396662,3.60114,1.09554,0,7.49222,0.1,0.888862,0.134028,0.1248,0.68782
38,0.396662,3.60114,1.09554,0,7.49222,0.1,0.888862,0.134028,0.1248,0.68782
664,0.541501,3.60151,1.00311,0,7.49222,0.1,0.888862,0.134028,0.1248,0.68782
664,0.541501,3.60151,1.00311,0,7.49222,0.1,0.888862,0.134028,0.1248,0.68782
235,0.66538,3.60168,0.864284,0,7.49222,0.1,0.888862,0.134028,0.1248,0.68782
235,0.66538,3.60168,0.864284,0,7.49222,0.1,0.888862,0.134028,0.1248,0.68782
1093,0.751682,3.60154,0.683975,0,7.49222,0.1,0.888862,0.134028,0.1248,0.68782
1093,0.751682,3.60154,0.683975,0,7.49222,0.1,0.888862,0.134028,0.1248,0.68782
60,0.787206,3.60104,0.480531,0,7.49222,0.1,0.888862,0.134028,0.1248,0.68782
1045,-0.51034,3.60135,0.684576,1,7.49222,0.1,0.888862,0.134028,0.1248,0.68782
59,-0.544472,3.60081,0.479596,1,7.49222,0.1,0.888862,0.134028,0.1248,0.68782
187,-0.42138,3.60152,0.865475,1,7.49222,0.1,0.888862,0.134028,0.1248,0.68782
1045,-0.51034,3.60135,0.684576,1,7.49222,0.1,0.888862,0.134028,0.1248,0.68782
616,-0.294697,3.60137,1.00364,1,7.49222,0.1,0.888862,0.134028,0.1248,0.68782
187,-0.42138,3.60152,0.865475,1,7.49222,0.1,0.888862,0.134028,0.1248,0.68782
16,-0.148045,3.60101,1.09512,1,7.49222,0.1,0.888862,0.134028,0.1248,0.68782
616,-0.294697,3.60137,1.00364,1,7.49222,0.1,0.888862,0.134028,0.1248,0.68782
16,-0.148045,3.60101,1.09512,1,7.49222,0.1,0.888862,0.134028,0.1248,0.68782
615,0.000831235,3.60066,1.14325,1,7.49222,0.1,0.888862,0.134028,0.1248,0.68782
615,0.000831235,3.60066,1.14325,1,7.49222,0.1,0.888862,0.134028,0.1248,0.68782
186,0.125064,3.60052,1.15562,1,7.49222,0.1,0.888862,0.134028,0.1248,0.68782
186,0.125064,3.60052,1.15562,1,7.49222,0.1,0.888862,0.134028,0.1248,0.68782
1044,0.249305,3.60066,1.14325,1,7.49222,0.1,0.888862,0.134028,0.1248,0.68782
1044,0.249305,3.60066,1.14325,1,7.49222,0.1,0.888862,0.134028,0.1248,0.68782
38,0.398186,3.60101,1.0951,1,7.49222,0.1,0.888862,0.134028,0.1248,0.68782
38,0.398186,3.60101,1.0951,1,7.49222,0.1,0.888862,0.134028,0.1248,0.68782
664,0.544831,3.60137,1.00362,1,7.49222,0.1,0.888862,0.134028,0.1248,0.68782
664,0.544831,3.60137,1.00362,1,7.49222,0.1,0.888862,0.134028,0.1248,0.68782
235,0.671499,3.60152,0.865452,1,7.49222,0.1,0.888862,0.134028,0.1248,0.68782
235,0.671499,3.60152,0.865452,1,7.49222,0.1,0.888862,0.134028,0.1248,0.68782
1093,0.760442,3.60134,0.684561,1,7.49222,0.1,0.888862,0.134028,0.1248,0.68782
1093,0.760442,3.60134,0.684561,1,7.49222,0.1,0.888862,0.134028,0.1248,0.68782
60,0.794571,3.6008,0.4796,1,7.49222,0.1,0.888862,0.134028,0.1248,0.68782
