p,v,maxx,maxy,maxz,maxb,v_add,bulkheadyoungs,cortexyoungs,junctionyoungs,ftot,ratot,datot,actot,tavg
0.243363,3.49222,0.948076,4.97054,1.05247,0.895172,1.77,0.316,1,2.5,1.02889,15.8042,16.953,13.8432,0.0606909
0.510787,3.99222,1.01741,5.07072,1.09777,0.96598,1.77,0.316,1,2.5,2.21599,15.8042,18.2459,13.8432,0.121452
0.758195,4.49222,1.07374,5.19035,1.15106,1.0229,1.77,0.316,1,2.5,3.39177,15.8042,19.519,13.8432,0.173768
0.984972,4.99222,1.12306,5.3161,1.20018,1.07245,1.77,0.316,1,2.5,4.54459,15.8042,20.7658,13.8432,0.21885
1.19354,5.49222,1.16763,5.44214,1.24572,1.11694,1.77,0.316,1,2.5,5.6703,15.8042,21.9821,13.8432,0.257951
1.38638,5.99222,1.20865,5.56605,1.28816,1.15763,1.77,0.316,1,2.5,6.76884,15.8042,23.1682,13.8432,0.292161
1.56546,6.49222,1.24705,5.68683,1.32791,1.19532,1.77,0.316,1,2.5,7.84164,15.8042,24.3264,13.8432,0.322351
1.7329,6.99222,1.28312,5.80403,1.36543,1.2306,1.77,0.316,1,2.5,8.89258,15.8042,25.4657,13.8432,0.349198
1.89006,7.49222,1.31722,5.91757,1.40101,1.26387,1.77,0.316,1,2.5,9.92171,15.8042,26.5833,13.8432,0.37323
