id,x,y,z,ablated,v,bulkheadyoungs,nickdepth,nickw,nickc,bbmin
1045,-0.29453,3.43262,0.641006,0,3.49222,0.316,0.719244,0.134028,0.124843,0.518202
59,-0.32248,3.43286,0.496872,0,3.49222,0.316,0.719244,0.134028,0.124843,0.518202
187,-0.24417,3.43216,0.773748,0,3.49222,0.316,0.719244,0.134028,0.124843,0.518202
1045,-0.29453,3.43262,0.641006,0,3.49222,0.316,0.719244,0.134028,0.124843,0.518202
616,-0.169447,3.43159,0.882984,0,3.49222,0.316,0.719244,0.134028,0.124843,0.518202
187,-0.24417,3.43216,0.773748,0,3.49222,0.316,0.719244,0.134028,0.124843,0.518202
16,-0.0770539,3.43104,0.963998,0,3.49222,0.316,0.719244,0.134028,0.124843,0.518202
616,-0.169447,3.43159,0.882984,0,3.49222,0.316,0.719244,0.134028,0.124843,0.518202
16,-0.0770539,3.43104,0.963998,0,3.49222,0.316,0.719244,0.134028,0.124843,0.518202
615,0.0237318,3.43065,1.00928,0,3.49222,0.316,0.719244,0.134028,0.124843,0.518202
615,0.0237318,3.43065,1.00928,0,3.49222,0.316,0.719244,0.134028,0.124843,0.518202
186,0.125026,3.43053,1.02309,0,3.49222,0.316,0.719244,0.134028,0.124843,0.518202
186,0.125026,3.43053,1.02309,0,3.49222,0.316,0.719244,0.134028,0.124843,0.518202
1044,0.226324,3.43065,1.00927,0,3.49222,0.316,0.719244,0.134028,0.124843,0.518202
1044,0.226324,3.43065,1.00927,0,3.49222,0.316,0.719244,0.134028,0.124843,0.518202
38,0.327109,3.43104,0.963983,0,3.49222,0.316,0.719244,0.134028,0.124843,0.518202
38,0.327109,3.43104,0.963983,0,3.49222,0.316,0.719244,0.134028,0.124843,0.518202
664,0.419496,3.43159,0.882975,0,3.49222,0.316,0.719244,0.134028,0.124843,0.518202
664,0.419496,3.43159,0.882975,0,3.49222,0.316,0.719244,0.134028,0.124843,0.518202
235,0.49421,3.43216,0.773746,0,3.49222,0.316,0.719244,0.134028,0.124843,0.518202
235,0.49421,3.43216,0.773746,0,3.49222,0.316,0.719244,0.134028,0.124843,0.518202
1093,0.544556,3.43261,0.641011,0,3.49222,0.316,0.719244,0.134028,0.124843,0.518202
1093,0.544556,3.43261,0.641011,0,3.49222,0.316,0.719244,0.134028,0.124843,0.518202
60,0.572511,3.43286,0.496896,0,3.49222,0.316,0.719244,0.134028,0.124843,0.518202
1045,-0.310931,3.43255,0.645924,1,3.49222,0.316,0.719244,0.134028,0.124843,0.518202
59,-0.339034,3.43273,0.500294,1,3.49222,0.316,0.719244,0.134028,0.124843,0.518202
187,-0.252782,3.43212,0.776873,1,3.49222,0.316,0.719244,0.134028,0.124843,0.518202
1045,-0.310931,3.43255,0.645924,1,3.49222,0.316,0.719244,0.134028,0.124843,0.518202
616,-0.171911,3.43154,0.88223,1,3.49222,0.316,0.719244,0.134028,0.124843,0.518202
187,-0.252782,3.43212,0.776873,1,3.49222,0.316,0.719244,0.134028,0.124843,0.518202
16,-0.0768289,3.43096,0.959834,1,3.49222,0.316,0.719244,0.134028,0.124843,0.518202
616,-0.171911,3.43154,0.88223,1,3.49222,0.316,0.719244,0.134028,0.124843,0.518202
16,-0.0768289,3.43096,0.959834,1,3.49222,0.316,0.719244,0.134028,0.124843,0.518202
615,0.0240529,3.43054,1.00349,1,3.49222,0.316,0.719244,0.134028,0.124843,0.518202
615,0.0240529,3.43054,1.00349,1,3.49222,0.316,0.719244,0.134028,0.124843,0.518202
186,0.125019,3.43042,1.017,1,3.49222,0.316,0.719244,0.134028,0.124843,0.518202
186,0.125019,3.43042,1.017,1,3.49222,0.316,0.719244,0.134028,0.124843,0.518202
1044,0.225984,3.43054,1.00347,1,3.49222,0.316,0.719244,0.134028,0.124843,0.518202
1044,0.225984,3.43054,1.00347,1,3.49222,0.316,0.719244,0.134028,0.124843,0.518202
38,0.326863,3.43096,0.959816,1,3.49222,0.316,0.719244,0.134028,0.124843,0.518202
38,0.326863,3.43096,0.959816,1,3.49222,0.316,0.719244,0.134028,0.124843,0.518202
664,0.421944,3.43154,0.882216,1,3.49222,0.316,0.719244,0.134028,0.124843,0.518202
664,0.421944,3.43154,0.882216,1,3.49222,0.316,0.719244,0.134028,0.124843,0.518202
235,0.502815,3.43212,0.776869,1,3.49222,0.316,0.719244,0.134028,0.124843,0.518202
235,0.502815,3.43212,0.776869,1,3.49222,0.316,0.719244,0.134028,0.124843,0.518202
1093,0.560958,3.43255,0.645928,1,3.49222,0.316,0.719244,0.134028,0.124843,0.518202
1093,0.560958,3.43255,0.645928,1,3.49222,0.316,0.719244,0.134028,0.124843,0.518202
60,0.589052,3.43273,0.500312,1,3.49222,0.316,0.719244,0.134028,0.124843,0.518202
1045,-0.328342,3.45128,0.649538,0,3.99222,0.316,0.751989,0.134028,0.124836,0.550947
59,-0.357969,3.45142,0.496053,0,3.99222,0.316,0.751989,0.134028,0.124836,0.550947
187,-0.271653,3.45095,0.789041,0,3.99222,0.316,0.751989,0.134028,0.124836,0.550947
1045,-0.328342,3.45128,0.649538,0,3.99222,0.316,0.751989,0.134028,0.124836,0.550947
616,-0.188191,3.45049,0.901597,0,3.99222,0.316,0.751989,0.134028,0.124836,0.550947
187,-0.271653,3.45095,0.789041,0,3.99222,0.316,0.751989,0.134028,0.124836,0.550947
16,-0.0865512,3.44999,0.9822,0,3.99222,0.316,0.751989,0.134028,0.124836,0.550947
616,-0.188191,3.45049,0.901597,0,3.99222,0.316,0.751989,0.134028,0.124836,0.550947
16,-0.0865512,3.44999,0.9822,0,3.99222,0.316,0.751989,0.134028,0.124836,0.550947
615,0.0211984,3.44962,1.02679,0,3.99222,0.316,0.751989,0.134028,0.124836,0.550947
615,0.0211984,3.44962,1.02679,0,3.99222,0.316,0.751989,0.134028,0.124836,0.550947
186,0.125033,3.44951,1.04001,0,3.99222,0.316,0.751989,0.134028,0.124836,0.550947
186,0.125033,3.44951,1.04001,0,3.99222,0.316,0.751989,0.134028,0.124836,0.550947
1044,0.228865,3.44963,1.02679,0,3.99222,0.316,0.751989,0.134028,0.124836,0.550947
1044,0.228865,3.44963,1.02679,0,3.99222,0.316,0.751989,0.134028,0.124836,0.550947
38,0.336624,3.44999,0.9822,0,3.99222,0.316,0.751989,0.134028,0.124836,0.550947
38,0.336624,3.44999,0.9822,0,3.99222,0.316,0.751989,0.134028,0.124836,0.550947
664,0.438261,3.45048,0.901598,0,3.99222,0.316,0.751989,0.134028,0.124836,0.550947
664,0.438261,3.45048,0.901598,0,3.99222,0.316,0.751989,0.134028,0.124836,0.550947
235,0.521707,3.45095,0.789034,0,3.99222,0.316,0.751989,0.134028,0.124836,0.550947
235,0.521707,3.45095,0.789034,0,3.99222,0.316,0.751989,0.134028,0.124836,0.550947
1093,0.578395,3.45128,0.649544,0,3.99222,0.316,0.751989,0.134028,0.124836,0.550947
1093,0.578395,3.45128,0.649544,0,3.99222,0.316,0.751989,0.134028,0.124836,0.550947
60,0.608011,3.45141,0.496076,0,3.99222,0.316,0.751989,0.134028,0.124836,0.550947
1045,-0.344946,3.45112,0.654004,1,3.99222,0.316,0.751989,0.134028,0.124836,0.550947
59,-0.373638,3.45116,0.498287,1,3.99222,0.316,0.751989,0.134028,0.124836,0.550947
187,-0.280927,3.45084,0.792458,1,3.99222,0.316,0.751989,0.134028,0.124836,0.550947
1045,-0.344946,3.45112,0.654004,1,3.99222,0.316,0.751989,0.134028,0.124836,0.550947
616,-0.191573,3.45039,0.901741,1,3.99222,0.316,0.751989,0.134028,0.124836,0.550947
187,-0.280927,3.45084,0.792458,1,3.99222,0.316,0.751989,0.134028,0.124836,0.550947
16,-0.0871865,3.44989,0.979393,1,3.99222,0.316,0.751989,0.134028,0.124836,0.550947
616,-0.191573,3.45039,0.901741,1,3.99222,0.316,0.751989,0.134028,0.124836,0.550947
16,-0.0871865,3.44989,0.979393,1,3.99222,0.316,0.751989,0.134028,0.124836,0.550947
615,0.0211906,3.44952,1.02241,1,3.99222,0.316,0.751989,0.134028,0.124836,0.550947
615,0.0211906,3.44952,1.02241,1,3.99222,0.316,0.751989,0.134028,0.124836,0.550947
186,0.125011,3.4494,1.03526,1,3.99222,0.316,0.751989,0.134028,0.124836,0.550947
186,0.125011,3.4494,1.03526,1,3.99222,0.316,0.751989,0.134028,0.124836,0.550947
1044,0.228829,3.44952,1.02239,1,3.99222,0.316,0.751989,0.134028,0.124836,0.550947
1044,0.228829,3.44952,1.02239,1,3.99222,0.316,0.751989,0.134028,0.124836,0.550947
38,0.337202,3.44989,0.979364,1,3.99222,0.316,0.751989,0.134028,0.124836,0.550947
38,0.337202,3.44989,0.979364,1,3.99222,0.316,0.751989,0.134028,0.124836,0.550947
664,0.441583,3.45039,0.901714,1,3.99222,0.316,0.751989,0.134028,0.124836,0.550947
664,0.441583,3.45039,0.901714,1,3.99222,0.316,0.751989,0.134028,0.124836,0.550947
235,0.530942,3.45084,0.792446,1,3.99222,0.316,0.751989,0.134028,0.124836,0.550947
235,0.530942,3.45084,0.792446,1,3.99222,0.316,0.751989,0.134028,0.124836,0.550947
1093,0.59497,3.45112,0.654008,1,3.99222,0.316,0.751989,0.134028,0.124836,0.550947
1093,0.59497,3.45112,0.654008,1,3.99222,0.316,0.751989,0.134028,0.124836,0.550947
60,0.623664,3.45116,0.498306,1,3.99222,0.316,0.751989,0.134028,0.124836,0.550947
1045,-0.355147,3.4736,0.656344,0,4.49222,0.316,0.778713,0.134028,0.12483,0.577671
59,-0.386426,3.47361,0.494569,0,4.49222,0.316,0.778713,0.134028,0.12483,0.577671
187,-0.293788,3.47339,0.802284,0,4.49222,0.316,0.778713,0.134028,0.12483,0.577671
1045,-0.355147,3.4736,0.656344,0,4.49222,0.316,0.778713,0.134028,0.12483,0.577671
616,-0.203884,3.47301,0.918839,0,4.49222,0.316,0.778713,0.134028,0.12483,0.577671
187,-0.293788,3.47339,0.802284,0,4.49222,0.316,0.778713,0.134028,0.12483,0.577671
16,-0.095298,3.47257,1.00089,0,4.49222,0.316,0.778713,0.134028,0.12483,0.577671
616,-0.203884,3.47301,0.918839,0,4.49222,0.316,0.778713,0.134028,0.12483,0.577671
16,-0.095298,3.47257,1.00089,0,4.49222,0.316,0.778713,0.134028,0.12483,0.577671
615,0.0185951,3.47223,1.04593,0,4.49222,0.316,0.778713,0.134028,0.12483,0.577671
615,0.0185951,3.47223,1.04593,0,4.49222,0.316,0.778713,0.134028,0.12483,0.577671
186,0.12503,3.47212,1.059,0,4.49222,0.316,0.778713,0.134028,0.12483,0.577671
186,0.12503,3.47212,1.059,0,4.49222,0.316,0.778713,0.134028,0.12483,0.577671
1044,0.231472,3.47223,1.04592,0,4.49222,0.316,0.778713,0.134028,0.12483,0.577671
1044,0.231472,3.47223,1.04592,0,4.49222,0.316,0.778713,0.134028,0.12483,0.577671
38,0.345365,3.47257,1.00088,0,4.49222,0.316,0.778713,0.134028,0.12483,0.577671
38,0.345365,3.47257,1.00088,0,4.49222,0.316,0.778713,0.134028,0.12483,0.577671
664,0.453951,3.47301,0.918835,0,4.49222,0.316,0.778713,0.134028,0.12483,0.577671
664,0.453951,3.47301,0.918835,0,4.49222,0.316,0.778713,0.134028,0.12483,0.577671
235,0.543843,3.47339,0.802284,0,4.49222,0.316,0.778713,0.134028,0.12483,0.577671
235,0.543843,3.47339,0.802284,0,4.49222,0.316,0.778713,0.134028,0.12483,0.577671
1093,0.605198,3.4736,0.656355,0,4.49222,0.316,0.778713,0.134028,0.12483,0.577671
1093,0.605198,3.4736,0.656355,0,4.49222,0.316,0.778713,0.134028,0.12483,0.577671
60,0.636473,3.4736,0.494598,0,4.49222,0.316,0.778713,0.134028,0.12483,0.577671
1045,-0.371559,3.47343,0.660333,1,4.49222,0.316,0.778713,0.134028,0.12483,0.577671
59,-0.401633,3.47334,0.496073,1,4.49222,0.316,0.778713,0.134028,0.12483,0.577671
187,-0.303229,3.47328,0.805689,1,4.49222,0.316,0.778713,0.134028,0.12483,0.577671
1045,-0.371559,3.47343,0.660333,1,4.49222,0.316,0.778713,0.134028,0.12483,0.577671
616,-0.207668,3.47293,0.919446,1,4.49222,0.316,0.778713,0.134028,0.12483,0.577671
187,-0.303229,3.47328,0.805689,1,4.49222,0.316,0.778713,0.134028,0.12483,0.577671
16,-0.0963331,3.47251,0.99893,1,4.49222,0.316,0.778713,0.134028,0.12483,0.577671
616,-0.207668,3.47293,0.919446,1,4.49222,0.316,0.778713,0.134028,0.12483,0.577671
16,-0.0963331,3.47251,0.99893,1,4.49222,0.316,0.778713,0.134028,0.12483,0.577671
615,0.0184476,3.47218,1.04257,1,4.49222,0.316,0.778713,0.134028,0.12483,0.577671
615,0.0184476,3.47218,1.04257,1,4.49222,0.316,0.778713,0.134028,0.12483,0.577671
186,0.125066,3.47207,1.05531,1,4.49222,0.316,0.778713,0.134028,0.12483,0.577671
186,0.125066,3.47207,1.05531,1,4.49222,0.316,0.778713,0.134028,0.12483,0.577671
1044,0.231684,3.47218,1.04255,1,4.49222,0.316,0.778713,0.134028,0.12483,0.577671
1044,0.231684,3.47218,1.04255,1,4.49222,0.316,0.778713,0.134028,0.12483,0.577671
38,0.346459,3.47251,0.998894,1,4.49222,0.316,0.778713,0.134028,0.12483,0.577671
38,0.346459,3.47251,0.998894,1,4.49222,0.316,0.778713,0.134028,0.12483,0.577671
664,0.457785,3.47292,0.919407,1,4.49222,0.316,0.778713,0.134028,0.12483,0.577671
664,0.457785,3.47292,0.919407,1,4.49222,0.316,0.778713,0.134028,0.12483,0.577671
235,0.553348,3.47326,0.805664,1,4.49222,0.316,0.778713,0.134028,0.12483,0.577671
235,0.553348,3.47326,0.805664,1,4.49222,0.316,0.778713,0.134028,0.12483,0.577671
1093,0.621689,3.47341,0.660325,1,4.49222,0.316,0.778713,0.134028,0.12483,0.577671
1093,0.621689,3.47341,0.660325,1,4.49222,0.316,0.778713,0.134028,0.12483,0.577671
60,0.651768,3.47332,0.49608,1,4.49222,0.316,0.778713,0.134028,0.12483,0.577671
1045,-0.378258,3.49732,0.662221,0,4.99222,0.316,0.801227,0.134028,0.124823,0.600186
59,-0.411196,3.49723,0.493037,0,4.99222,0.316,0.801227,0.134028,0.124823,0.600186
187,-0.312988,3.4972,0.814102,0,4.99222,0.316,0.801227,0.134028,0.124823,0.600186
1045,-0.378258,3.49732,0.662221,0,4.99222,0.316,0.801227,0.134028,0.124823,0.600186
616,-0.217742,3.49689,0.934655,0,4.99222,0.316,0.801227,0.134028,0.124823,0.600186
187,-0.312988,3.4972,0.814102,0,4.99222,0.316,0.801227,0.134028,0.124823,0.600186
16,-0.103327,3.49649,1.01869,0,4.99222,0.316,0.801227,0.134028,0.124823,0.600186
616,-0.217742,3.49689,0.934655,0,4.99222,0.316,0.801227,0.134028,0.124823,0.600186
16,-0.103327,3.49649,1.01869,0,4.99222,0.316,0.801227,0.134028,0.124823,0.600186
615,0.0160584,3.49618,1.06456,0,4.99222,0.316,0.801227,0.134028,0.124823,0.600186
615,0.0160584,3.49618,1.06456,0,4.99222,0.316,0.801227,0.134028,0.124823,0.600186
186,0.125035,3.49607,1.07766,0,4.99222,0.316,0.801227,0.134028,0.124823,0.600186
186,0.125035,3.49607,1.07766,0,4.99222,0.316,0.801227,0.134028,0.124823,0.600186
1044,0.234015,3.49618,1.06456,0,4.99222,0.316,0.801227,0.134028,0.124823,0.600186
1044,0.234015,3.49618,1.06456,0,4.99222,0.316,0.801227,0.134028,0.124823,0.600186
38,0.353407,3.49649,1.01868,0,4.99222,0.316,0.801227,0.134028,0.124823,0.600186
38,0.353407,3.49649,1.01868,0,4.99222,0.316,0.801227,0.134028,0.124823,0.600186
664,0.467816,3.49689,0.934647,0,4.99222,0.316,0.801227,0.134028,0.124823,0.600186
664,0.467816,3.49689,0.934647,0,4.99222,0.316,0.801227,0.134028,0.124823,0.600186
235,0.563055,3.49719,0.8141,0,4.99222,0.316,0.801227,0.134028,0.124823,0.600186
235,0.563055,3.49719,0.8141,0,4.99222,0.316,0.801227,0.134028,0.124823,0.600186
1093,0.628314,3.49731,0.662226,0,4.99222,0.316,0.801227,0.134028,0.124823,0.600186
1093,0.628314,3.49731,0.662226,0,4.99222,0.316,0.801227,0.134028,0.124823,0.600186
60,0.661252,3.49723,0.493064,0,4.99222,0.316,0.801227,0.134028,0.124823,0.600186
1045,-0.394652,3.49711,0.66579,1,4.99222,0.316,0.801227,0.134028,0.124823,0.600186
59,-0.426244,3.49691,0.493981,1,4.99222,0.316,0.801227,0.134028,0.124823,0.600186
187,-0.322645,3.49706,0.817394,1,4.99222,0.316,0.801227,0.134028,0.124823,0.600186
1045,-0.394652,3.49711,0.66579,1,4.99222,0.316,0.801227,0.134028,0.124823,0.600186
616,-0.221888,3.49681,0.935478,1,4.99222,0.316,0.801227,0.134028,0.124823,0.600186
187,-0.322645,3.49706,0.817394,1,4.99222,0.316,0.801227,0.134028,0.124823,0.600186
16,-0.104693,3.49645,1.01718,1,4.99222,0.316,0.801227,0.134028,0.124823,0.600186
616,-0.221888,3.49681,0.935478,1,4.99222,0.316,0.801227,0.134028,0.124823,0.600186
16,-0.104693,3.49645,1.01718,1,4.99222,0.316,0.801227,0.134028,0.124823,0.600186
615,0.0157449,3.49615,1.06178,1,4.99222,0.316,0.801227,0.134028,0.124823,0.600186
615,0.0157449,3.49615,1.06178,1,4.99222,0.316,0.801227,0.134028,0.124823,0.600186
186,0.125034,3.49604,1.07457,1,4.99222,0.316,0.801227,0.134028,0.124823,0.600186
186,0.125034,3.49604,1.07457,1,4.99222,0.316,0.801227,0.134028,0.124823,0.600186
1044,0.234324,3.49615,1.06176,1,4.99222,0.316,0.801227,0.134028,0.124823,0.600186
1044,0.234324,3.49615,1.06176,1,4.99222,0.316,0.801227,0.134028,0.124823,0.600186
38,0.35476,3.49645,1.01715,1,4.99222,0.316,0.801227,0.134028,0.124823,0.600186
38,0.35476,3.49645,1.01715,1,4.99222,0.316,0.801227,0.134028,0.124823,0.600186
664,0.471948,3.49681,0.935449,1,4.99222,0.316,0.801227,0.134028,0.124823,0.600186
664,0.471948,3.49681,0.935449,1,4.99222,0.316,0.801227,0.134028,0.124823,0.600186
235,0.572707,3.49706,0.817378,1,4.99222,0.316,0.801227,0.134028,0.124823,0.600186
235,0.572707,3.49706,0.817378,1,4.99222,0.316,0.801227,0.134028,0.124823,0.600186
1093,0.644721,3.4971,0.665789,1,4.99222,0.316,0.801227,0.134028,0.124823,0.600186
1093,0.644721,3.4971,0.665789,1,4.99222,0.316,0.801227,0.134028,0.124823,0.600186
60,0.676318,3.4969,0.493997,1,4.99222,0.316,0.801227,0.134028,0.124823,0.600186
1045,-0.398916,3.52127,0.667535,0,5.49222,0.316,0.82053,0.134028,0.124819,0.619489
59,-0.433436,3.5211,0.491614,0,5.49222,0.316,0.82053,0.134028,0.124819,0.619489
187,-0.330215,3.52122,0.824911,0,5.49222,0.316,0.82053,0.134028,0.124819,0.619489
1045,-0.398916,3.52127,0.667535,0,5.49222,0.316,0.82053,0.134028,0.124819,0.619489
616,-0.230325,3.52097,0.949319,0,5.49222,0.316,0.82053,0.134028,0.124819,0.619489
187,-0.330215,3.52122,0.824911,0,5.49222,0.316,0.82053,0.134028,0.124819,0.619489
16,-0.110757,3.52061,1.03545,0,5.49222,0.316,0.82053,0.134028,0.124819,0.619489
616,-0.230325,3.52097,0.949319,0,5.49222,0.316,0.82053,0.134028,0.124819,0.619489
16,-0.110757,3.52061,1.03545,0,5.49222,0.316,0.82053,0.134028,0.124819,0.619489
615,0.013617,3.52031,1.08229,0,5.49222,0.316,0.82053,0.134028,0.124819,0.619489
615,0.013617,3.52031,1.08229,0,5.49222,0.316,0.82053,0.134028,0.124819,0.619489
186,0.12504,3.5202,1.09549,0,5.49222,0.316,0.82053,0.134028,0.124819,0.619489
186,0.12504,3.5202,1.09549,0,5.49222,0.316,0.82053,0.134028,0.124819,0.619489
1044,0.236458,3.52031,1.08228,0,5.49222,0.316,0.82053,0.134028,0.124819,0.619489
1044,0.236458,3.52031,1.08228,0,5.49222,0.316,0.82053,0.134028,0.124819,0.619489
38,0.360834,3.52061,1.03543,0,5.49222,0.316,0.82053,0.134028,0.124819,0.619489
38,0.360834,3.52061,1.03543,0,5.49222,0.316,0.82053,0.134028,0.124819,0.619489
664,0.480398,3.52097,0.949304,0,5.49222,0.316,0.82053,0.134028,0.124819,0.619489
664,0.480398,3.52097,0.949304,0,5.49222,0.316,0.82053,0.134028,0.124819,0.619489
235,0.580286,3.52122,0.824903,0,5.49222,0.316,0.82053,0.134028,0.124819,0.619489
235,0.580286,3.52122,0.824903,0,5.49222,0.316,0.82053,0.134028,0.124819,0.619489
1093,0.648981,3.52126,0.66754,0,5.49222,0.316,0.82053,0.134028,0.124819,0.619489
1093,0.648981,3.52126,0.66754,0,5.49222,0.316,0.82053,0.134028,0.124819,0.619489
60,0.683503,3.52109,0.49164,0,5.49222,0.316,0.82053,0.134028,0.124819,0.619489
1045,-0.418167,3.52096,0.671077,1,5.49222,0.316,0.82053,0.134028,0.124819,0.619489
59,-0.450654,3.52067,0.491987,1,5.49222,0.316,0.82053,0.134028,0.124819,0.619489
187,-0.342343,3.521,0.82874,1,5.49222,0.316,0.82053,0.134028,0.124819,0.619489
1045,-0.418167,3.52096,0.671077,1,5.49222,0.316,0.82053,0.134028,0.124819,0.619489
616,-0.235994,3.52082,0.950688,1,5.49222,0.316,0.82053,0.134028,0.124819,0.619489
187,-0.342343,3.521,0.82874,1,5.49222,0.316,0.82053,0.134028,0.124819,0.619489
16,-0.112851,3.52049,1.03418,1,5.49222,0.316,0.82053,0.134028,0.124819,0.619489
616,-0.235994,3.52082,0.950688,1,5.49222,0.316,0.82053,0.134028,0.124819,0.619489
16,-0.112851,3.52049,1.03418,1,5.49222,0.316,0.82053,0.134028,0.124819,0.619489
615,0.0130864,3.52021,1.07946,1,5.49222,0.316,0.82053,0.134028,0.124819,0.619489
615,0.0130864,3.52021,1.07946,1,5.49222,0.316,0.82053,0.134028,0.124819,0.619489
186,0.125066,3.5201,1.09226,1,5.49222,0.316,0.82053,0.134028,0.124819,0.619489
186,0.125066,3.5201,1.09226,1,5.49222,0.316,0.82053,0.134028,0.124819,0.619489
1044,0.237048,3.52021,1.07944,1,5.49222,0.316,0.82053,0.134028,0.124819,0.619489
1044,0.237048,3.52021,1.07944,1,5.49222,0.316,0.82053,0.134028,0.124819,0.619489
38,0.362984,3.52049,1.03414,1,5.49222,0.316,0.82053,0.134028,0.124819,0.619489
38,0.362984,3.52049,1.03414,1,5.49222,0.316,0.82053,0.134028,0.124819,0.619489
664,0.486118,3.52081,0.95065,1,5.49222,0.316,0.82053,0.134028,0.124819,0.619489
664,0.486118,3.52081,0.95065,1,5.49222,0.316,0.82053,0.134028,0.124819,0.619489
235,0.592462,3.52099,0.828709,1,5.49222,0.316,0.82053,0.134028,0.124819,0.619489
235,0.592462,3.52099,0.828709,1,5.49222,0.316,0.82053,0.134028,0.124819,0.619489
1093,0.668291,3.52095,0.671062,1,5.49222,0.316,0.82053,0.134028,0.124819,0.619489
1093,0.668291,3.52095,0.671062,1,5.49222,0.316,0.82053,0.134028,0.124819,0.619489
60,0.700784,3.52066,0.491987,1,5.49222,0.316,0.82053,0.134028,0.124819,0.619489
1045,-0.417798,3.54494,0.672414,0,5.99222,0.316,0.83765,0.134028,0.124814,0.636608
59,-0.45378,3.54468,0.490277,0,5.99222,0.316,0.83765,0.134028,0.124814,0.636608
187,-0.346018,3.54495,0.834924,0,5.99222,0.316,0.83765,0.134028,0.124814,0.636608
1045,-0.417798,3.54494,0.672414,0,5.99222,0.316,0.83765,0.134028,0.124814,0.636608
616,-0.241932,3.54476,0.963007,0,5.99222,0.316,0.83765,0.134028,0.124814,0.636608
187,-0.346018,3.54495,0.834924,0,5.99222,0.316,0.83765,0.134028,0.124814,0.636608
16,-0.117703,3.54443,1.05126,0,5.99222,0.316,0.83765,0.134028,0.124814,0.636608
616,-0.241932,3.54476,0.963007,0,5.99222,0.316,0.83765,0.134028,0.124814,0.636608
16,-0.117703,3.54443,1.05126,0,5.99222,0.316,0.83765,0.134028,0.124814,0.636608
615,0.0112617,3.54414,1.09912,0,5.99222,0.316,0.83765,0.134028,0.124814,0.636608
615,0.0112617,3.54414,1.09912,0,5.99222,0.316,0.83765,0.134028,0.124814,0.636608
186,0.12504,3.54403,1.11246,0,5.99222,0.316,0.83765,0.134028,0.124814,0.636608
186,0.12504,3.54403,1.11246,0,5.99222,0.316,0.83765,0.134028,0.124814,0.636608
1044,0.238819,3.54414,1.09911,0,5.99222,0.316,0.83765,0.134028,0.124814,0.636608
1044,0.238819,3.54414,1.09911,0,5.99222,0.316,0.83765,0.134028,0.124814,0.636608
38,0.36779,3.54443,1.05125,0,5.99222,0.316,0.83765,0.134028,0.124814,0.636608
38,0.36779,3.54443,1.05125,0,5.99222,0.316,0.83765,0.134028,0.124814,0.636608
664,0.492017,3.54476,0.962995,0,5.99222,0.316,0.83765,0.134028,0.124814,0.636608
664,0.492017,3.54476,0.962995,0,5.99222,0.316,0.83765,0.134028,0.124814,0.636608
235,0.596094,3.54495,0.834916,0,5.99222,0.316,0.83765,0.134028,0.124814,0.636608
235,0.596094,3.54495,0.834916,0,5.99222,0.316,0.83765,0.134028,0.124814,0.636608
1093,0.667867,3.54494,0.672414,0,5.99222,0.316,0.83765,0.134028,0.124814,0.636608
1093,0.667867,3.54494,0.672414,0,5.99222,0.316,0.83765,0.134028,0.124814,0.636608
60,0.70385,3.54468,0.490299,0,5.99222,0.316,0.83765,0.134028,0.124814,0.636608
1045,-0.437297,3.54459,0.675587,1,5.99222,0.316,0.83765,0.134028,0.124814,0.636608
59,-0.471175,3.54422,0.490171,1,5.99222,0.316,0.83765,0.134028,0.124814,0.636608
187,-0.358461,3.54471,0.838587,1,5.99222,0.316,0.83765,0.134028,0.124814,0.636608
1045,-0.437297,3.54459,0.675587,1,5.99222,0.316,0.83765,0.134028,0.124814,0.636608
616,-0.247937,3.54458,0.964411,1,5.99222,0.316,0.83765,0.134028,0.124814,0.636608
187,-0.358461,3.54471,0.838587,1,5.99222,0.316,0.83765,0.134028,0.124814,0.636608
16,-0.120064,3.5443,1.05016,1,5.99222,0.316,0.83765,0.134028,0.124814,0.636608
616,-0.247937,3.54458,0.964411,1,5.99222,0.316,0.83765,0.134028,0.124814,0.636608
16,-0.120064,3.5443,1.05016,1,5.99222,0.316,0.83765,0.134028,0.124814,0.636608
615,0.0105948,3.54403,1.09653,1,5.99222,0.316,0.83765,0.134028,0.124814,0.636608
615,0.0105948,3.54403,1.09653,1,5.99222,0.316,0.83765,0.134028,0.124814,0.636608
186,0.125037,3.54392,1.10948,1,5.99222,0.316,0.83765,0.134028,0.124814,0.636608
186,0.125037,3.54392,1.10948,1,5.99222,0.316,0.83765,0.134028,0.124814,0.636608
1044,0.239483,3.54403,1.09652,1,5.99222,0.316,0.83765,0.134028,0.124814,0.636608
1044,0.239483,3.54403,1.09652,1,5.99222,0.316,0.83765,0.134028,0.124814,0.636608
38,0.370143,3.5443,1.05014,1,5.99222,0.316,0.83765,0.134028,0.124814,0.636608
38,0.370143,3.5443,1.05014,1,5.99222,0.316,0.83765,0.134028,0.124814,0.636608
664,0.498009,3.54458,0.964385,1,5.99222,0.316,0.83765,0.134028,0.124814,0.636608
664,0.498009,3.54458,0.964385,1,5.99222,0.316,0.83765,0.134028,0.124814,0.636608
235,0.60853,3.54471,0.838569,1,5.99222,0.316,0.83765,0.134028,0.124814,0.636608
235,0.60853,3.54471,0.838569,1,5.99222,0.316,0.83765,0.134028,0.124814,0.636608
1093,0.687369,3.54459,0.675583,1,5.99222,0.316,0.83765,0.134028,0.124814,0.636608
1093,0.687369,3.54459,0.675583,1,5.99222,0.316,0.83765,0.134028,0.124814,0.636608
60,0.721254,3.54421,0.490184,1,5.99222,0.316,0.83765,0.134028,0.124814,0.636608
1045,-0.435274,3.56807,0.676928,0,6.49222,0.316,0.853156,0.134028,0.124811,0.652114
59,-0.472622,3.56776,0.488996,0,6.49222,0.316,0.853156,0.134028,0.124811,0.652114
187,-0.360691,3.56815,0.844274,0,6.49222,0.316,0.853156,0.134028,0.124811,0.652114
1045,-0.435274,3.56807,0.676928,0,6.49222,0.316,0.853156,0.134028,0.124811,0.652114
616,-0.252785,3.56799,0.975877,0,6.49222,0.316,0.853156,0.134028,0.124811,0.652114
187,-0.360691,3.56815,0.844274,0,6.49222,0.316,0.853156,0.134028,0.124811,0.652114
16,-0.124258,3.56769,1.06623,0,6.49222,0.316,0.853156,0.134028,0.124811,0.652114
616,-0.252785,3.56799,0.975877,0,6.49222,0.316,0.853156,0.134028,0.124811,0.652114
16,-0.124258,3.56769,1.06623,0,6.49222,0.316,0.853156,0.134028,0.124811,0.652114
615,0.00899242,3.56741,1.1151,0,6.49222,0.316,0.853156,0.134028,0.124811,0.652114
615,0.00899242,3.56741,1.1151,0,6.49222,0.316,0.853156,0.134028,0.124811,0.652114
186,0.125042,3.5673,1.1286,0,6.49222,0.316,0.853156,0.134028,0.124811,0.652114
186,0.125042,3.5673,1.1286,0,6.49222,0.316,0.853156,0.134028,0.124811,0.652114
1044,0.241099,3.56741,1.11509,0,6.49222,0.316,0.853156,0.134028,0.124811,0.652114
1044,0.241099,3.56741,1.11509,0,6.49222,0.316,0.853156,0.134028,0.124811,0.652114
38,0.37435,3.56769,1.06621,0,6.49222,0.316,0.853156,0.134028,0.124811,0.652114
38,0.37435,3.56769,1.06621,0,6.49222,0.316,0.853156,0.134028,0.124811,0.652114
664,0.502871,3.56799,0.975859,0,6.49222,0.316,0.853156,0.134028,0.124811,0.652114
664,0.502871,3.56799,0.975859,0,6.49222,0.316,0.853156,0.134028,0.124811,0.652114
235,0.610773,3.56814,0.844262,0,6.49222,0.316,0.853156,0.134028,0.124811,0.652114
235,0.610773,3.56814,0.844262,0,6.49222,0.316,0.853156,0.134028,0.124811,0.652114
1093,0.685349,3.56807,0.676929,0,6.49222,0.316,0.853156,0.134028,0.124811,0.652114
1093,0.685349,3.56807,0.676929,0,6.49222,0.316,0.853156,0.134028,0.124811,0.652114
60,0.722697,3.56775,0.48902,0,6.49222,0.316,0.853156,0.134028,0.124811,0.652114
1045,-0.455501,3.56763,0.679838,1,6.49222,0.316,0.853156,0.134028,0.124811,0.652114
59,-0.490623,3.56717,0.488451,1,6.49222,0.316,0.853156,0.134028,0.124811,0.652114
187,-0.373747,3.56781,0.847867,1,6.49222,0.316,0.853156,0.134028,0.124811,0.652114
1045,-0.455501,3.56763,0.679838,1,6.49222,0.316,0.853156,0.134028,0.124811,0.652114
616,-0.259214,3.56773,0.977308,1,6.49222,0.316,0.853156,0.134028,0.124811,0.652114
187,-0.373747,3.56781,0.847867,1,6.49222,0.316,0.853156,0.134028,0.124811,0.652114
16,-0.126876,3.56747,1.06519,1,6.49222,0.316,0.853156,0.134028,0.124811,0.652114
616,-0.259214,3.56773,0.977308,1,6.49222,0.316,0.853156,0.134028,0.124811,0.652114
16,-0.126876,3.56747,1.06519,1,6.49222,0.316,0.853156,0.134028,0.124811,0.652114
615,0.00821822,3.56721,1.11259,1,6.49222,0.316,0.853156,0.134028,0.124811,0.652114
615,0.00821822,3.56721,1.11259,1,6.49222,0.316,0.853156,0.134028,0.124811,0.652114
186,0.125046,3.56711,1.12571,1,6.49222,0.316,0.853156,0.134028,0.124811,0.652114
186,0.125046,3.56711,1.12571,1,6.49222,0.316,0.853156,0.134028,0.124811,0.652114
1044,0.241882,3.56721,1.1126,1,6.49222,0.316,0.853156,0.134028,0.124811,0.652114
1044,0.241882,3.56721,1.1126,1,6.49222,0.316,0.853156,0.134028,0.124811,0.652114
38,0.37699,3.56747,1.06522,1,6.49222,0.316,0.853156,0.134028,0.124811,0.652114
38,0.37699,3.56747,1.06522,1,6.49222,0.316,0.853156,0.134028,0.124811,0.652114
664,0.50933,3.56773,0.97733,1,6.49222,0.316,0.853156,0.134028,0.124811,0.652114
664,0.50933,3.56773,0.97733,1,6.49222,0.316,0.853156,0.134028,0.124811,0.652114
235,0.623834,3.56781,0.847877,1,6.49222,0.316,0.853156,0.134028,0.124811,0.652114
235,0.623834,3.56781,0.847877,1,6.49222,0.316,0.853156,0.134028,0.124811,0.652114
1093,0.705534,3.56763,0.679847,1,6.49222,0.316,0.853156,0.134028,0.124811,0.652114
1093,0.705534,3.56763,0.679847,1,6.49222,0.316,0.853156,0.134028,0.124811,0.652114
60,0.740644,3.56717,0.488485,1,6.49222,0.316,0.853156,0.134028,0.124811,0.652114
1045,-0.451635,3.5906,0.681173,0,6.99222,0.316,0.867217,0.134028,0.124807,0.666175
59,-0.49026,3.59021,0.487792,0,6.99222,0.316,0.867217,0.134028,0.124807,0.666175
187,-0.374457,3.59072,0.853091,0,6.99222,0.316,0.867217,0.134028,0.124807,0.666175
1045,-0.451635,3.5906,0.681173,0,6.99222,0.316,0.867217,0.134028,0.124807,0.666175
616,-0.263,3.59061,0.988053,0,6.99222,0.316,0.867217,0.134028,0.124807,0.666175
187,-0.374457,3.59072,0.853091,0,6.99222,0.316,0.867217,0.134028,0.124807,0.666175
16,-0.130469,3.59033,1.08044,0,6.99222,0.316,0.867217,0.134028,0.124807,0.666175
616,-0.263,3.59061,0.988053,0,6.99222,0.316,0.867217,0.134028,0.124807,0.666175
16,-0.130469,3.59033,1.08044,0,6.99222,0.316,0.867217,0.134028,0.124807,0.666175
615,0.00679554,3.59005,1.13031,0,6.99222,0.316,0.867217,0.134028,0.124807,0.666175
615,0.00679554,3.59005,1.13031,0,6.99222,0.316,0.867217,0.134028,0.124807,0.666175
186,0.125047,3.58994,1.14398,0,6.99222,0.316,0.867217,0.134028,0.124807,0.666175
186,0.125047,3.58994,1.14398,0,6.99222,0.316,0.867217,0.134028,0.124807,0.666175
1044,0.243301,3.59005,1.13031,0,6.99222,0.316,0.867217,0.134028,0.124807,0.666175
1044,0.243301,3.59005,1.13031,0,6.99222,0.316,0.867217,0.134028,0.124807,0.666175
38,0.380574,3.59033,1.08043,0,6.99222,0.316,0.867217,0.134028,0.124807,0.666175
38,0.380574,3.59033,1.08043,0,6.99222,0.316,0.867217,0.134028,0.124807,0.666175
664,0.513101,3.59061,0.988038,0,6.99222,0.316,0.867217,0.134028,0.124807,0.666175
664,0.513101,3.59061,0.988038,0,6.99222,0.316,0.867217,0.134028,0.124807,0.666175
235,0.624549,3.59072,0.853079,0,6.99222,0.316,0.867217,0.134028,0.124807,0.666175
235,0.624549,3.59072,0.853079,0,6.99222,0.316,0.867217,0.134028,0.124807,0.666175
1093,0.701719,3.59059,0.681172,0,6.99222,0.316,0.867217,0.134028,0.124807,0.666175
1093,0.701719,3.59059,0.681172,0,6.99222,0.316,0.867217,0.134028,0.124807,0.666175
60,0.740343,3.59021,0.487813,0,6.99222,0.316,0.867217,0.134028,0.124807,0.666175
1045,-0.473863,3.59008,0.683945,1,6.99222,0.316,0.867217,0.134028,0.124807,0.666175
59,-0.509776,3.58956,0.486752,1,6.99222,0.316,0.867217,0.134028,0.124807,0.666175
187,-0.389372,3.59031,0.856997,1,6.99222,0.316,0.867217,0.134028,0.124807,0.666175
1045,-0.473863,3.59008,0.683945,1,6.99222,0.316,0.867217,0.134028,0.124807,0.666175
616,-0.270682,3.59027,0.989915,1,6.99222,0.316,0.867217,0.134028,0.124807,0.666175
187,-0.389372,3.59031,0.856997,1,6.99222,0.316,0.867217,0.134028,0.124807,0.666175
16,-0.13372,3.59003,1.07965,1,6.99222,0.316,0.867217,0.134028,0.124807,0.666175
616,-0.270682,3.59027,0.989915,1,6.99222,0.316,0.867217,0.134028,0.124807,0.666175
16,-0.13372,3.59003,1.07965,1,6.99222,0.316,0.867217,0.134028,0.124807,0.666175
615,0.00582108,3.58978,1.12785,1,6.99222,0.316,0.867217,0.134028,0.124807,0.666175
615,0.00582108,3.58978,1.12785,1,6.99222,0.316,0.867217,0.134028,0.124807,0.666175
186,0.125073,3.58967,1.14105,1,6.99222,0.316,0.867217,0.134028,0.124807,0.666175
186,0.125073,3.58967,1.14105,1,6.99222,0.316,0.867217,0.134028,0.124807,0.666175
1044,0.244332,3.58978,1.12784,1,6.99222,0.316,0.867217,0.134028,0.124807,0.666175
1044,0.244332,3.58978,1.12784,1,6.99222,0.316,0.867217,0.134028,0.124807,0.666175
38,0.383882,3.59003,1.07965,1,6.99222,0.316,0.867217,0.134028,0.124807,0.666175
38,0.383882,3.59003,1.07965,1,6.99222,0.316,0.867217,0.134028,0.124807,0.666175
664,0.520839,3.59026,0.989911,1,6.99222,0.316,0.867217,0.134028,0.124807,0.666175
664,0.520839,3.59026,0.989911,1,6.99222,0.316,0.867217,0.134028,0.124807,0.666175
235,0.639505,3.5903,0.856986,1,6.99222,0.316,0.867217,0.134028,0.124807,0.666175
235,0.639505,3.5903,0.856986,1,6.99222,0.316,0.867217,0.134028,0.124807,0.666175
1093,0.723966,3.59007,0.683941,1,6.99222,0.316,0.867217,0.134028,0.124807,0.666175
1093,0.723966,3.59007,0.683941,1,6.99222,0.316,0.867217,0.134028,0.124807,0.666175
60,0.759878,3.58955,0.486771,1,6.99222,0.316,0.867217,0.134028,0.124807,0.666175
1045,-0.467061,3.61245,0.68517,0,7.49222,0.316,0.879727,0.134028,0.124803,0.678685
59,-0.506893,3.61201,0.486634,0,7.49222,0.316,0.879727,0.134028,0.124803,0.678685
187,-0.387467,3.61263,0.861436,0,7.49222,0.316,0.879727,0.134028,0.124803,0.678685
1045,-0.467061,3.61245,0.68517,0,7.49222,0.316,0.879727,0.134028,0.124803,0.678685
616,-0.272691,3.61255,0.999621,0,7.49222,0.316,0.879727,0.134028,0.124803,0.678685
187,-0.387467,3.61263,0.861436,0,7.49222,0.316,0.879727,0.134028,0.124803,0.678685
16,-0.136398,3.61229,1.09399,0,7.49222,0.316,0.879727,0.134028,0.124803,0.678685
616,-0.272691,3.61255,0.999621,0,7.49222,0.316,0.879727,0.134028,0.124803,0.678685
16,-0.136398,3.61229,1.09399,0,7.49222,0.316,0.879727,0.134028,0.124803,0.678685
615,0.00466796,3.61202,1.14484,0,7.49222,0.316,0.879727,0.134028,0.124803,0.678685
615,0.00466796,3.61202,1.14484,0,7.49222,0.316,0.879727,0.134028,0.124803,0.678685
186,0.125047,3.61191,1.15868,0,7.49222,0.316,0.879727,0.134028,0.124803,0.678685
186,0.125047,3.61191,1.15868,0,7.49222,0.316,0.879727,0.134028,0.124803,0.678685
1044,0.245432,3.61202,1.14483,0,7.49222,0.316,0.879727,0.134028,0.124803,0.678685
1044,0.245432,3.61202,1.14483,0,7.49222,0.316,0.879727,0.134028,0.124803,0.678685
38,0.386499,3.61229,1.09397,0,7.49222,0.316,0.879727,0.134028,0.124803,0.678685
38,0.386499,3.61229,1.09397,0,7.49222,0.316,0.879727,0.134028,0.124803,0.678685
664,0.522787,3.61255,0.999604,0,7.49222,0.316,0.879727,0.134028,0.124803,0.678685
664,0.522787,3.61255,0.999604,0,7.49222,0.316,0.879727,0.134028,0.124803,0.678685
235,0.637558,3.61262,0.861425,0,7.49222,0.316,0.879727,0.134028,0.124803,0.678685
235,0.637558,3.61262,0.861425,0,7.49222,0.316,0.879727,0.134028,0.124803,0.678685
1093,0.717145,3.61245,0.68517,0,7.49222,0.316,0.879727,0.134028,0.124803,0.678685
1093,0.717145,3.61245,0.68517,0,7.49222,0.316,0.879727,0.134028,0.124803,0.678685
60,0.756978,3.61201,0.48666,0,7.49222,0.316,0.879727,0.134028,0.124803,0.678685
1045,-0.489901,3.61191,0.687719,1,7.49222,0.316,0.879727,0.134028,0.124803,0.678685
59,-0.526911,3.61132,0.48523,1,7.49222,0.316,0.879727,0.134028,0.124803,0.678685
187,-0.4029,3.61219,0.865275,1,7.49222,0.316,0.879727,0.134028,0.124803,0.678685
1045,-0.489901,3.61191,0.687719,1,7.49222,0.316,0.879727,0.134028,0.124803,0.678685
616,-0.280732,3.61219,1.00149,1,7.49222,0.316,0.879727,0.134028,0.124803,0.678685
187,-0.4029,3.61219,0.865275,1,7.49222,0.316,0.879727,0.134028,0.124803,0.678685
16,-0.139853,3.61197,1.09323,1,7.49222,0.316,0.879727,0.134028,0.124803,0.678685
616,-0.280732,3.61219,1.00149,1,7.49222,0.316,0.879727,0.134028,0.124803,0.678685
16,-0.139853,3.61197,1.09323,1,7.49222,0.316,0.879727,0.134028,0.124803,0.678685
615,0.00362014,3.61172,1.1424,1,7.49222,0.316,0.879727,0.134028,0.124803,0.678685
615,0.00362014,3.61172,1.1424,1,7.49222,0.316,0.879727,0.134028,0.124803,0.678685
186,0.125096,3.61161,1.15577,1,7.49222,0.316,0.879727,0.134028,0.124803,0.678685
186,0.125096,3.61161,1.15577,1,7.49222,0.316,0.879727,0.134028,0.124803,0.678685
1044,0.246579,3.61172,1.14239,1,7.49222,0.316,0.879727,0.134028,0.124803,0.678685
1044,0.246579,3.61172,1.14239,1,7.49222,0.316,0.879727,0.134028,0.124803,0.678685
38,0.390056,3.61196,1.09321,1,7.49222,0.316,0.879727,0.134028,0.124803,0.678685
38,0.390056,3.61196,1.09321,1,7.49222,0.316,0.879727,0.134028,0.124803,0.678685
664,0.530927,3.61218,1.00146,1,7.49222,0.316,0.879727,0.134028,0.124803,0.678685
664,0.530927,3.61218,1.00146,1,7.49222,0.316,0.879727,0.134028,0.124803,0.678685
235,0.653076,3.61218,0.865245,1,7.49222,0.316,0.879727,0.134028,0.124803,0.678685
235,0.653076,3.61218,0.865245,1,7.49222,0.316,0.879727,0.134028,0.124803,0.678685
1093,0.740058,3.61189,0.687697,1,7.49222,0.316,0.879727,0.134028,0.124803,0.678685
1093,0.740058,3.61189,0.687697,1,7.49222,0.316,0.879727,0.134028,0.124803,0.678685
60,0.777068,3.61131,0.485229,1,7.49222,0.316,0.879727,0.134028,0.124803,0.678685
