id,x,y,z,ablated,v,bulkheadyoungs,nickdepth,nickw,nickc,bbmin
1045,-0.271501,3.43317,0.639527,0,3.49222,1,0.711547,0.134028,0.124846,0.510505
59,-0.297776,3.43343,0.495995,0,3.49222,1,0.711547,0.134028,0.124846,0.510505
187,-0.226128,3.43282,0.772286,0,3.49222,1,0.711547,0.134028,0.124846,0.510505
1045,-0.271501,3.43317,0.639527,0,3.49222,1,0.711547,0.134028,0.124846,0.510505
616,-0.157704,3.43243,0.883453,0,3.49222,1,0.711547,0.134028,0.124846,0.510505
187,-0.226128,3.43282,0.772286,0,3.49222,1,0.711547,0.134028,0.124846,0.510505
16,-0.0722513,3.43208,0.969321,0,3.49222,1,0.711547,0.134028,0.124846,0.510505
616,-0.157704,3.43243,0.883453,0,3.49222,1,0.711547,0.134028,0.124846,0.510505
16,-0.0722513,3.43208,0.969321,0,3.49222,1,0.711547,0.134028,0.124846,0.510505
615,0.0247535,3.43183,1.01837,0,3.49222,1,0.711547,0.134028,0.124846,0.510505
615,0.0247535,3.43183,1.01837,0,3.49222,1,0.711547,0.134028,0.124846,0.510505
186,0.12502,3.43175,1.03371,0,3.49222,1,0.711547,0.134028,0.124846,0.510505
186,0.12502,3.43175,1.03371,0,3.49222,1,0.711547,0.134028,0.124846,0.510505
1044,0.225286,3.43182,1.01832,0,3.49222,1,0.711547,0.134028,0.124846,0.510505
1044,0.225286,3.43182,1.01832,0,3.49222,1,0.711547,0.134028,0.124846,0.510505
38,0.322295,3.43207,0.969323,0,3.49222,1,0.711547,0.134028,0.124846,0.510505
38,0.322295,3.43207,0.969323,0,3.49222,1,0.711547,0.134028,0.124846,0.510505
664,0.407763,3.43242,0.883459,0,3.49222,1,0.711547,0.134028,0.124846,0.510505
664,0.407763,3.43242,0.883459,0,3.49222,1,0.711547,0.134028,0.124846,0.510505
235,0.476176,3.43282,0.772301,0,3.49222,1,0.711547,0.134028,0.124846,0.510505
235,0.476176,3.43282,0.772301,0,3.49222,1,0.711547,0.134028,0.124846,0.510505
1093,0.5215,3.43316,0.639541,0,3.49222,1,0.711547,0.134028,0.124846,0.510505
1093,0.5215,3.43316,0.639541,0,3.49222,1,0.711547,0.134028,0.124846,0.510505
60,0.547804,3.43341,0.496016,0,3.49222,1,0.711547,0.134028,0.124846,0.510505
1045,-0.28455,3.43341,0.643816,1,3.49222,1,0.711547,0.134028,0.124846,0.510505
59,-0.312619,3.43352,0.499488,1,3.49222,1,0.711547,0.134028,0.124846,0.510505
187,-0.232308,3.43312,0.774697,1,3.49222,1,0.711547,0.134028,0.124846,0.510505
1045,-0.28455,3.43341,0.643816,1,3.49222,1,0.711547,0.134028,0.124846,0.510505
616,-0.158955,3.43274,0.882328,1,3.49222,1,0.711547,0.134028,0.124846,0.510505
187,-0.232308,3.43312,0.774697,1,3.49222,1,0.711547,0.134028,0.124846,0.510505
16,-0.0713457,3.43233,0.964911,1,3.49222,1,0.711547,0.134028,0.124846,0.510505
616,-0.158955,3.43274,0.882328,1,3.49222,1,0.711547,0.134028,0.124846,0.510505
16,-0.0713457,3.43233,0.964911,1,3.49222,1,0.711547,0.134028,0.124846,0.510505
615,0.0253917,3.43204,1.01192,1,3.49222,1,0.711547,0.134028,0.124846,0.510505
615,0.0253917,3.43204,1.01192,1,3.49222,1,0.711547,0.134028,0.124846,0.510505
186,0.125012,3.43194,1.02684,1,3.49222,1,0.711547,0.134028,0.124846,0.510505
186,0.125012,3.43194,1.02684,1,3.49222,1,0.711547,0.134028,0.124846,0.510505
1044,0.224625,3.43204,1.01188,1,3.49222,1,0.711547,0.134028,0.124846,0.510505
1044,0.224625,3.43204,1.01188,1,3.49222,1,0.711547,0.134028,0.124846,0.510505
38,0.321345,3.43233,0.964848,1,3.49222,1,0.711547,0.134028,0.124846,0.510505
38,0.321345,3.43233,0.964848,1,3.49222,1,0.711547,0.134028,0.124846,0.510505
664,0.408932,3.43273,0.88226,1,3.49222,1,0.711547,0.134028,0.124846,0.510505
664,0.408932,3.43273,0.88226,1,3.49222,1,0.711547,0.134028,0.124846,0.510505
235,0.482286,3.43312,0.77465,1,3.49222,1,0.711547,0.134028,0.124846,0.510505
235,0.482286,3.43312,0.77465,1,3.49222,1,0.711547,0.134028,0.124846,0.510505
1093,0.53455,3.4334,0.643795,1,3.49222,1,0.711547,0.134028,0.124846,0.510505
1093,0.53455,3.4334,0.643795,1,3.49222,1,0.711547,0.134028,0.124846,0.510505
60,0.562673,3.43353,0.49949,1,3.49222,1,0.711547,0.134028,0.124846,0.510505
1045,-0.296717,3.45419,0.648061,0,3.99222,1,0.739223,0.134028,0.12484,0.538182
59,-0.325567,3.45453,0.496623,0,3.99222,1,0.739223,0.134028,0.12484,0.538182
187,-0.246812,3.45391,0.786299,0,3.99222,1,0.739223,0.134028,0.12484,0.538182
1045,-0.296717,3.45419,0.648061,0,3.99222,1,0.739223,0.134028,0.12484,0.538182
616,-0.171858,3.45362,0.900255,0,3.99222,1,0.739223,0.134028,0.12484,0.538182
187,-0.246812,3.45391,0.786299,0,3.99222,1,0.739223,0.134028,0.12484,0.538182
16,-0.0790022,3.45338,0.985632,0,3.99222,1,0.739223,0.134028,0.12484,0.538182
616,-0.171858,3.45362,0.900255,0,3.99222,1,0.739223,0.134028,0.12484,0.538182
16,-0.0790022,3.45338,0.985632,0,3.99222,1,0.739223,0.134028,0.12484,0.538182
615,0.0231433,3.45322,1.03373,0,3.99222,1,0.739223,0.134028,0.12484,0.538182
615,0.0231433,3.45322,1.03373,0,3.99222,1,0.739223,0.134028,0.12484,0.538182
186,0.125033,3.45316,1.04854,0,3.99222,1,0.739223,0.134028,0.12484,0.538182
186,0.125033,3.45316,1.04854,0,3.99222,1,0.739223,0.134028,0.12484,0.538182
1044,0.226885,3.45321,1.03378,0,3.99222,1,0.739223,0.134028,0.12484,0.538182
1044,0.226885,3.45321,1.03378,0,3.99222,1,0.739223,0.134028,0.12484,0.538182
38,0.329045,3.45338,0.985629,0,3.99222,1,0.739223,0.134028,0.12484,0.538182
38,0.329045,3.45338,0.985629,0,3.99222,1,0.739223,0.134028,0.12484,0.538182
664,0.421971,3.45363,0.900267,0,3.99222,1,0.739223,0.134028,0.12484,0.538182
664,0.421971,3.45363,0.900267,0,3.99222,1,0.739223,0.134028,0.12484,0.538182
235,0.496854,3.45391,0.78629,0,3.99222,1,0.739223,0.134028,0.12484,0.538182
235,0.496854,3.45391,0.78629,0,3.99222,1,0.739223,0.134028,0.12484,0.538182
1093,0.546732,3.45419,0.648055,0,3.99222,1,0.739223,0.134028,0.12484,0.538182
1093,0.546732,3.45419,0.648055,0,3.99222,1,0.739223,0.134028,0.12484,0.538182
60,0.575602,3.45453,0.496636,0,3.99222,1,0.739223,0.134028,0.12484,0.538182
1045,-0.318519,3.45536,0.655053,1,3.99222,1,0.739223,0.134028,0.12484,0.538182
59,-0.348281,3.45531,0.501248,1,3.99222,1,0.739223,0.134028,0.12484,0.538182
187,-0.258363,3.45524,0.791514,1,3.99222,1,0.739223,0.134028,0.12484,0.538182
1045,-0.318519,3.45536,0.655053,1,3.99222,1,0.739223,0.134028,0.12484,0.538182
616,-0.175404,3.45499,0.900587,1,3.99222,1,0.739223,0.134028,0.12484,0.538182
187,-0.258363,3.45524,0.791514,1,3.99222,1,0.739223,0.134028,0.12484,0.538182
16,-0.0787547,3.45468,0.981178,1,3.99222,1,0.739223,0.134028,0.12484,0.538182
616,-0.175404,3.45499,0.900587,1,3.99222,1,0.739223,0.134028,0.12484,0.538182
16,-0.0787547,3.45468,0.981178,1,3.99222,1,0.739223,0.134028,0.12484,0.538182
615,0.0237257,3.45444,1.02651,1,3.99222,1,0.739223,0.134028,0.12484,0.538182
615,0.0237257,3.45444,1.02651,1,3.99222,1,0.739223,0.134028,0.12484,0.538182
186,0.125009,3.45436,1.04071,1,3.99222,1,0.739223,0.134028,0.12484,0.538182
186,0.125009,3.45436,1.04071,1,3.99222,1,0.739223,0.134028,0.12484,0.538182
1044,0.226291,3.45445,1.0265,1,3.99222,1,0.739223,0.134028,0.12484,0.538182
1044,0.226291,3.45445,1.0265,1,3.99222,1,0.739223,0.134028,0.12484,0.538182
38,0.32877,3.45469,0.981161,1,3.99222,1,0.739223,0.134028,0.12484,0.538182
38,0.32877,3.45469,0.981161,1,3.99222,1,0.739223,0.134028,0.12484,0.538182
664,0.425419,3.45499,0.900575,1,3.99222,1,0.739223,0.134028,0.12484,0.538182
664,0.425419,3.45499,0.900575,1,3.99222,1,0.739223,0.134028,0.12484,0.538182
235,0.508377,3.45524,0.791512,1,3.99222,1,0.739223,0.134028,0.12484,0.538182
235,0.508377,3.45524,0.791512,1,3.99222,1,0.739223,0.134028,0.12484,0.538182
1093,0.568536,3.45536,0.655068,1,3.99222,1,0.739223,0.134028,0.12484,0.538182
1093,0.568536,3.45536,0.655068,1,3.99222,1,0.739223,0.134028,0.12484,0.538182
60,0.598287,3.45533,0.501268,1,3.99222,1,0.739223,0.134028,0.12484,0.538182
1045,-0.318083,3.47992,0.656071,0,4.49222,1,0.763198,0.134028,0.124834,0.562157
59,-0.349789,3.48011,0.497691,0,4.49222,1,0.763198,0.134028,0.124834,0.562157
187,-0.264284,3.47976,0.799395,0,4.49222,1,0.763198,0.134028,0.124834,0.562157
1045,-0.318083,3.47992,0.656071,0,4.49222,1,0.763198,0.134028,0.124834,0.562157
616,-0.184225,3.47953,0.916455,0,4.49222,1,0.763198,0.134028,0.124834,0.562157
187,-0.264284,3.47976,0.799395,0,4.49222,1,0.763198,0.134028,0.124834,0.562157
16,-0.0855103,3.47929,1.00256,0,4.49222,1,0.763198,0.134028,0.124834,0.562157
616,-0.184225,3.47953,0.916455,0,4.49222,1,0.763198,0.134028,0.124834,0.562157
16,-0.0855103,3.47929,1.00256,0,4.49222,1,0.763198,0.134028,0.124834,0.562157
615,0.0214177,3.47912,1.05088,0,4.49222,1,0.763198,0.134028,0.124834,0.562157
615,0.0214177,3.47912,1.05088,0,4.49222,1,0.763198,0.134028,0.124834,0.562157
186,0.125014,3.47907,1.06558,0,4.49222,1,0.763198,0.134028,0.124834,0.562157
186,0.125014,3.47907,1.06558,0,4.49222,1,0.763198,0.134028,0.124834,0.562157
1044,0.228617,3.47912,1.05082,0,4.49222,1,0.763198,0.134028,0.124834,0.562157
1044,0.228617,3.47912,1.05082,0,4.49222,1,0.763198,0.134028,0.124834,0.562157
38,0.335537,3.47929,1.00258,0,4.49222,1,0.763198,0.134028,0.124834,0.562157
38,0.335537,3.47929,1.00258,0,4.49222,1,0.763198,0.134028,0.124834,0.562157
664,0.434238,3.47953,0.91643,0,4.49222,1,0.763198,0.134028,0.124834,0.562157
664,0.434238,3.47953,0.91643,0,4.49222,1,0.763198,0.134028,0.124834,0.562157
235,0.514352,3.47975,0.799345,0,4.49222,1,0.763198,0.134028,0.124834,0.562157
235,0.514352,3.47975,0.799345,0,4.49222,1,0.763198,0.134028,0.124834,0.562157
1093,0.568152,3.47991,0.65605,0,4.49222,1,0.763198,0.134028,0.124834,0.562157
1093,0.568152,3.47991,0.65605,0,4.49222,1,0.763198,0.134028,0.124834,0.562157
60,0.599803,3.48014,0.497717,0,4.49222,1,0.763198,0.134028,0.124834,0.562157
1045,-0.342073,3.48071,0.662878,1,4.49222,1,0.763198,0.134028,0.124834,0.562157
59,-0.373724,3.48053,0.501266,1,4.49222,1,0.763198,0.134028,0.124834,0.562157
187,-0.27752,3.48071,0.804964,1,4.49222,1,0.763198,0.134028,0.124834,0.562157
1045,-0.342073,3.48071,0.662878,1,4.49222,1,0.763198,0.134028,0.124834,0.562157
616,-0.188839,3.48056,0.917361,1,4.49222,1,0.763198,0.134028,0.124834,0.562157
187,-0.27752,3.48071,0.804964,1,4.49222,1,0.763198,0.134028,0.124834,0.562157
16,-0.0860373,3.48033,0.998922,1,4.49222,1,0.763198,0.134028,0.124834,0.562157
616,-0.188839,3.48056,0.917361,1,4.49222,1,0.763198,0.134028,0.124834,0.562157
16,-0.0860373,3.48033,0.998922,1,4.49222,1,0.763198,0.134028,0.124834,0.562157
615,0.0216611,3.48013,1.04455,1,4.49222,1,0.763198,0.134028,0.124834,0.562157
615,0.0216611,3.48013,1.04455,1,4.49222,1,0.763198,0.134028,0.124834,0.562157
186,0.125008,3.48006,1.05871,1,4.49222,1,0.763198,0.134028,0.124834,0.562157
186,0.125008,3.48006,1.05871,1,4.49222,1,0.763198,0.134028,0.124834,0.562157
1044,0.228349,3.48013,1.0445,1,4.49222,1,0.763198,0.134028,0.124834,0.562157
1044,0.228349,3.48013,1.0445,1,4.49222,1,0.763198,0.134028,0.124834,0.562157
38,0.336028,3.48034,0.99884,1,4.49222,1,0.763198,0.134028,0.124834,0.562157
38,0.336028,3.48034,0.99884,1,4.49222,1,0.763198,0.134028,0.124834,0.562157
664,0.438808,3.48057,0.917277,1,4.49222,1,0.763198,0.134028,0.124834,0.562157
664,0.438808,3.48057,0.917277,1,4.49222,1,0.763198,0.134028,0.124834,0.562157
235,0.527508,3.48071,0.804918,1,4.49222,1,0.763198,0.134028,0.124834,0.562157
235,0.527508,3.48071,0.804918,1,4.49222,1,0.763198,0.134028,0.124834,0.562157
1093,0.592134,3.48071,0.662879,1,4.49222,1,0.763198,0.134028,0.124834,0.562157
1093,0.592134,3.48071,0.662879,1,4.49222,1,0.763198,0.134028,0.124834,0.562157
60,0.623809,3.48056,0.501271,1,4.49222,1,0.763198,0.134028,0.124834,0.562157
1045,-0.336787,3.50666,0.662997,0,4.99222,1,0.78412,0.134028,0.124827,0.583078
59,-0.370941,3.50671,0.49832,0,4.99222,1,0.78412,0.134028,0.124827,0.583078
187,-0.279773,3.50657,0.811153,0,4.99222,1,0.78412,0.134028,0.124827,0.583078
1045,-0.336787,3.50666,0.662997,0,4.99222,1,0.78412,0.134028,0.124827,0.583078
616,-0.195229,3.5064,0.931426,0,4.99222,1,0.78412,0.134028,0.124827,0.583078
187,-0.279773,3.50657,0.811153,0,4.99222,1,0.78412,0.134028,0.124827,0.583078
16,-0.0915386,3.50619,1.0188,0,4.99222,1,0.78412,0.134028,0.124827,0.583078
616,-0.195229,3.5064,0.931426,0,4.99222,1,0.78412,0.134028,0.124827,0.583078
16,-0.0915386,3.50619,1.0188,0,4.99222,1,0.78412,0.134028,0.124827,0.583078
615,0.0196961,3.506,1.06753,0,4.99222,1,0.78412,0.134028,0.124827,0.583078
615,0.0196961,3.506,1.06753,0,4.99222,1,0.78412,0.134028,0.124827,0.583078
186,0.12503,3.50595,1.08242,0,4.99222,1,0.78412,0.134028,0.124827,0.583078
186,0.12503,3.50595,1.08242,0,4.99222,1,0.78412,0.134028,0.124827,0.583078
1044,0.230353,3.50601,1.06753,0,4.99222,1,0.78412,0.134028,0.124827,0.583078
1044,0.230353,3.50601,1.06753,0,4.99222,1,0.78412,0.134028,0.124827,0.583078
38,0.341605,3.50619,1.01881,0,4.99222,1,0.78412,0.134028,0.124827,0.583078
38,0.341605,3.50619,1.01881,0,4.99222,1,0.78412,0.134028,0.124827,0.583078
664,0.445279,3.50641,0.931428,0,4.99222,1,0.78412,0.134028,0.124827,0.583078
664,0.445279,3.50641,0.931428,0,4.99222,1,0.78412,0.134028,0.124827,0.583078
235,0.529818,3.50657,0.811176,0,4.99222,1,0.78412,0.134028,0.124827,0.583078
235,0.529818,3.50657,0.811176,0,4.99222,1,0.78412,0.134028,0.124827,0.583078
1093,0.586828,3.50664,0.663,0,4.99222,1,0.78412,0.134028,0.124827,0.583078
1093,0.586828,3.50664,0.663,0,4.99222,1,0.78412,0.134028,0.124827,0.583078
60,0.620986,3.50674,0.498341,0,4.99222,1,0.78412,0.134028,0.124827,0.583078
1045,-0.362656,3.50688,0.669546,1,4.99222,1,0.78412,0.134028,0.124827,0.583078
59,-0.396379,3.50661,0.501046,1,4.99222,1,0.78412,0.134028,0.124827,0.583078
187,-0.294357,3.50698,0.816836,1,4.99222,1,0.78412,0.134028,0.124827,0.583078
1045,-0.362656,3.50688,0.669546,1,4.99222,1,0.78412,0.134028,0.124827,0.583078
616,-0.200865,3.50691,0.932626,1,4.99222,1,0.78412,0.134028,0.124827,0.583078
187,-0.294357,3.50698,0.816836,1,4.99222,1,0.78412,0.134028,0.124827,0.583078
16,-0.092844,3.50673,1.01569,1,4.99222,1,0.78412,0.134028,0.124827,0.583078
616,-0.200865,3.50691,0.932626,1,4.99222,1,0.78412,0.134028,0.124827,0.583078
16,-0.092844,3.50673,1.01569,1,4.99222,1,0.78412,0.134028,0.124827,0.583078
615,0.0195965,3.50656,1.06201,1,4.99222,1,0.78412,0.134028,0.124827,0.583078
615,0.0195965,3.50656,1.06201,1,4.99222,1,0.78412,0.134028,0.124827,0.583078
186,0.125035,3.50649,1.07633,1,4.99222,1,0.78412,0.134028,0.124827,0.583078
186,0.125035,3.50649,1.07633,1,4.99222,1,0.78412,0.134028,0.124827,0.583078
1044,0.230472,3.50656,1.06198,1,4.99222,1,0.78412,0.134028,0.124827,0.583078
1044,0.230472,3.50656,1.06198,1,4.99222,1,0.78412,0.134028,0.124827,0.583078
38,0.342904,3.50673,1.01564,1,4.99222,1,0.78412,0.134028,0.124827,0.583078
38,0.342904,3.50673,1.01564,1,4.99222,1,0.78412,0.134028,0.124827,0.583078
664,0.450915,3.50691,0.932578,1,4.99222,1,0.78412,0.134028,0.124827,0.583078
664,0.450915,3.50691,0.932578,1,4.99222,1,0.78412,0.134028,0.124827,0.583078
235,0.544416,3.50698,0.816809,1,4.99222,1,0.78412,0.134028,0.124827,0.583078
235,0.544416,3.50698,0.816809,1,4.99222,1,0.78412,0.134028,0.124827,0.583078
1093,0.612737,3.50687,0.669543,1,4.99222,1,0.78412,0.134028,0.124827,0.583078
1093,0.612737,3.50687,0.669543,1,4.99222,1,0.78412,0.134028,0.124827,0.583078
60,0.646466,3.50663,0.501057,1,4.99222,1,0.78412,0.134028,0.124827,0.583078
1045,-0.354201,3.53287,0.669013,0,5.49222,1,0.802728,0.134028,0.124819,0.601686
59,-0.390648,3.53281,0.498504,0,5.49222,1,0.802728,0.134028,0.124819,0.601686
187,-0.294085,3.53285,0.821672,0,5.49222,1,0.802728,0.134028,0.124819,0.601686
1045,-0.354201,3.53287,0.669013,0,5.49222,1,0.802728,0.134028,0.124819,0.601686
616,-0.205586,3.53274,0.945082,0,5.49222,1,0.802728,0.134028,0.124819,0.601686
187,-0.294085,3.53285,0.821672,0,5.49222,1,0.802728,0.134028,0.124819,0.601686
16,-0.0975768,3.53255,1.03412,0,5.49222,1,0.802728,0.134028,0.124819,0.601686
616,-0.205586,3.53274,0.945082,0,5.49222,1,0.802728,0.134028,0.124819,0.601686
16,-0.0975768,3.53255,1.03412,0,5.49222,1,0.802728,0.134028,0.124819,0.601686
615,0.0177608,3.53238,1.08374,0,5.49222,1,0.802728,0.134028,0.124819,0.601686
615,0.0177608,3.53238,1.08374,0,5.49222,1,0.802728,0.134028,0.124819,0.601686
186,0.125029,3.53231,1.09884,0,5.49222,1,0.802728,0.134028,0.124819,0.601686
186,0.125029,3.53231,1.09884,0,5.49222,1,0.802728,0.134028,0.124819,0.601686
1044,0.232295,3.53239,1.08374,0,5.49222,1,0.802728,0.134028,0.124819,0.601686
1044,0.232295,3.53239,1.08374,0,5.49222,1,0.802728,0.134028,0.124819,0.601686
38,0.347633,3.53256,1.03414,0,5.49222,1,0.802728,0.134028,0.124819,0.601686
38,0.347633,3.53256,1.03414,0,5.49222,1,0.802728,0.134028,0.124819,0.601686
664,0.455651,3.53274,0.945073,0,5.49222,1,0.802728,0.134028,0.124819,0.601686
664,0.455651,3.53274,0.945073,0,5.49222,1,0.802728,0.134028,0.124819,0.601686
235,0.544139,3.53284,0.821665,0,5.49222,1,0.802728,0.134028,0.124819,0.601686
235,0.544139,3.53284,0.821665,0,5.49222,1,0.802728,0.134028,0.124819,0.601686
1093,0.604239,3.53284,0.669009,0,5.49222,1,0.802728,0.134028,0.124819,0.601686
1093,0.604239,3.53284,0.669009,0,5.49222,1,0.802728,0.134028,0.124819,0.601686
60,0.640686,3.53284,0.498539,0,5.49222,1,0.802728,0.134028,0.124819,0.601686
1045,-0.381106,3.53289,0.675391,1,5.49222,1,0.802728,0.134028,0.124819,0.601686
59,-0.416868,3.53252,0.500677,1,5.49222,1,0.802728,0.134028,0.124819,0.601686
187,-0.309569,3.53307,0.827524,1,5.49222,1,0.802728,0.134028,0.124819,0.601686
1045,-0.381106,3.53289,0.675391,1,5.49222,1,0.802728,0.134028,0.124819,0.601686
616,-0.211905,3.53307,0.946663,1,5.49222,1,0.802728,0.134028,0.124819,0.601686
187,-0.309569,3.53307,0.827524,1,5.49222,1,0.802728,0.134028,0.124819,0.601686
16,-0.0992803,3.53293,1.03145,1,5.49222,1,0.802728,0.134028,0.124819,0.601686
616,-0.211905,3.53307,0.946663,1,5.49222,1,0.802728,0.134028,0.124819,0.601686
16,-0.0992803,3.53293,1.03145,1,5.49222,1,0.802728,0.134028,0.124819,0.601686
615,0.0175095,3.53278,1.07863,1,5.49222,1,0.802728,0.134028,0.124819,0.601686
615,0.0175095,3.53278,1.07863,1,5.49222,1,0.802728,0.134028,0.124819,0.601686
186,0.125017,3.53272,1.09316,1,5.49222,1,0.802728,0.134028,0.124819,0.601686
186,0.125017,3.53272,1.09316,1,5.49222,1,0.802728,0.134028,0.124819,0.601686
1044,0.232525,3.53279,1.0786,1,5.49222,1,0.802728,0.134028,0.124819,0.601686
1044,0.232525,3.53279,1.0786,1,5.49222,1,0.802728,0.134028,0.124819,0.601686
38,0.349311,3.53294,1.03142,1,5.49222,1,0.802728,0.134028,0.124819,0.601686
38,0.349311,3.53294,1.03142,1,5.49222,1,0.802728,0.134028,0.124819,0.601686
664,0.461927,3.53307,0.946627,1,5.49222,1,0.802728,0.134028,0.124819,0.601686
664,0.461927,3.53307,0.946627,1,5.49222,1,0.802728,0.134028,0.124819,0.601686
235,0.559604,3.53307,0.827509,1,5.49222,1,0.802728,0.134028,0.124819,0.601686
235,0.559604,3.53307,0.827509,1,5.49222,1,0.802728,0.134028,0.124819,0.601686
1093,0.631156,3.53288,0.675394,1,5.49222,1,0.802728,0.134028,0.124819,0.601686
1093,0.631156,3.53288,0.675394,1,5.49222,1,0.802728,0.134028,0.124819,0.601686
60,0.666923,3.53255,0.500698,1,5.49222,1,0.802728,0.134028,0.124819,0.601686
1045,-0.370091,3.5583,0.67451,0,5.99222,1,0.819457,0.134028,0.124812,0.618416
59,-0.408661,3.55818,0.498599,0,5.99222,1,0.819457,0.134028,0.124812,0.618416
187,-0.307307,3.55835,0.831429,0,5.99222,1,0.819457,0.134028,0.124812,0.618416
1045,-0.370091,3.5583,0.67451,0,5.99222,1,0.819457,0.134028,0.124812,0.618416
616,-0.215238,3.55828,0.957889,0,5.99222,1,0.819457,0.134028,0.124812,0.618416
187,-0.307307,3.55835,0.831429,0,5.99222,1,0.819457,0.134028,0.124812,0.618416
16,-0.103211,3.55812,1.04857,0,5.99222,1,0.819457,0.134028,0.124812,0.618416
616,-0.215238,3.55828,0.957889,0,5.99222,1,0.819457,0.134028,0.124812,0.618416
16,-0.103211,3.55812,1.04857,0,5.99222,1,0.819457,0.134028,0.124812,0.618416
615,0.015903,3.55796,1.09905,0,5.99222,1,0.819457,0.134028,0.124812,0.618416
615,0.015903,3.55796,1.09905,0,5.99222,1,0.819457,0.134028,0.124812,0.618416
186,0.125028,3.55792,1.1144,0,5.99222,1,0.819457,0.134028,0.124812,0.618416
186,0.125028,3.55792,1.1144,0,5.99222,1,0.819457,0.134028,0.124812,0.618416
1044,0.234144,3.55797,1.09903,0,5.99222,1,0.819457,0.134028,0.124812,0.618416
1044,0.234144,3.55797,1.09903,0,5.99222,1,0.819457,0.134028,0.124812,0.618416
38,0.353256,3.55812,1.04856,0,5.99222,1,0.819457,0.134028,0.124812,0.618416
38,0.353256,3.55812,1.04856,0,5.99222,1,0.819457,0.134028,0.124812,0.618416
664,0.465287,3.55829,0.957879,0,5.99222,1,0.819457,0.134028,0.124812,0.618416
664,0.465287,3.55829,0.957879,0,5.99222,1,0.819457,0.134028,0.124812,0.618416
235,0.557342,3.55835,0.831423,0,5.99222,1,0.819457,0.134028,0.124812,0.618416
235,0.557342,3.55835,0.831423,0,5.99222,1,0.819457,0.134028,0.124812,0.618416
1093,0.620136,3.55828,0.674517,0,5.99222,1,0.819457,0.134028,0.124812,0.618416
1093,0.620136,3.55828,0.674517,0,5.99222,1,0.819457,0.134028,0.124812,0.618416
60,0.658692,3.55822,0.498632,0,5.99222,1,0.819457,0.134028,0.124812,0.618416
1045,-0.398037,3.5583,0.680686,1,5.99222,1,0.819457,0.134028,0.124812,0.618416
59,-0.435756,3.55785,0.50026,1,5.99222,1,0.819457,0.134028,0.124812,0.618416
187,-0.323575,3.55855,0.837356,1,5.99222,1,0.819457,0.134028,0.124812,0.618416
1045,-0.398037,3.5583,0.680686,1,5.99222,1,0.819457,0.134028,0.124812,0.618416
616,-0.222143,3.55861,0.959725,1,5.99222,1,0.819457,0.134028,0.124812,0.618416
187,-0.323575,3.55855,0.837356,1,5.99222,1,0.819457,0.134028,0.124812,0.618416
16,-0.105341,3.55852,1.0463,1,5.99222,1,0.819457,0.134028,0.124812,0.618416
616,-0.222143,3.55861,0.959725,1,5.99222,1,0.819457,0.134028,0.124812,0.618416
16,-0.105341,3.55852,1.0463,1,5.99222,1,0.819457,0.134028,0.124812,0.618416
615,0.0154794,3.55838,1.09439,1,5.99222,1,0.819457,0.134028,0.124812,0.618416
615,0.0154794,3.55838,1.09439,1,5.99222,1,0.819457,0.134028,0.124812,0.618416
186,0.125016,3.55832,1.10916,1,5.99222,1,0.819457,0.134028,0.124812,0.618416
186,0.125016,3.55832,1.10916,1,5.99222,1,0.819457,0.134028,0.124812,0.618416
1044,0.234553,3.55839,1.09436,1,5.99222,1,0.819457,0.134028,0.124812,0.618416
1044,0.234553,3.55839,1.09436,1,5.99222,1,0.819457,0.134028,0.124812,0.618416
38,0.35537,3.55852,1.04626,1,5.99222,1,0.819457,0.134028,0.124812,0.618416
38,0.35537,3.55852,1.04626,1,5.99222,1,0.819457,0.134028,0.124812,0.618416
664,0.472164,3.55862,0.959688,1,5.99222,1,0.819457,0.134028,0.124812,0.618416
664,0.472164,3.55862,0.959688,1,5.99222,1,0.819457,0.134028,0.124812,0.618416
235,0.573608,3.55855,0.83734,1,5.99222,1,0.819457,0.134028,0.124812,0.618416
235,0.573608,3.55855,0.83734,1,5.99222,1,0.819457,0.134028,0.124812,0.618416
1093,0.648083,3.55828,0.680687,1,5.99222,1,0.819457,0.134028,0.124812,0.618416
1093,0.648083,3.55828,0.680687,1,5.99222,1,0.819457,0.134028,0.124812,0.618416
60,0.68581,3.55789,0.50028,1,5.99222,1,0.819457,0.134028,0.124812,0.618416
1045,-0.384993,3.58301,0.679695,0,6.49222,1,0.834806,0.134028,0.124805,0.633764
59,-0.425481,3.58283,0.498692,0,6.49222,1,0.834806,0.134028,0.124805,0.633764
187,-0.319645,3.58311,0.84064,0,6.49222,1,0.834806,0.134028,0.124805,0.633764
1045,-0.384993,3.58301,0.679695,0,6.49222,1,0.834806,0.134028,0.124805,0.633764
616,-0.224275,3.58309,0.970017,0,6.49222,1,0.834806,0.134028,0.124805,0.633764
187,-0.319645,3.58311,0.84064,0,6.49222,1,0.834806,0.134028,0.124805,0.633764
16,-0.108602,3.58295,1.06241,0,6.49222,1,0.834806,0.134028,0.124805,0.633764
616,-0.224275,3.58309,0.970017,0,6.49222,1,0.834806,0.134028,0.124805,0.633764
16,-0.108602,3.58295,1.06241,0,6.49222,1,0.834806,0.134028,0.124805,0.633764
615,0.0140678,3.5828,1.11379,0,6.49222,1,0.834806,0.134028,0.124805,0.633764
615,0.0140678,3.5828,1.11379,0,6.49222,1,0.834806,0.134028,0.124805,0.633764
186,0.125021,3.58275,1.12939,0,6.49222,1,0.834806,0.134028,0.124805,0.633764
186,0.125021,3.58275,1.12939,0,6.49222,1,0.834806,0.134028,0.124805,0.633764
1044,0.235976,3.5828,1.11378,0,6.49222,1,0.834806,0.134028,0.124805,0.633764
1044,0.235976,3.5828,1.11378,0,6.49222,1,0.834806,0.134028,0.124805,0.633764
38,0.358647,3.58295,1.06239,0,6.49222,1,0.834806,0.134028,0.124805,0.633764
38,0.358647,3.58295,1.06239,0,6.49222,1,0.834806,0.134028,0.124805,0.633764
664,0.474319,3.5831,0.969999,0,6.49222,1,0.834806,0.134028,0.124805,0.633764
664,0.474319,3.5831,0.969999,0,6.49222,1,0.834806,0.134028,0.124805,0.633764
235,0.569682,3.58312,0.840629,0,6.49222,1,0.834806,0.134028,0.124805,0.633764
235,0.569682,3.58312,0.840629,0,6.49222,1,0.834806,0.134028,0.124805,0.633764
1093,0.635028,3.583,0.679695,0,6.49222,1,0.834806,0.134028,0.124805,0.633764
1093,0.635028,3.583,0.679695,0,6.49222,1,0.834806,0.134028,0.124805,0.633764
60,0.675523,3.58286,0.498724,0,6.49222,1,0.834806,0.134028,0.124805,0.633764
1045,-0.413883,3.58294,0.685595,1,6.49222,1,0.834806,0.134028,0.124805,0.633764
59,-0.453459,3.58242,0.499826,1,6.49222,1,0.834806,0.134028,0.124805,0.633764
187,-0.336685,3.58326,0.846533,1,6.49222,1,0.834806,0.134028,0.124805,0.633764
1045,-0.413883,3.58294,0.685595,1,6.49222,1,0.834806,0.134028,0.124805,0.633764
616,-0.231762,3.58337,0.971985,1,6.49222,1,0.834806,0.134028,0.124805,0.633764
187,-0.336685,3.58326,0.846533,1,6.49222,1,0.834806,0.134028,0.124805,0.633764
16,-0.111094,3.58331,1.06034,1,6.49222,1,0.834806,0.134028,0.124805,0.633764
616,-0.231762,3.58337,0.971985,1,6.49222,1,0.834806,0.134028,0.124805,0.633764
16,-0.111094,3.58331,1.06034,1,6.49222,1,0.834806,0.134028,0.124805,0.633764
615,0.0134965,3.58319,1.10935,1,6.49222,1,0.834806,0.134028,0.124805,0.633764
615,0.0134965,3.58319,1.10935,1,6.49222,1,0.834806,0.134028,0.124805,0.633764
186,0.125014,3.58313,1.12437,1,6.49222,1,0.834806,0.134028,0.124805,0.633764
186,0.125014,3.58313,1.12437,1,6.49222,1,0.834806,0.134028,0.124805,0.633764
1044,0.236534,3.58319,1.10933,1,6.49222,1,0.834806,0.134028,0.124805,0.633764
1044,0.236534,3.58319,1.10933,1,6.49222,1,0.834806,0.134028,0.124805,0.633764
38,0.361122,3.58331,1.06031,1,6.49222,1,0.834806,0.134028,0.124805,0.633764
38,0.361122,3.58331,1.06031,1,6.49222,1,0.834806,0.134028,0.124805,0.633764
664,0.481783,3.58338,0.971949,1,6.49222,1,0.834806,0.134028,0.124805,0.633764
664,0.481783,3.58338,0.971949,1,6.49222,1,0.834806,0.134028,0.124805,0.633764
235,0.586718,3.58326,0.846517,1,6.49222,1,0.834806,0.134028,0.124805,0.633764
235,0.586718,3.58326,0.846517,1,6.49222,1,0.834806,0.134028,0.124805,0.633764
1093,0.663927,3.58293,0.685594,1,6.49222,1,0.834806,0.134028,0.124805,0.633764
1093,0.663927,3.58293,0.685594,1,6.49222,1,0.834806,0.134028,0.124805,0.633764
60,0.703511,3.58247,0.499846,1,6.49222,1,0.834806,0.134028,0.124805,0.633764
1045,-0.398846,3.60692,0.684426,0,6.99222,1,0.848753,0.134028,0.124798,0.647712
59,-0.441169,3.6067,0.498644,0,6.99222,1,0.848753,0.134028,0.124798,0.647712
187,-0.331201,3.60708,0.849201,0,6.99222,1,0.848753,0.134028,0.124798,0.647712
1045,-0.398846,3.60692,0.684426,0,6.99222,1,0.848753,0.134028,0.124798,0.647712
616,-0.23283,3.6071,0.981419,0,6.99222,1,0.848753,0.134028,0.124798,0.647712
187,-0.331201,3.60708,0.849201,0,6.99222,1,0.848753,0.134028,0.124798,0.647712
16,-0.113744,3.60699,1.07547,0,6.99222,1,0.848753,0.134028,0.124798,0.647712
616,-0.23283,3.6071,0.981419,0,6.99222,1,0.848753,0.134028,0.124798,0.647712
16,-0.113744,3.60699,1.07547,0,6.99222,1,0.848753,0.134028,0.124798,0.647712
615,0.0122752,3.60685,1.12777,0,6.99222,1,0.848753,0.134028,0.124798,0.647712
615,0.0122752,3.60685,1.12777,0,6.99222,1,0.848753,0.134028,0.124798,0.647712
186,0.125017,3.60679,1.14363,0,6.99222,1,0.848753,0.134028,0.124798,0.647712
186,0.125017,3.60679,1.14363,0,6.99222,1,0.848753,0.134028,0.124798,0.647712
1044,0.237763,3.60685,1.12775,0,6.99222,1,0.848753,0.134028,0.124798,0.647712
1044,0.237763,3.60685,1.12775,0,6.99222,1,0.848753,0.134028,0.124798,0.647712
38,0.363783,3.60699,1.07545,0,6.99222,1,0.848753,0.134028,0.124798,0.647712
38,0.363783,3.60699,1.07545,0,6.99222,1,0.848753,0.134028,0.124798,0.647712
664,0.482877,3.60711,0.981399,0,6.99222,1,0.848753,0.134028,0.124798,0.647712
664,0.482877,3.60711,0.981399,0,6.99222,1,0.848753,0.134028,0.124798,0.647712
235,0.581241,3.60709,0.8492,0,6.99222,1,0.848753,0.134028,0.124798,0.647712
235,0.581241,3.60709,0.8492,0,6.99222,1,0.848753,0.134028,0.124798,0.647712
1093,0.648881,3.60693,0.684435,0,6.99222,1,0.848753,0.134028,0.124798,0.647712
1093,0.648881,3.60693,0.684435,0,6.99222,1,0.848753,0.134028,0.124798,0.647712
60,0.691205,3.60672,0.498683,0,6.99222,1,0.848753,0.134028,0.124798,0.647712
1045,-0.428717,3.60685,0.690166,1,6.99222,1,0.848753,0.134028,0.124798,0.647712
59,-0.470036,3.60631,0.499375,1,6.99222,1,0.848753,0.134028,0.124798,0.647712
187,-0.349008,3.60725,0.855152,1,6.99222,1,0.848753,0.134028,0.124798,0.647712
1045,-0.428717,3.60685,0.690166,1,6.99222,1,0.848753,0.134028,0.124798,0.647712
616,-0.240863,3.60742,0.983577,1,6.99222,1,0.848753,0.134028,0.124798,0.647712
187,-0.349008,3.60725,0.855152,1,6.99222,1,0.848753,0.134028,0.124798,0.647712
16,-0.116602,3.60739,1.0737,1,6.99222,1,0.848753,0.134028,0.124798,0.647712
616,-0.240863,3.60742,0.983577,1,6.99222,1,0.848753,0.134028,0.124798,0.647712
16,-0.116602,3.60739,1.0737,1,6.99222,1,0.848753,0.134028,0.124798,0.647712
615,0.0115303,3.60729,1.12365,1,6.99222,1,0.848753,0.134028,0.124798,0.647712
615,0.0115303,3.60729,1.12365,1,6.99222,1,0.848753,0.134028,0.124798,0.647712
186,0.124978,3.60723,1.13892,1,6.99222,1,0.848753,0.134028,0.124798,0.647712
186,0.124978,3.60723,1.13892,1,6.99222,1,0.848753,0.134028,0.124798,0.647712
1044,0.238431,3.60729,1.12363,1,6.99222,1,0.848753,0.134028,0.124798,0.647712
1044,0.238431,3.60729,1.12363,1,6.99222,1,0.848753,0.134028,0.124798,0.647712
38,0.366564,3.6074,1.07368,1,6.99222,1,0.848753,0.134028,0.124798,0.647712
38,0.366564,3.6074,1.07368,1,6.99222,1,0.848753,0.134028,0.124798,0.647712
664,0.490822,3.60744,0.983557,1,6.99222,1,0.848753,0.134028,0.124798,0.647712
664,0.490822,3.60744,0.983557,1,6.99222,1,0.848753,0.134028,0.124798,0.647712
235,0.598982,3.60727,0.855154,1,6.99222,1,0.848753,0.134028,0.124798,0.647712
235,0.598982,3.60727,0.855154,1,6.99222,1,0.848753,0.134028,0.124798,0.647712
1093,0.678699,3.60687,0.690182,1,6.99222,1,0.848753,0.134028,0.124798,0.647712
1093,0.678699,3.60687,0.690182,1,6.99222,1,0.848753,0.134028,0.124798,0.647712
60,0.720028,3.60633,0.499416,1,6.99222,1,0.848753,0.134028,0.124798,0.647712
1045,-0.412048,3.63009,0.688933,0,7.49222,1,0.861644,0.134028,0.124797,0.660602
59,-0.456065,3.62981,0.4986,0,7.49222,1,0.861644,0.134028,0.124797,0.660602
187,-0.342199,3.63029,0.857384,0,7.49222,1,0.861644,0.134028,0.124797,0.660602
1045,-0.412048,3.63009,0.688933,0,7.49222,1,0.861644,0.134028,0.124797,0.660602
616,-0.240967,3.63034,0.992339,0,7.49222,1,0.861644,0.134028,0.124797,0.660602
187,-0.342199,3.63029,0.857384,0,7.49222,1,0.861644,0.134028,0.124797,0.660602
16,-0.118671,3.63024,1.08808,0,7.49222,1,0.861644,0.134028,0.124797,0.660602
616,-0.240967,3.63034,0.992339,0,7.49222,1,0.861644,0.134028,0.124797,0.660602
16,-0.118671,3.63024,1.08808,0,7.49222,1,0.861644,0.134028,0.124797,0.660602
615,0.0105274,3.63011,1.14127,0,7.49222,1,0.861644,0.134028,0.124797,0.660602
615,0.0105274,3.63011,1.14127,0,7.49222,1,0.861644,0.134028,0.124797,0.660602
186,0.125026,3.63004,1.15739,0,7.49222,1,0.861644,0.134028,0.124797,0.660602
186,0.125026,3.63004,1.15739,0,7.49222,1,0.861644,0.134028,0.124797,0.660602
1044,0.239525,3.63012,1.14126,0,7.49222,1,0.861644,0.134028,0.124797,0.660602
1044,0.239525,3.63012,1.14126,0,7.49222,1,0.861644,0.134028,0.124797,0.660602
38,0.368726,3.63026,1.08807,0,7.49222,1,0.861644,0.134028,0.124797,0.660602
38,0.368726,3.63026,1.08807,0,7.49222,1,0.861644,0.134028,0.124797,0.660602
664,0.491021,3.63036,0.992324,0,7.49222,1,0.861644,0.134028,0.124797,0.660602
664,0.491021,3.63036,0.992324,0,7.49222,1,0.861644,0.134028,0.124797,0.660602
235,0.592252,3.63031,0.85738,0,7.49222,1,0.861644,0.134028,0.124797,0.660602
235,0.592252,3.63031,0.85738,0,7.49222,1,0.861644,0.134028,0.124797,0.660602
1093,0.662091,3.63011,0.688937,0,7.49222,1,0.861644,0.134028,0.124797,0.660602
1093,0.662091,3.63011,0.688937,0,7.49222,1,0.861644,0.134028,0.124797,0.660602
60,0.706107,3.62983,0.498635,0,7.49222,1,0.861644,0.134028,0.124797,0.660602
1045,-0.449082,3.62967,0.69516,1,7.49222,1,0.861644,0.134028,0.124797,0.660602
59,-0.490961,3.62906,0.498597,1,7.49222,1,0.861644,0.134028,0.124797,0.660602
187,-0.365688,3.63014,0.864773,1,7.49222,1,0.861644,0.134028,0.124797,0.660602
1045,-0.449082,3.62967,0.69516,1,7.49222,1,0.861644,0.134028,0.124797,0.660602
616,-0.252293,3.63036,0.995658,1,7.49222,1,0.861644,0.134028,0.124797,0.660602
187,-0.365688,3.63014,0.864773,1,7.49222,1,0.861644,0.134028,0.124797,0.660602
16,-0.12299,3.63035,1.08653,1,7.49222,1,0.861644,0.134028,0.124797,0.660602
616,-0.252293,3.63036,0.995658,1,7.49222,1,0.861644,0.134028,0.124797,0.660602
16,-0.12299,3.63035,1.08653,1,7.49222,1,0.861644,0.134028,0.124797,0.660602
615,0.00934674,3.63025,1.13663,1,7.49222,1,0.861644,0.134028,0.124797,0.660602
615,0.00934674,3.63025,1.13663,1,7.49222,1,0.861644,0.134028,0.124797,0.660602
186,0.125015,3.63019,1.15192,1,7.49222,1,0.861644,0.134028,0.124797,0.660602
186,0.125015,3.63019,1.15192,1,7.49222,1,0.861644,0.134028,0.124797,0.660602
1044,0.240688,3.63025,1.1366,1,7.49222,1,0.861644,0.134028,0.124797,0.660602
1044,0.240688,3.63025,1.1366,1,7.49222,1,0.861644,0.134028,0.124797,0.660602
38,0.373025,3.63036,1.08649,1,7.49222,1,0.861644,0.134028,0.124797,0.660602
38,0.373025,3.63036,1.08649,1,7.49222,1,0.861644,0.134028,0.124797,0.660602
664,0.50232,3.63037,0.99562,1,7.49222,1,0.861644,0.134028,0.124797,0.660602
664,0.50232,3.63037,0.99562,1,7.49222,1,0.861644,0.134028,0.124797,0.660602
235,0.615716,3.63015,0.864749,1,7.49222,1,0.861644,0.134028,0.124797,0.660602
235,0.615716,3.63015,0.864749,1,7.49222,1,0.861644,0.134028,0.124797,0.660602
1093,0.699124,3.62969,0.695155,1,7.49222,1,0.861644,0.134028,0.124797,0.660602
1093,0.699124,3.62969,0.695155,1,7.49222,1,0.861644,0.134028,0.124797,0.660602
60,0.741024,3.62907,0.498615,1,7.49222,1,0.861644,0.134028,0.124797,0.660602
