id,x,y,z,ablated,v,bulkheadyoungs,nickdepth,nickw,nickc,bbmin
1045,-0.253716,3.43251,0.639404,0,3.49222,4.64,0.706031,0.134028,0.124846,0.504989
59,-0.274814,3.43284,0.496651,0,3.49222,4.64,0.706031,0.134028,0.124846,0.504989
187,-0.212819,3.4322,0.771645,0,3.49222,4.64,0.706031,0.134028,0.124846,0.504989
1045,-0.253716,3.43251,0.639404,0,3.49222,4.64,0.706031,0.134028,0.124846,0.504989
616,-0.148976,3.43194,0.88337,0,3.49222,4.64,0.706031,0.134028,0.124846,0.504989
187,-0.212819,3.4322,0.771645,0,3.49222,4.64,0.706031,0.134028,0.124846,0.504989
16,-0.0684685,3.43185,0.971456,0,3.49222,4.64,0.706031,0.134028,0.124846,0.504989
616,-0.148976,3.43194,0.88337,0,3.49222,4.64,0.706031,0.134028,0.124846,0.504989
16,-0.0684685,3.43185,0.971456,0,3.49222,4.64,0.706031,0.134028,0.124846,0.504989
615,0.0257465,3.43172,1.02181,0,3.49222,4.64,0.706031,0.134028,0.124846,0.504989
615,0.0257465,3.43172,1.02181,0,3.49222,4.64,0.706031,0.134028,0.124846,0.504989
186,0.125022,3.43169,1.03795,0,3.49222,4.64,0.706031,0.134028,0.124846,0.504989
186,0.125022,3.43169,1.03795,0,3.49222,4.64,0.706031,0.134028,0.124846,0.504989
1044,0.224285,3.43172,1.02179,0,3.49222,4.64,0.706031,0.134028,0.124846,0.504989
1044,0.224285,3.43172,1.02179,0,3.49222,4.64,0.706031,0.134028,0.124846,0.504989
38,0.318508,3.43181,0.971432,0,3.49222,4.64,0.706031,0.134028,0.124846,0.504989
38,0.318508,3.43181,0.971432,0,3.49222,4.64,0.706031,0.134028,0.124846,0.504989
664,0.399,3.43189,0.88334,0,3.49222,4.64,0.706031,0.134028,0.124846,0.504989
664,0.399,3.43189,0.88334,0,3.49222,4.64,0.706031,0.134028,0.124846,0.504989
235,0.46283,3.43216,0.771606,0,3.49222,4.64,0.706031,0.134028,0.124846,0.504989
235,0.46283,3.43216,0.771606,0,3.49222,4.64,0.706031,0.134028,0.124846,0.504989
1093,0.503743,3.43243,0.639375,0,3.49222,4.64,0.706031,0.134028,0.124846,0.504989
1093,0.503743,3.43243,0.639375,0,3.49222,4.64,0.706031,0.134028,0.124846,0.504989
60,0.52479,3.43277,0.496647,0,3.49222,4.64,0.706031,0.134028,0.124846,0.504989
1045,-0.261777,3.4347,0.642584,1,3.49222,4.64,0.706031,0.134028,0.124846,0.504989
59,-0.286101,3.43484,0.499778,1,3.49222,4.64,0.706031,0.134028,0.124846,0.504989
187,-0.215709,3.43447,0.773038,1,3.49222,4.64,0.706031,0.134028,0.124846,0.504989
1045,-0.261777,3.4347,0.642584,1,3.49222,4.64,0.706031,0.134028,0.124846,0.504989
616,-0.148691,3.43417,0.881892,1,3.49222,4.64,0.706031,0.134028,0.124846,0.504989
187,-0.215709,3.43447,0.773038,1,3.49222,4.64,0.706031,0.134028,0.124846,0.504989
16,-0.06718,3.43386,0.967514,1,3.49222,4.64,0.706031,0.134028,0.124846,0.504989
616,-0.148691,3.43417,0.881892,1,3.49222,4.64,0.706031,0.134028,0.124846,0.504989
16,-0.06718,3.43386,0.967514,1,3.49222,4.64,0.706031,0.134028,0.124846,0.504989
615,0.0264804,3.43363,1.01644,1,3.49222,4.64,0.706031,0.134028,0.124846,0.504989
615,0.0264804,3.43363,1.01644,1,3.49222,4.64,0.706031,0.134028,0.124846,0.504989
186,0.125012,3.43355,1.03226,1,3.49222,4.64,0.706031,0.134028,0.124846,0.504989
186,0.125012,3.43355,1.03226,1,3.49222,4.64,0.706031,0.134028,0.124846,0.504989
1044,0.22354,3.43363,1.01644,1,3.49222,4.64,0.706031,0.134028,0.124846,0.504989
1044,0.22354,3.43363,1.01644,1,3.49222,4.64,0.706031,0.134028,0.124846,0.504989
38,0.317193,3.43386,0.967516,1,3.49222,4.64,0.706031,0.134028,0.124846,0.504989
38,0.317193,3.43386,0.967516,1,3.49222,4.64,0.706031,0.134028,0.124846,0.504989
664,0.398713,3.43417,0.881901,1,3.49222,4.64,0.706031,0.134028,0.124846,0.504989
664,0.398713,3.43417,0.881901,1,3.49222,4.64,0.706031,0.134028,0.124846,0.504989
235,0.465752,3.43447,0.773053,1,3.49222,4.64,0.706031,0.134028,0.124846,0.504989
235,0.465752,3.43447,0.773053,1,3.49222,4.64,0.706031,0.134028,0.124846,0.504989
1093,0.511781,3.43471,0.642568,1,3.49222,4.64,0.706031,0.134028,0.124846,0.504989
1093,0.511781,3.43471,0.642568,1,3.49222,4.64,0.706031,0.134028,0.124846,0.504989
60,0.536123,3.43484,0.499798,1,3.49222,4.64,0.706031,0.134028,0.124846,0.504989
1045,-0.264395,3.45229,0.648169,0,3.99222,4.64,0.72569,0.134028,0.124845,0.524649
59,-0.286563,3.45264,0.499183,0,3.99222,4.64,0.72569,0.134028,0.124845,0.524649
187,-0.222051,3.45223,0.784034,0,3.99222,4.64,0.72569,0.134028,0.124845,0.524649
1045,-0.264395,3.45229,0.648169,0,3.99222,4.64,0.72569,0.134028,0.124845,0.524649
616,-0.155383,3.45221,0.897761,0,3.99222,4.64,0.72569,0.134028,0.124845,0.524649
187,-0.222051,3.45223,0.784034,0,3.99222,4.64,0.72569,0.134028,0.124845,0.524649
16,-0.0711826,3.45235,0.98564,0,3.99222,4.64,0.72569,0.134028,0.124845,0.524649
616,-0.155383,3.45221,0.897761,0,3.99222,4.64,0.72569,0.134028,0.124845,0.524649
16,-0.0711826,3.45235,0.98564,0,3.99222,4.64,0.72569,0.134028,0.124845,0.524649
615,0.0252957,3.45231,1.03526,0,3.99222,4.64,0.72569,0.134028,0.124845,0.524649
615,0.0252957,3.45231,1.03526,0,3.99222,4.64,0.72569,0.134028,0.124845,0.524649
186,0.124993,3.45232,1.05104,0,3.99222,4.64,0.72569,0.134028,0.124845,0.524649
186,0.124993,3.45232,1.05104,0,3.99222,4.64,0.72569,0.134028,0.124845,0.524649
1044,0.224739,3.45232,1.03528,0,3.99222,4.64,0.72569,0.134028,0.124845,0.524649
1044,0.224739,3.45232,1.03528,0,3.99222,4.64,0.72569,0.134028,0.124845,0.524649
38,0.321216,3.45234,0.985661,0,3.99222,4.64,0.72569,0.134028,0.124845,0.524649
38,0.321216,3.45234,0.985661,0,3.99222,4.64,0.72569,0.134028,0.124845,0.524649
664,0.405422,3.45217,0.897704,0,3.99222,4.64,0.72569,0.134028,0.124845,0.524649
664,0.405422,3.45217,0.897704,0,3.99222,4.64,0.72569,0.134028,0.124845,0.524649
235,0.472073,3.45224,0.783969,0,3.99222,4.64,0.72569,0.134028,0.124845,0.524649
235,0.472073,3.45224,0.783969,0,3.99222,4.64,0.72569,0.134028,0.124845,0.524649
1093,0.514436,3.45229,0.64814,0,3.99222,4.64,0.72569,0.134028,0.124845,0.524649
1093,0.514436,3.45229,0.64814,0,3.99222,4.64,0.72569,0.134028,0.124845,0.524649
60,0.536614,3.4527,0.499278,0,3.99222,4.64,0.72569,0.134028,0.124845,0.524649
1045,-0.277362,3.4611,0.654348,1,3.99222,4.64,0.72569,0.134028,0.124845,0.524649
59,-0.304097,3.46121,0.505137,1,3.99222,4.64,0.72569,0.134028,0.124845,0.524649
187,-0.226703,3.46088,0.787645,1,3.99222,4.64,0.72569,0.134028,0.124845,0.524649
1045,-0.277362,3.4611,0.654348,1,3.99222,4.64,0.72569,0.134028,0.124845,0.524649
616,-0.154997,3.46061,0.897069,1,3.99222,4.64,0.72569,0.134028,0.124845,0.524649
187,-0.226703,3.46088,0.787645,1,3.99222,4.64,0.72569,0.134028,0.124845,0.524649
16,-0.0693656,3.46032,0.981638,1,3.99222,4.64,0.72569,0.134028,0.124845,0.524649
616,-0.154997,3.46061,0.897069,1,3.99222,4.64,0.72569,0.134028,0.124845,0.524649
16,-0.0693656,3.46032,0.981638,1,3.99222,4.64,0.72569,0.134028,0.124845,0.524649
615,0.0263289,3.46011,1.02965,1,3.99222,4.64,0.72569,0.134028,0.124845,0.524649
615,0.0263289,3.46011,1.02965,1,3.99222,4.64,0.72569,0.134028,0.124845,0.524649
186,0.125007,3.46004,1.04514,1,3.99222,4.64,0.72569,0.134028,0.124845,0.524649
186,0.125007,3.46004,1.04514,1,3.99222,4.64,0.72569,0.134028,0.124845,0.524649
1044,0.223669,3.46012,1.02957,1,3.99222,4.64,0.72569,0.134028,0.124845,0.524649
1044,0.223669,3.46012,1.02957,1,3.99222,4.64,0.72569,0.134028,0.124845,0.524649
38,0.31933,3.46033,0.981506,1,3.99222,4.64,0.72569,0.134028,0.124845,0.524649
38,0.31933,3.46033,0.981506,1,3.99222,4.64,0.72569,0.134028,0.124845,0.524649
664,0.404911,3.46062,0.896927,1,3.99222,4.64,0.72569,0.134028,0.124845,0.524649
664,0.404911,3.46062,0.896927,1,3.99222,4.64,0.72569,0.134028,0.124845,0.524649
235,0.476595,3.46089,0.787528,1,3.99222,4.64,0.72569,0.134028,0.124845,0.524649
235,0.476595,3.46089,0.787528,1,3.99222,4.64,0.72569,0.134028,0.124845,0.524649
1093,0.52733,3.46111,0.654338,1,3.99222,4.64,0.72569,0.134028,0.124845,0.524649
1093,0.52733,3.46111,0.654338,1,3.99222,4.64,0.72569,0.134028,0.124845,0.524649
60,0.554166,3.46129,0.505111,1,3.99222,4.64,0.72569,0.134028,0.124845,0.524649
1045,-0.276307,3.48182,0.658142,0,4.49222,4.64,0.745697,0.134028,0.124838,0.544656
59,-0.302095,3.4824,0.504427,0,4.49222,4.64,0.745697,0.134028,0.124838,0.544656
187,-0.231091,3.48162,0.796932,0,4.49222,4.64,0.745697,0.134028,0.124838,0.544656
1045,-0.276307,3.48182,0.658142,0,4.49222,4.64,0.745697,0.134028,0.124838,0.544656
616,-0.161378,3.48162,0.912453,0,4.49222,4.64,0.745697,0.134028,0.124838,0.544656
187,-0.231091,3.48162,0.796932,0,4.49222,4.64,0.745697,0.134028,0.124838,0.544656
16,-0.0740252,3.48179,1.00099,0,4.49222,4.64,0.745697,0.134028,0.124838,0.544656
616,-0.161378,3.48162,0.912453,0,4.49222,4.64,0.745697,0.134028,0.124838,0.544656
16,-0.0740252,3.48179,1.00099,0,4.49222,4.64,0.745697,0.134028,0.124838,0.544656
615,0.0246594,3.48192,1.0511,0,4.49222,4.64,0.745697,0.134028,0.124838,0.544656
615,0.0246594,3.48192,1.0511,0,4.49222,4.64,0.745697,0.134028,0.124838,0.544656
186,0.125004,3.48206,1.06715,0,4.49222,4.64,0.745697,0.134028,0.124838,0.544656
186,0.125004,3.48206,1.06715,0,4.49222,4.64,0.745697,0.134028,0.124838,0.544656
1044,0.225379,3.48196,1.05112,0,4.49222,4.64,0.745697,0.134028,0.124838,0.544656
1044,0.225379,3.48196,1.05112,0,4.49222,4.64,0.745697,0.134028,0.124838,0.544656
38,0.324083,3.4818,1.00098,0,4.49222,4.64,0.745697,0.134028,0.124838,0.544656
38,0.324083,3.4818,1.00098,0,4.49222,4.64,0.745697,0.134028,0.124838,0.544656
664,0.411435,3.48164,0.912409,0,4.49222,4.64,0.745697,0.134028,0.124838,0.544656
664,0.411435,3.48164,0.912409,0,4.49222,4.64,0.745697,0.134028,0.124838,0.544656
235,0.481105,3.48163,0.796911,0,4.49222,4.64,0.745697,0.134028,0.124838,0.544656
235,0.481105,3.48163,0.796911,0,4.49222,4.64,0.745697,0.134028,0.124838,0.544656
1093,0.5263,3.48184,0.658161,0,4.49222,4.64,0.745697,0.134028,0.124838,0.544656
1093,0.5263,3.48184,0.658161,0,4.49222,4.64,0.745697,0.134028,0.124838,0.544656
60,0.552097,3.48255,0.504463,0,4.49222,4.64,0.745697,0.134028,0.124838,0.544656
1045,-0.295256,3.49062,0.665404,1,4.49222,4.64,0.745697,0.134028,0.124838,0.544656
59,-0.325047,3.4907,0.510096,1,4.49222,4.64,0.745697,0.134028,0.124838,0.544656
187,-0.239161,3.49048,0.801509,1,4.49222,4.64,0.745697,0.134028,0.124838,0.544656
1045,-0.295256,3.49062,0.665404,1,4.49222,4.64,0.745697,0.134028,0.124838,0.544656
616,-0.161994,3.49031,0.911272,1,4.49222,4.64,0.745697,0.134028,0.124838,0.544656
187,-0.239161,3.49048,0.801509,1,4.49222,4.64,0.745697,0.134028,0.124838,0.544656
16,-0.0719959,3.4901,0.994689,1,4.49222,4.64,0.745697,0.134028,0.124838,0.544656
616,-0.161994,3.49031,0.911272,1,4.49222,4.64,0.745697,0.134028,0.124838,0.544656
16,-0.0719959,3.4901,0.994689,1,4.49222,4.64,0.745697,0.134028,0.124838,0.544656
615,0.0260139,3.48995,1.04191,1,4.49222,4.64,0.745697,0.134028,0.124838,0.544656
615,0.0260139,3.48995,1.04191,1,4.49222,4.64,0.745697,0.134028,0.124838,0.544656
186,0.125017,3.48989,1.05751,1,4.49222,4.64,0.745697,0.134028,0.124838,0.544656
186,0.125017,3.48989,1.05751,1,4.49222,4.64,0.745697,0.134028,0.124838,0.544656
1044,0.224087,3.48995,1.0422,1,4.49222,4.64,0.745697,0.134028,0.124838,0.544656
1044,0.224087,3.48995,1.0422,1,4.49222,4.64,0.745697,0.134028,0.124838,0.544656
38,0.322282,3.49012,0.995175,1,4.49222,4.64,0.745697,0.134028,0.124838,0.544656
38,0.322282,3.49012,0.995175,1,4.49222,4.64,0.745697,0.134028,0.124838,0.544656
664,0.412427,3.49033,0.911733,1,4.49222,4.64,0.745697,0.134028,0.124838,0.544656
664,0.412427,3.49033,0.911733,1,4.49222,4.64,0.745697,0.134028,0.124838,0.544656
235,0.489462,3.49051,0.80175,1,4.49222,4.64,0.745697,0.134028,0.124838,0.544656
235,0.489462,3.49051,0.80175,1,4.49222,4.64,0.745697,0.134028,0.124838,0.544656
1093,0.545187,3.49063,0.665527,1,4.49222,4.64,0.745697,0.134028,0.124838,0.544656
1093,0.545187,3.49063,0.665527,1,4.49222,4.64,0.745697,0.134028,0.124838,0.544656
60,0.574702,3.49078,0.510186,1,4.49222,4.64,0.745697,0.134028,0.124838,0.544656
1045,-0.286726,3.51427,0.666269,0,4.99222,4.64,0.762932,0.134028,0.12485,0.56189
59,-0.315793,3.51488,0.508213,0,4.99222,4.64,0.762932,0.134028,0.12485,0.56189
187,-0.239326,3.5141,0.807956,0,4.99222,4.64,0.762932,0.134028,0.12485,0.56189
1045,-0.286726,3.51427,0.666269,0,4.99222,4.64,0.762932,0.134028,0.12485,0.56189
616,-0.166962,3.51416,0.925419,0,4.99222,4.64,0.762932,0.134028,0.12485,0.56189
187,-0.239326,3.5141,0.807956,0,4.99222,4.64,0.762932,0.134028,0.12485,0.56189
16,-0.0770792,3.51442,1.01512,0,4.99222,4.64,0.762932,0.134028,0.12485,0.56189
616,-0.166962,3.51416,0.925419,0,4.99222,4.64,0.762932,0.134028,0.12485,0.56189
16,-0.0770792,3.51442,1.01512,0,4.99222,4.64,0.762932,0.134028,0.12485,0.56189
615,0.0237606,3.51463,1.06611,0,4.99222,4.64,0.762932,0.134028,0.12485,0.56189
615,0.0237606,3.51463,1.06611,0,4.99222,4.64,0.762932,0.134028,0.12485,0.56189
186,0.125003,3.51474,1.08257,0,4.99222,4.64,0.762932,0.134028,0.12485,0.56189
186,0.125003,3.51474,1.08257,0,4.99222,4.64,0.762932,0.134028,0.12485,0.56189
1044,0.226258,3.51463,1.06607,0,4.99222,4.64,0.762932,0.134028,0.12485,0.56189
1044,0.226258,3.51463,1.06607,0,4.99222,4.64,0.762932,0.134028,0.12485,0.56189
38,0.327129,3.51442,1.01503,0,4.99222,4.64,0.762932,0.134028,0.12485,0.56189
38,0.327129,3.51442,1.01503,0,4.99222,4.64,0.762932,0.134028,0.12485,0.56189
664,0.417028,3.51416,0.925389,0,4.99222,4.64,0.762932,0.134028,0.12485,0.56189
664,0.417028,3.51416,0.925389,0,4.99222,4.64,0.762932,0.134028,0.12485,0.56189
235,0.489372,3.51411,0.807921,0,4.99222,4.64,0.762932,0.134028,0.12485,0.56189
235,0.489372,3.51411,0.807921,0,4.99222,4.64,0.762932,0.134028,0.12485,0.56189
1093,0.536764,3.51425,0.66624,0,4.99222,4.64,0.762932,0.134028,0.12485,0.56189
1093,0.536764,3.51425,0.66624,0,4.99222,4.64,0.762932,0.134028,0.12485,0.56189
60,0.565766,3.51497,0.508243,0,4.99222,4.64,0.762932,0.134028,0.12485,0.56189
1045,-0.313085,3.52027,0.675548,1,4.99222,4.64,0.762932,0.134028,0.12485,0.56189
59,-0.345369,3.52021,0.514479,1,4.99222,4.64,0.762932,0.134028,0.12485,0.56189
187,-0.252317,3.52026,0.814821,1,4.99222,4.64,0.762932,0.134028,0.12485,0.56189
1045,-0.313085,3.52027,0.675548,1,4.99222,4.64,0.762932,0.134028,0.12485,0.56189
616,-0.169971,3.52018,0.925487,1,4.99222,4.64,0.762932,0.134028,0.12485,0.56189
187,-0.252317,3.52026,0.814821,1,4.99222,4.64,0.762932,0.134028,0.12485,0.56189
16,-0.0755039,3.52004,1.00817,1,4.99222,4.64,0.762932,0.134028,0.12485,0.56189
616,-0.169971,3.52018,0.925487,1,4.99222,4.64,0.762932,0.134028,0.12485,0.56189
16,-0.0755039,3.52004,1.00817,1,4.99222,4.64,0.762932,0.134028,0.12485,0.56189
615,0.0252904,3.51993,1.05462,1,4.99222,4.64,0.762932,0.134028,0.12485,0.56189
615,0.0252904,3.51993,1.05462,1,4.99222,4.64,0.762932,0.134028,0.12485,0.56189
186,0.124996,3.51988,1.07008,1,4.99222,4.64,0.762932,0.134028,0.12485,0.56189
186,0.124996,3.51988,1.07008,1,4.99222,4.64,0.762932,0.134028,0.12485,0.56189
1044,0.224701,3.51993,1.0546,1,4.99222,4.64,0.762932,0.134028,0.12485,0.56189
1044,0.224701,3.51993,1.0546,1,4.99222,4.64,0.762932,0.134028,0.12485,0.56189
38,0.325497,3.52004,1.00816,1,4.99222,4.64,0.762932,0.134028,0.12485,0.56189
38,0.325497,3.52004,1.00816,1,4.99222,4.64,0.762932,0.134028,0.12485,0.56189
664,0.419968,3.52017,0.92548,1,4.99222,4.64,0.762932,0.134028,0.12485,0.56189
664,0.419968,3.52017,0.92548,1,4.99222,4.64,0.762932,0.134028,0.12485,0.56189
235,0.502318,3.52024,0.814824,1,4.99222,4.64,0.762932,0.134028,0.12485,0.56189
235,0.502318,3.52024,0.814824,1,4.99222,4.64,0.762932,0.134028,0.12485,0.56189
1093,0.563061,3.52024,0.675561,1,4.99222,4.64,0.762932,0.134028,0.12485,0.56189
1093,0.563061,3.52024,0.675561,1,4.99222,4.64,0.762932,0.134028,0.12485,0.56189
60,0.595334,3.52028,0.514505,1,4.99222,4.64,0.762932,0.134028,0.12485,0.56189
1045,-0.297474,3.54303,0.673575,0,5.49222,4.64,0.77776,0.134028,0.124841,0.576719
59,-0.329386,3.54353,0.511426,0,5.49222,4.64,0.77776,0.134028,0.124841,0.576719
187,-0.247834,3.54296,0.817898,0,5.49222,4.64,0.77776,0.134028,0.124841,0.576719
1045,-0.297474,3.54303,0.673575,0,5.49222,4.64,0.77776,0.134028,0.124841,0.576719
616,-0.172816,3.54301,0.937028,0,5.49222,4.64,0.77776,0.134028,0.124841,0.576719
187,-0.247834,3.54296,0.817898,0,5.49222,4.64,0.77776,0.134028,0.124841,0.576719
16,-0.0799794,3.54315,1.02723,0,5.49222,4.64,0.77776,0.134028,0.124841,0.576719
616,-0.172816,3.54301,0.937028,0,5.49222,4.64,0.77776,0.134028,0.124841,0.576719
16,-0.0799794,3.54315,1.02723,0,5.49222,4.64,0.77776,0.134028,0.124841,0.576719
615,0.0230498,3.5433,1.07849,0,5.49222,4.64,0.77776,0.134028,0.124841,0.576719
615,0.0230498,3.5433,1.07849,0,5.49222,4.64,0.77776,0.134028,0.124841,0.576719
186,0.124989,3.5434,1.09535,0,5.49222,4.64,0.77776,0.134028,0.124841,0.576719
186,0.124989,3.5434,1.09535,0,5.49222,4.64,0.77776,0.134028,0.124841,0.576719
1044,0.226955,3.5433,1.07843,0,5.49222,4.64,0.77776,0.134028,0.124841,0.576719
1044,0.226955,3.5433,1.07843,0,5.49222,4.64,0.77776,0.134028,0.124841,0.576719
38,0.330001,3.54316,1.02724,0,5.49222,4.64,0.77776,0.134028,0.124841,0.576719
38,0.330001,3.54316,1.02724,0,5.49222,4.64,0.77776,0.134028,0.124841,0.576719
664,0.422847,3.54302,0.937084,0,5.49222,4.64,0.77776,0.134028,0.124841,0.576719
664,0.422847,3.54302,0.937084,0,5.49222,4.64,0.77776,0.134028,0.124841,0.576719
235,0.497908,3.54297,0.81797,0,5.49222,4.64,0.77776,0.134028,0.124841,0.576719
235,0.497908,3.54297,0.81797,0,5.49222,4.64,0.77776,0.134028,0.124841,0.576719
1093,0.547483,3.54299,0.673585,0,5.49222,4.64,0.77776,0.134028,0.124841,0.576719
1093,0.547483,3.54299,0.673585,0,5.49222,4.64,0.77776,0.134028,0.124841,0.576719
60,0.579386,3.54358,0.511456,0,5.49222,4.64,0.77776,0.134028,0.124841,0.576719
1045,-0.325962,3.55002,0.683358,1,5.49222,4.64,0.77776,0.134028,0.124841,0.576719
59,-0.360672,3.5499,0.517523,1,5.49222,4.64,0.77776,0.134028,0.124841,0.576719
187,-0.262296,3.55005,0.825676,1,5.49222,4.64,0.77776,0.134028,0.124841,0.576719
1045,-0.325962,3.55002,0.683358,1,5.49222,4.64,0.77776,0.134028,0.124841,0.576719
616,-0.176683,3.55002,0.938078,1,5.49222,4.64,0.77776,0.134028,0.124841,0.576719
187,-0.262296,3.55005,0.825676,1,5.49222,4.64,0.77776,0.134028,0.124841,0.576719
16,-0.0790219,3.54991,1.02137,1,5.49222,4.64,0.77776,0.134028,0.124841,0.576719
616,-0.176683,3.55002,0.938078,1,5.49222,4.64,0.77776,0.134028,0.124841,0.576719
16,-0.0790219,3.54991,1.02137,1,5.49222,4.64,0.77776,0.134028,0.124841,0.576719
615,0.0243144,3.54979,1.06815,1,5.49222,4.64,0.77776,0.134028,0.124841,0.576719
615,0.0243144,3.54979,1.06815,1,5.49222,4.64,0.77776,0.134028,0.124841,0.576719
186,0.124998,3.54974,1.08394,1,5.49222,4.64,0.77776,0.134028,0.124841,0.576719
186,0.124998,3.54974,1.08394,1,5.49222,4.64,0.77776,0.134028,0.124841,0.576719
1044,0.22568,3.54979,1.06811,1,5.49222,4.64,0.77776,0.134028,0.124841,0.576719
1044,0.22568,3.54979,1.06811,1,5.49222,4.64,0.77776,0.134028,0.124841,0.576719
38,0.32901,3.54988,1.02133,1,5.49222,4.64,0.77776,0.134028,0.124841,0.576719
38,0.32901,3.54988,1.02133,1,5.49222,4.64,0.77776,0.134028,0.124841,0.576719
664,0.426669,3.54998,0.938042,1,5.49222,4.64,0.77776,0.134028,0.124841,0.576719
664,0.426669,3.54998,0.938042,1,5.49222,4.64,0.77776,0.134028,0.124841,0.576719
235,0.51227,3.55001,0.825647,1,5.49222,4.64,0.77776,0.134028,0.124841,0.576719
235,0.51227,3.55001,0.825647,1,5.49222,4.64,0.77776,0.134028,0.124841,0.576719
1093,0.575944,3.54995,0.683385,1,5.49222,4.64,0.77776,0.134028,0.124841,0.576719
1093,0.575944,3.54995,0.683385,1,5.49222,4.64,0.77776,0.134028,0.124841,0.576719
60,0.610632,3.54993,0.517511,1,5.49222,4.64,0.77776,0.134028,0.124841,0.576719
1045,-0.306904,3.57183,0.680191,0,5.99222,4.64,0.791365,0.134028,0.12484,0.590323
59,-0.341503,3.57216,0.514308,0,5.99222,4.64,0.791365,0.134028,0.12484,0.590323
187,-0.255554,3.5718,0.827203,0,5.99222,4.64,0.791365,0.134028,0.12484,0.590323
1045,-0.306904,3.57183,0.680191,0,5.99222,4.64,0.791365,0.134028,0.12484,0.590323
616,-0.17824,3.57181,0.948154,0,5.99222,4.64,0.791365,0.134028,0.12484,0.590323
187,-0.255554,3.5718,0.827203,0,5.99222,4.64,0.791365,0.134028,0.12484,0.590323
16,-0.0828675,3.5719,1.03903,0,5.99222,4.64,0.791365,0.134028,0.12484,0.590323
616,-0.17824,3.57181,0.948154,0,5.99222,4.64,0.791365,0.134028,0.12484,0.590323
16,-0.0828675,3.5719,1.03903,0,5.99222,4.64,0.791365,0.134028,0.12484,0.590323
615,0.0223007,3.57201,1.09055,0,5.99222,4.64,0.791365,0.134028,0.12484,0.590323
615,0.0223007,3.57201,1.09055,0,5.99222,4.64,0.791365,0.134028,0.12484,0.590323
186,0.12504,3.57208,1.10772,0,5.99222,4.64,0.791365,0.134028,0.12484,0.590323
186,0.12504,3.57208,1.10772,0,5.99222,4.64,0.791365,0.134028,0.12484,0.590323
1044,0.227799,3.57201,1.0905,0,5.99222,4.64,0.791365,0.134028,0.12484,0.590323
1044,0.227799,3.57201,1.0905,0,5.99222,4.64,0.791365,0.134028,0.12484,0.590323
38,0.332914,3.5719,1.03896,0,5.99222,4.64,0.791365,0.134028,0.12484,0.590323
38,0.332914,3.5719,1.03896,0,5.99222,4.64,0.791365,0.134028,0.12484,0.590323
664,0.428306,3.57183,0.948095,0,5.99222,4.64,0.791365,0.134028,0.12484,0.590323
664,0.428306,3.57183,0.948095,0,5.99222,4.64,0.791365,0.134028,0.12484,0.590323
235,0.505632,3.5718,0.827152,0,5.99222,4.64,0.791365,0.134028,0.12484,0.590323
235,0.505632,3.5718,0.827152,0,5.99222,4.64,0.791365,0.134028,0.12484,0.590323
1093,0.556936,3.57176,0.680181,0,5.99222,4.64,0.791365,0.134028,0.12484,0.590323
1093,0.556936,3.57176,0.680181,0,5.99222,4.64,0.791365,0.134028,0.12484,0.590323
60,0.591529,3.57224,0.514341,0,5.99222,4.64,0.791365,0.134028,0.12484,0.590323
1045,-0.338086,3.57819,0.690665,1,5.99222,4.64,0.791365,0.134028,0.12484,0.590323
59,-0.375234,3.57791,0.520397,1,5.99222,4.64,0.791365,0.134028,0.12484,0.590323
187,-0.27172,3.5784,0.835827,1,5.99222,4.64,0.791365,0.134028,0.12484,0.590323
1045,-0.338086,3.57819,0.690665,1,5.99222,4.64,0.791365,0.134028,0.12484,0.590323
616,-0.183163,3.57851,0.950006,1,5.99222,4.64,0.791365,0.134028,0.12484,0.590323
187,-0.27172,3.5784,0.835827,1,5.99222,4.64,0.791365,0.134028,0.12484,0.590323
16,-0.082571,3.57851,1.03409,1,5.99222,4.64,0.791365,0.134028,0.12484,0.590323
616,-0.183163,3.57851,0.950006,1,5.99222,4.64,0.791365,0.134028,0.12484,0.590323
16,-0.082571,3.57851,1.03409,1,5.99222,4.64,0.791365,0.134028,0.12484,0.590323
615,0.0232304,3.57847,1.08133,1,5.99222,4.64,0.791365,0.134028,0.12484,0.590323
615,0.0232304,3.57847,1.08133,1,5.99222,4.64,0.791365,0.134028,0.12484,0.590323
186,0.125001,3.57844,1.09748,1,5.99222,4.64,0.791365,0.134028,0.12484,0.590323
186,0.125001,3.57844,1.09748,1,5.99222,4.64,0.791365,0.134028,0.12484,0.590323
1044,0.226773,3.57848,1.0813,1,5.99222,4.64,0.791365,0.134028,0.12484,0.590323
1044,0.226773,3.57848,1.0813,1,5.99222,4.64,0.791365,0.134028,0.12484,0.590323
38,0.332577,3.57854,1.03406,1,5.99222,4.64,0.791365,0.134028,0.12484,0.590323
38,0.332577,3.57854,1.03406,1,5.99222,4.64,0.791365,0.134028,0.12484,0.590323
664,0.433159,3.57856,0.949965,1,5.99222,4.64,0.791365,0.134028,0.12484,0.590323
664,0.433159,3.57856,0.949965,1,5.99222,4.64,0.791365,0.134028,0.12484,0.590323
235,0.521714,3.57845,0.835791,1,5.99222,4.64,0.791365,0.134028,0.12484,0.590323
235,0.521714,3.57845,0.835791,1,5.99222,4.64,0.791365,0.134028,0.12484,0.590323
1093,0.588088,3.57824,0.690671,1,5.99222,4.64,0.791365,0.134028,0.12484,0.590323
1093,0.588088,3.57824,0.690671,1,5.99222,4.64,0.791365,0.134028,0.12484,0.590323
60,0.625216,3.57805,0.520373,1,5.99222,4.64,0.791365,0.134028,0.12484,0.590323
1045,-0.316109,3.6,0.68666,0,6.49222,4.64,0.80537,0.134028,0.124835,0.604328
59,-0.353271,3.60017,0.517253,0,6.49222,4.64,0.80537,0.134028,0.124835,0.604328
187,-0.263032,3.60007,0.83617,0,6.49222,4.64,0.80537,0.134028,0.124835,0.604328
1045,-0.316109,3.6,0.68666,0,6.49222,4.64,0.80537,0.134028,0.124835,0.604328
616,-0.183692,3.60016,0.959052,0,6.49222,4.64,0.80537,0.134028,0.124835,0.604328
187,-0.263032,3.60007,0.83617,0,6.49222,4.64,0.80537,0.134028,0.124835,0.604328
16,-0.085933,3.60029,1.05085,0,6.49222,4.64,0.80537,0.134028,0.124835,0.604328
616,-0.183692,3.60016,0.959052,0,6.49222,4.64,0.80537,0.134028,0.124835,0.604328
16,-0.085933,3.60029,1.05085,0,6.49222,4.64,0.80537,0.134028,0.124835,0.604328
615,0.0213615,3.6004,1.10289,0,6.49222,4.64,0.80537,0.134028,0.124835,0.604328
615,0.0213615,3.6004,1.10289,0,6.49222,4.64,0.80537,0.134028,0.124835,0.604328
186,0.125047,3.60047,1.12052,0,6.49222,4.64,0.80537,0.134028,0.124835,0.604328
186,0.125047,3.60047,1.12052,0,6.49222,4.64,0.80537,0.134028,0.124835,0.604328
1044,0.228681,3.6004,1.10286,0,6.49222,4.64,0.80537,0.134028,0.124835,0.604328
1044,0.228681,3.6004,1.10286,0,6.49222,4.64,0.80537,0.134028,0.124835,0.604328
38,0.335946,3.60029,1.05078,0,6.49222,4.64,0.80537,0.134028,0.124835,0.604328
38,0.335946,3.60029,1.05078,0,6.49222,4.64,0.80537,0.134028,0.124835,0.604328
664,0.433744,3.60018,0.958983,0,6.49222,4.64,0.80537,0.134028,0.124835,0.604328
664,0.433744,3.60018,0.958983,0,6.49222,4.64,0.80537,0.134028,0.124835,0.604328
235,0.513091,3.60007,0.83612,0,6.49222,4.64,0.80537,0.134028,0.124835,0.604328
235,0.513091,3.60007,0.83612,0,6.49222,4.64,0.80537,0.134028,0.124835,0.604328
1093,0.566148,3.59992,0.686616,0,6.49222,4.64,0.80537,0.134028,0.124835,0.604328
1093,0.566148,3.59992,0.686616,0,6.49222,4.64,0.80537,0.134028,0.124835,0.604328
60,0.603313,3.60025,0.517282,0,6.49222,4.64,0.80537,0.134028,0.124835,0.604328
1045,-0.349448,3.60547,0.697012,1,6.49222,4.64,0.80537,0.134028,0.124835,0.604328
59,-0.388985,3.60513,0.522689,1,6.49222,4.64,0.80537,0.134028,0.124835,0.604328
187,-0.2807,3.60571,0.844957,1,6.49222,4.64,0.80537,0.134028,0.124835,0.604328
1045,-0.349448,3.60547,0.697012,1,6.49222,4.64,0.80537,0.134028,0.124835,0.604328
616,-0.18942,3.60585,0.96096,1,6.49222,4.64,0.80537,0.134028,0.124835,0.604328
187,-0.2807,3.60571,0.844957,1,6.49222,4.64,0.80537,0.134028,0.124835,0.604328
16,-0.0860516,3.60587,1.0459,1,6.49222,4.64,0.80537,0.134028,0.124835,0.604328
616,-0.18942,3.60585,0.96096,1,6.49222,4.64,0.80537,0.134028,0.124835,0.604328
16,-0.0860516,3.60587,1.0459,1,6.49222,4.64,0.80537,0.134028,0.124835,0.604328
615,0.0221184,3.60581,1.09365,1,6.49222,4.64,0.80537,0.134028,0.124835,0.604328
615,0.0221184,3.60581,1.09365,1,6.49222,4.64,0.80537,0.134028,0.124835,0.604328
186,0.125007,3.60578,1.11018,1,6.49222,4.64,0.80537,0.134028,0.124835,0.604328
186,0.125007,3.60578,1.11018,1,6.49222,4.64,0.80537,0.134028,0.124835,0.604328
1044,0.227887,3.60582,1.09358,1,6.49222,4.64,0.80537,0.134028,0.124835,0.604328
1044,0.227887,3.60582,1.09358,1,6.49222,4.64,0.80537,0.134028,0.124835,0.604328
38,0.336022,3.60587,1.04576,1,6.49222,4.64,0.80537,0.134028,0.124835,0.604328
38,0.336022,3.60587,1.04576,1,6.49222,4.64,0.80537,0.134028,0.124835,0.604328
664,0.439331,3.60586,0.960799,1,6.49222,4.64,0.80537,0.134028,0.124835,0.604328
664,0.439331,3.60586,0.960799,1,6.49222,4.64,0.80537,0.134028,0.124835,0.604328
235,0.530621,3.60573,0.844849,1,6.49222,4.64,0.80537,0.134028,0.124835,0.604328
235,0.530621,3.60573,0.844849,1,6.49222,4.64,0.80537,0.134028,0.124835,0.604328
1093,0.599494,3.60548,0.696989,1,6.49222,4.64,0.80537,0.134028,0.124835,0.604328
1093,0.599494,3.60548,0.696989,1,6.49222,4.64,0.80537,0.134028,0.124835,0.604328
60,0.639062,3.60526,0.522634,1,6.49222,4.64,0.80537,0.134028,0.124835,0.604328
1045,-0.325157,3.62758,0.692543,0,6.99222,4.64,0.817681,0.134028,0.124827,0.61664
59,-0.3648,3.62766,0.519848,0,6.99222,4.64,0.817681,0.134028,0.124827,0.61664
187,-0.270356,3.62765,0.844409,0,6.99222,4.64,0.817681,0.134028,0.124827,0.61664
1045,-0.325157,3.62758,0.692543,0,6.99222,4.64,0.817681,0.134028,0.124827,0.61664
616,-0.18889,3.62771,0.968957,0,6.99222,4.64,0.817681,0.134028,0.124827,0.61664
187,-0.270356,3.62765,0.844409,0,6.99222,4.64,0.817681,0.134028,0.124827,0.61664
16,-0.0888464,3.62776,1.06168,0,6.99222,4.64,0.817681,0.134028,0.124827,0.61664
616,-0.18889,3.62771,0.968957,0,6.99222,4.64,0.817681,0.134028,0.124827,0.61664
16,-0.0888464,3.62776,1.06168,0,6.99222,4.64,0.817681,0.134028,0.124827,0.61664
615,0.0204776,3.62783,1.11417,0,6.99222,4.64,0.817681,0.134028,0.124827,0.61664
615,0.0204776,3.62783,1.11417,0,6.99222,4.64,0.817681,0.134028,0.124827,0.61664
186,0.12506,3.62789,1.13201,0,6.99222,4.64,0.817681,0.134028,0.124827,0.61664
186,0.12506,3.62789,1.13201,0,6.99222,4.64,0.817681,0.134028,0.124827,0.61664
1044,0.229621,3.62784,1.11416,0,6.99222,4.64,0.817681,0.134028,0.124827,0.61664
1044,0.229621,3.62784,1.11416,0,6.99222,4.64,0.817681,0.134028,0.124827,0.61664
38,0.338867,3.62778,1.06166,0,6.99222,4.64,0.817681,0.134028,0.124827,0.61664
38,0.338867,3.62778,1.06166,0,6.99222,4.64,0.817681,0.134028,0.124827,0.61664
664,0.43892,3.62772,0.968904,0,6.99222,4.64,0.817681,0.134028,0.124827,0.61664
664,0.43892,3.62772,0.968904,0,6.99222,4.64,0.817681,0.134028,0.124827,0.61664
235,0.520396,3.62765,0.844373,0,6.99222,4.64,0.817681,0.134028,0.124827,0.61664
235,0.520396,3.62765,0.844373,0,6.99222,4.64,0.817681,0.134028,0.124827,0.61664
1093,0.575165,3.62754,0.692535,0,6.99222,4.64,0.817681,0.134028,0.124827,0.61664
1093,0.575165,3.62754,0.692535,0,6.99222,4.64,0.817681,0.134028,0.124827,0.61664
60,0.614822,3.6278,0.519876,0,6.99222,4.64,0.817681,0.134028,0.124827,0.61664
1045,-0.360156,3.63155,0.702944,1,6.99222,4.64,0.817681,0.134028,0.124827,0.61664
59,-0.402022,3.63117,0.524822,1,6.99222,4.64,0.817681,0.134028,0.124827,0.61664
187,-0.289114,3.63185,0.853505,1,6.99222,4.64,0.817681,0.134028,0.124827,0.61664
1045,-0.360156,3.63155,0.702944,1,6.99222,4.64,0.817681,0.134028,0.124827,0.61664
616,-0.195327,3.63204,0.971307,1,6.99222,4.64,0.817681,0.134028,0.124827,0.61664
187,-0.289114,3.63185,0.853505,1,6.99222,4.64,0.817681,0.134028,0.124827,0.61664
16,-0.0894093,3.63209,1.05722,1,6.99222,4.64,0.817681,0.134028,0.124827,0.61664
616,-0.195327,3.63204,0.971307,1,6.99222,4.64,0.817681,0.134028,0.124827,0.61664
16,-0.0894093,3.63209,1.05722,1,6.99222,4.64,0.817681,0.134028,0.124827,0.61664
615,0.0210283,3.63208,1.10557,1,6.99222,4.64,0.817681,0.134028,0.124827,0.61664
615,0.0210283,3.63208,1.10557,1,6.99222,4.64,0.817681,0.134028,0.124827,0.61664
186,0.125063,3.63206,1.12247,1,6.99222,4.64,0.817681,0.134028,0.124827,0.61664
186,0.125063,3.63206,1.12247,1,6.99222,4.64,0.817681,0.134028,0.124827,0.61664
1044,0.229086,3.63211,1.10548,1,6.99222,4.64,0.817681,0.134028,0.124827,0.61664
1044,0.229086,3.63211,1.10548,1,6.99222,4.64,0.817681,0.134028,0.124827,0.61664
38,0.339487,3.63214,1.05707,1,6.99222,4.64,0.817681,0.134028,0.124827,0.61664
38,0.339487,3.63214,1.05707,1,6.99222,4.64,0.817681,0.134028,0.124827,0.61664
664,0.445348,3.63209,0.971141,1,6.99222,4.64,0.817681,0.134028,0.124827,0.61664
664,0.445348,3.63209,0.971141,1,6.99222,4.64,0.817681,0.134028,0.124827,0.61664
235,0.539133,3.6319,0.853382,1,6.99222,4.64,0.817681,0.134028,0.124827,0.61664
235,0.539133,3.6319,0.853382,1,6.99222,4.64,0.817681,0.134028,0.124827,0.61664
1093,0.610277,3.63157,0.702892,1,6.99222,4.64,0.817681,0.134028,0.124827,0.61664
1093,0.610277,3.63157,0.702892,1,6.99222,4.64,0.817681,0.134028,0.124827,0.61664
60,0.652179,3.63127,0.524754,1,6.99222,4.64,0.817681,0.134028,0.124827,0.61664
1045,-0.333837,3.65334,0.69796,0,7.49222,4.64,0.829523,0.134028,0.124808,0.628481
59,-0.375707,3.65341,0.522031,0,7.49222,4.64,0.829523,0.134028,0.124808,0.628481
187,-0.277318,3.65346,0.852208,0,7.49222,4.64,0.829523,0.134028,0.124808,0.628481
1045,-0.333837,3.65334,0.69796,0,7.49222,4.64,0.829523,0.134028,0.124808,0.628481
616,-0.193879,3.65357,0.9785,0,7.49222,4.64,0.829523,0.134028,0.124808,0.628481
187,-0.277318,3.65346,0.852208,0,7.49222,4.64,0.829523,0.134028,0.124808,0.628481
16,-0.0917805,3.65363,1.07227,0,7.49222,4.64,0.829523,0.134028,0.124808,0.628481
616,-0.193879,3.65357,0.9785,0,7.49222,4.64,0.829523,0.134028,0.124808,0.628481
16,-0.0917805,3.65363,1.07227,0,7.49222,4.64,0.829523,0.134028,0.124808,0.628481
615,0.0194294,3.65369,1.12548,0,7.49222,4.64,0.829523,0.134028,0.124808,0.628481
615,0.0194294,3.65369,1.12548,0,7.49222,4.64,0.829523,0.134028,0.124808,0.628481
186,0.125037,3.65375,1.1438,0,7.49222,4.64,0.829523,0.134028,0.124808,0.628481
186,0.125037,3.65375,1.1438,0,7.49222,4.64,0.829523,0.134028,0.124808,0.628481
1044,0.230634,3.65372,1.12549,0,7.49222,4.64,0.829523,0.134028,0.124808,0.628481
1044,0.230634,3.65372,1.12549,0,7.49222,4.64,0.829523,0.134028,0.124808,0.628481
38,0.341856,3.65367,1.07227,0,7.49222,4.64,0.829523,0.134028,0.124808,0.628481
38,0.341856,3.65367,1.07227,0,7.49222,4.64,0.829523,0.134028,0.124808,0.628481
664,0.443971,3.65357,0.978466,0,7.49222,4.64,0.829523,0.134028,0.124808,0.628481
664,0.443971,3.65357,0.978466,0,7.49222,4.64,0.829523,0.134028,0.124808,0.628481
235,0.527342,3.65347,0.852158,0,7.49222,4.64,0.829523,0.134028,0.124808,0.628481
235,0.527342,3.65347,0.852158,0,7.49222,4.64,0.829523,0.134028,0.124808,0.628481
1093,0.5838,3.65332,0.69794,0,7.49222,4.64,0.829523,0.134028,0.124808,0.628481
1093,0.5838,3.65332,0.69794,0,7.49222,4.64,0.829523,0.134028,0.124808,0.628481
60,0.625683,3.65349,0.522005,0,7.49222,4.64,0.829523,0.134028,0.124808,0.628481
1045,-0.370468,3.65662,0.708493,1,7.49222,4.64,0.829523,0.134028,0.124808,0.628481
59,-0.414645,3.65616,0.526792,1,7.49222,4.64,0.829523,0.134028,0.124808,0.628481
187,-0.297221,3.65696,0.86155,1,7.49222,4.64,0.829523,0.134028,0.124808,0.628481
1045,-0.370468,3.65662,0.708493,1,7.49222,4.64,0.829523,0.134028,0.124808,0.628481
616,-0.201061,3.65721,0.981104,1,7.49222,4.64,0.829523,0.134028,0.124808,0.628481
187,-0.297221,3.65696,0.86155,1,7.49222,4.64,0.829523,0.134028,0.124808,0.628481
16,-0.0927329,3.6573,1.06802,1,7.49222,4.64,0.829523,0.134028,0.124808,0.628481
616,-0.201061,3.65721,0.981104,1,7.49222,4.64,0.829523,0.134028,0.124808,0.628481
16,-0.0927329,3.6573,1.06802,1,7.49222,4.64,0.829523,0.134028,0.124808,0.628481
615,0.0198873,3.65731,1.117,1,7.49222,4.64,0.829523,0.134028,0.124808,0.628481
615,0.0198873,3.65731,1.117,1,7.49222,4.64,0.829523,0.134028,0.124808,0.628481
186,0.125074,3.65731,1.13431,1,7.49222,4.64,0.829523,0.134028,0.124808,0.628481
186,0.125074,3.65731,1.13431,1,7.49222,4.64,0.829523,0.134028,0.124808,0.628481
1044,0.23026,3.65735,1.11695,1,7.49222,4.64,0.829523,0.134028,0.124808,0.628481
1044,0.23026,3.65735,1.11695,1,7.49222,4.64,0.829523,0.134028,0.124808,0.628481
38,0.342861,3.65738,1.06793,1,7.49222,4.64,0.829523,0.134028,0.124808,0.628481
38,0.342861,3.65738,1.06793,1,7.49222,4.64,0.829523,0.134028,0.124808,0.628481
664,0.451162,3.6573,0.981009,1,7.49222,4.64,0.829523,0.134028,0.124808,0.628481
664,0.451162,3.6573,0.981009,1,7.49222,4.64,0.829523,0.134028,0.124808,0.628481
235,0.547325,3.65706,0.861476,1,7.49222,4.64,0.829523,0.134028,0.124808,0.628481
235,0.547325,3.65706,0.861476,1,7.49222,4.64,0.829523,0.134028,0.124808,0.628481
1093,0.620581,3.65666,0.708442,1,7.49222,4.64,0.829523,0.134028,0.124808,0.628481
1093,0.620581,3.65666,0.708442,1,7.49222,4.64,0.829523,0.134028,0.124808,0.628481
60,0.664732,3.65632,0.526735,1,7.49222,4.64,0.829523,0.134028,0.124808,0.628481
