id,x,y,z,ablated,v,bulkheadyoungs,nickdepth,nickw,nickc,bbmin
1045,-0.249378,3.42832,0.639347,0,3.49222,10,0.703506,0.134028,0.124845,0.502464
59,-0.269118,3.42856,0.497487,0,3.49222,10,0.703506,0.134028,0.124845,0.502464
187,-0.209324,3.428,0.771053,0,3.49222,10,0.703506,0.134028,0.124845,0.502464
1045,-0.249378,3.42832,0.639347,0,3.49222,10,0.703506,0.134028,0.124845,0.502464
616,-0.146619,3.42761,0.882811,0,3.49222,10,0.703506,0.134028,0.124845,0.502464
187,-0.209324,3.428,0.771053,0,3.49222,10,0.703506,0.134028,0.124845,0.502464
16,-0.0675886,3.42731,0.971454,0,3.49222,10,0.703506,0.134028,0.124845,0.502464
616,-0.146619,3.42761,0.882811,0,3.49222,10,0.703506,0.134028,0.124845,0.502464
16,-0.0675886,3.42731,0.971454,0,3.49222,10,0.703506,0.134028,0.124845,0.502464
615,0.0257649,3.4271,1.02263,0,3.49222,10,0.703506,0.134028,0.124845,0.502464
615,0.0257649,3.4271,1.02263,0,3.49222,10,0.703506,0.134028,0.124845,0.502464
186,0.125,3.42707,1.03923,0,3.49222,10,0.703506,0.134028,0.124845,0.502464
186,0.125,3.42707,1.03923,0,3.49222,10,0.703506,0.134028,0.124845,0.502464
1044,0.22423,3.42716,1.02267,0,3.49222,10,0.703506,0.134028,0.124845,0.502464
1044,0.22423,3.42716,1.02267,0,3.49222,10,0.703506,0.134028,0.124845,0.502464
38,0.317572,3.42733,0.971427,0,3.49222,10,0.703506,0.134028,0.124845,0.502464
38,0.317572,3.42733,0.971427,0,3.49222,10,0.703506,0.134028,0.124845,0.502464
664,0.396629,3.42764,0.882822,0,3.49222,10,0.703506,0.134028,0.124845,0.502464
664,0.396629,3.42764,0.882822,0,3.49222,10,0.703506,0.134028,0.124845,0.502464
235,0.459372,3.42792,0.771071,0,3.49222,10,0.703506,0.134028,0.124845,0.502464
235,0.459372,3.42792,0.771071,0,3.49222,10,0.703506,0.134028,0.124845,0.502464
1093,0.49932,3.42825,0.639341,0,3.49222,10,0.703506,0.134028,0.124845,0.502464
1093,0.49932,3.42825,0.639341,0,3.49222,10,0.703506,0.134028,0.124845,0.502464
60,0.51914,3.42837,0.497602,0,3.49222,10,0.703506,0.134028,0.124845,0.502464
1045,-0.254932,3.43433,0.641879,1,3.49222,10,0.703506,0.134028,0.124845,0.502464
59,-0.277166,3.4345,0.500222,1,3.49222,10,0.703506,0.134028,0.124845,0.502464
187,-0.211456,3.43409,0.772315,1,3.49222,10,0.703506,0.134028,0.124845,0.502464
1045,-0.254932,3.43433,0.641879,1,3.49222,10,0.703506,0.134028,0.124845,0.502464
616,-0.146544,3.43382,0.88187,1,3.49222,10,0.703506,0.134028,0.124845,0.502464
187,-0.211456,3.43409,0.772315,1,3.49222,10,0.703506,0.134028,0.124845,0.502464
16,-0.0667034,3.43358,0.968573,1,3.49222,10,0.703506,0.134028,0.124845,0.502464
616,-0.146544,3.43382,0.88187,1,3.49222,10,0.703506,0.134028,0.124845,0.502464
16,-0.0667034,3.43358,0.968573,1,3.49222,10,0.703506,0.134028,0.124845,0.502464
615,0.0265062,3.43342,1.01828,1,3.49222,10,0.703506,0.134028,0.124845,0.502464
615,0.0265062,3.43342,1.01828,1,3.49222,10,0.703506,0.134028,0.124845,0.502464
186,0.125003,3.43336,1.03432,1,3.49222,10,0.703506,0.134028,0.124845,0.502464
186,0.125003,3.43336,1.03432,1,3.49222,10,0.703506,0.134028,0.124845,0.502464
1044,0.223495,3.43342,1.01828,1,3.49222,10,0.703506,0.134028,0.124845,0.502464
1044,0.223495,3.43342,1.01828,1,3.49222,10,0.703506,0.134028,0.124845,0.502464
38,0.316697,3.43358,0.968573,1,3.49222,10,0.703506,0.134028,0.124845,0.502464
38,0.316697,3.43358,0.968573,1,3.49222,10,0.703506,0.134028,0.124845,0.502464
664,0.396545,3.43382,0.881887,1,3.49222,10,0.703506,0.134028,0.124845,0.502464
664,0.396545,3.43382,0.881887,1,3.49222,10,0.703506,0.134028,0.124845,0.502464
235,0.461475,3.43408,0.772343,1,3.49222,10,0.703506,0.134028,0.124845,0.502464
235,0.461475,3.43408,0.772343,1,3.49222,10,0.703506,0.134028,0.124845,0.502464
1093,0.504946,3.43433,0.641902,1,3.49222,10,0.703506,0.134028,0.124845,0.502464
1093,0.504946,3.43433,0.641902,1,3.49222,10,0.703506,0.134028,0.124845,0.502464
60,0.527193,3.43451,0.500272,1,3.49222,10,0.703506,0.134028,0.124845,0.502464
1045,-0.257301,3.44513,0.647256,0,3.99222,10,0.718911,0.134028,0.124847,0.517869
59,-0.277675,3.44548,0.500917,0,3.99222,10,0.718911,0.134028,0.124847,0.517869
187,-0.216015,3.44503,0.781338,0,3.99222,10,0.718911,0.134028,0.124847,0.517869
1045,-0.257301,3.44513,0.647256,0,3.99222,10,0.718911,0.134028,0.124847,0.517869
616,-0.150889,3.44503,0.893898,0,3.99222,10,0.718911,0.134028,0.124847,0.517869
187,-0.216015,3.44503,0.781338,0,3.99222,10,0.718911,0.134028,0.124847,0.517869
16,-0.0689334,3.44524,0.981742,0,3.99222,10,0.718911,0.134028,0.124847,0.517869
616,-0.150889,3.44503,0.893898,0,3.99222,10,0.718911,0.134028,0.124847,0.517869
16,-0.0689334,3.44524,0.981742,0,3.99222,10,0.718911,0.134028,0.124847,0.517869
615,0.0259446,3.44546,1.03124,0,3.99222,10,0.718911,0.134028,0.124847,0.517869
615,0.0259446,3.44546,1.03124,0,3.99222,10,0.718911,0.134028,0.124847,0.517869
186,0.12499,3.44564,1.04711,0,3.99222,10,0.718911,0.134028,0.124847,0.517869
186,0.12499,3.44564,1.04711,0,3.99222,10,0.718911,0.134028,0.124847,0.517869
1044,0.224064,3.44541,1.03126,0,3.99222,10,0.718911,0.134028,0.124847,0.517869
1044,0.224064,3.44541,1.03126,0,3.99222,10,0.718911,0.134028,0.124847,0.517869
38,0.318966,3.44531,0.981736,0,3.99222,10,0.718911,0.134028,0.124847,0.517869
38,0.318966,3.44531,0.981736,0,3.99222,10,0.718911,0.134028,0.124847,0.517869
664,0.400866,3.44502,0.893893,0,3.99222,10,0.718911,0.134028,0.124847,0.517869
664,0.400866,3.44502,0.893893,0,3.99222,10,0.718911,0.134028,0.124847,0.517869
235,0.466063,3.44501,0.781325,0,3.99222,10,0.718911,0.134028,0.124847,0.517869
235,0.466063,3.44501,0.781325,0,3.99222,10,0.718911,0.134028,0.124847,0.517869
1093,0.507323,3.4451,0.647268,0,3.99222,10,0.718911,0.134028,0.124847,0.517869
1093,0.507323,3.4451,0.647268,0,3.99222,10,0.718911,0.134028,0.124847,0.517869
60,0.52764,3.44541,0.500965,0,3.99222,10,0.718911,0.134028,0.124847,0.517869
1045,-0.265508,3.46189,0.653889,1,3.99222,10,0.718911,0.134028,0.124847,0.517869
59,-0.290017,3.46221,0.507411,1,3.99222,10,0.718911,0.134028,0.124847,0.517869
187,-0.218127,3.4615,0.785749,1,3.99222,10,0.718911,0.134028,0.124847,0.517869
1045,-0.265508,3.46189,0.653889,1,3.99222,10,0.718911,0.134028,0.124847,0.517869
616,-0.14984,3.4612,0.895033,1,3.99222,10,0.718911,0.134028,0.124847,0.517869
187,-0.218127,3.4615,0.785749,1,3.99222,10,0.718911,0.134028,0.124847,0.517869
16,-0.0673933,3.46095,0.980478,1,3.99222,10,0.718911,0.134028,0.124847,0.517869
616,-0.14984,3.4612,0.895033,1,3.99222,10,0.718911,0.134028,0.124847,0.517869
16,-0.0673933,3.46095,0.980478,1,3.99222,10,0.718911,0.134028,0.124847,0.517869
615,0.0267691,3.46082,1.02915,1,3.99222,10,0.718911,0.134028,0.124847,0.517869
615,0.0267691,3.46082,1.02915,1,3.99222,10,0.718911,0.134028,0.124847,0.517869
186,0.125022,3.46079,1.04487,1,3.99222,10,0.718911,0.134028,0.124847,0.517869
186,0.125022,3.46079,1.04487,1,3.99222,10,0.718911,0.134028,0.124847,0.517869
1044,0.223266,3.46082,1.0291,1,3.99222,10,0.718911,0.134028,0.124847,0.517869
1044,0.223266,3.46082,1.0291,1,3.99222,10,0.718911,0.134028,0.124847,0.517869
38,0.317406,3.46094,0.980395,1,3.99222,10,0.718911,0.134028,0.124847,0.517869
38,0.317406,3.46094,0.980395,1,3.99222,10,0.718911,0.134028,0.124847,0.517869
664,0.399815,3.46121,0.894938,1,3.99222,10,0.718911,0.134028,0.124847,0.517869
664,0.399815,3.46121,0.894938,1,3.99222,10,0.718911,0.134028,0.124847,0.517869
235,0.468093,3.4615,0.785675,1,3.99222,10,0.718911,0.134028,0.124847,0.517869
235,0.468093,3.4615,0.785675,1,3.99222,10,0.718911,0.134028,0.124847,0.517869
1093,0.515446,3.46186,0.653834,1,3.99222,10,0.718911,0.134028,0.124847,0.517869
1093,0.515446,3.46186,0.653834,1,3.99222,10,0.718911,0.134028,0.124847,0.517869
60,0.540045,3.46222,0.507384,1,3.99222,10,0.718911,0.134028,0.124847,0.517869
1045,-0.262814,3.47795,0.658677,0,4.49222,10,0.738194,0.134028,0.124843,0.537153
59,-0.284138,3.47861,0.507848,0,4.49222,10,0.738194,0.134028,0.124843,0.537153
187,-0.220756,3.4778,0.7953,0,4.49222,10,0.738194,0.134028,0.124843,0.537153
1045,-0.262814,3.47795,0.658677,0,4.49222,10,0.738194,0.134028,0.124843,0.537153
616,-0.154306,3.47788,0.909643,0,4.49222,10,0.738194,0.134028,0.124843,0.537153
187,-0.220756,3.4778,0.7953,0,4.49222,10,0.738194,0.134028,0.124843,0.537153
16,-0.0706285,3.47837,0.998112,0,4.49222,10,0.738194,0.134028,0.124843,0.537153
616,-0.154306,3.47788,0.909643,0,4.49222,10,0.738194,0.134028,0.124843,0.537153
16,-0.0706285,3.47837,0.998112,0,4.49222,10,0.738194,0.134028,0.124843,0.537153
615,0.0255601,3.4788,1.04815,0,4.49222,10,0.738194,0.134028,0.124843,0.537153
615,0.0255601,3.4788,1.04815,0,4.49222,10,0.738194,0.134028,0.124843,0.537153
186,0.125008,3.47906,1.06439,0,4.49222,10,0.738194,0.134028,0.124843,0.537153
186,0.125008,3.47906,1.06439,0,4.49222,10,0.738194,0.134028,0.124843,0.537153
1044,0.224488,3.47889,1.0482,0,4.49222,10,0.738194,0.134028,0.124843,0.537153
1044,0.224488,3.47889,1.0482,0,4.49222,10,0.738194,0.134028,0.124843,0.537153
38,0.320679,3.47841,0.998159,0,4.49222,10,0.738194,0.134028,0.124843,0.537153
38,0.320679,3.47841,0.998159,0,4.49222,10,0.738194,0.134028,0.124843,0.537153
664,0.404315,3.47787,0.909702,0,4.49222,10,0.738194,0.134028,0.124843,0.537153
664,0.404315,3.47787,0.909702,0,4.49222,10,0.738194,0.134028,0.124843,0.537153
235,0.470803,3.47781,0.795375,0,4.49222,10,0.738194,0.134028,0.124843,0.537153
235,0.470803,3.47781,0.795375,0,4.49222,10,0.738194,0.134028,0.124843,0.537153
1093,0.512776,3.47794,0.658619,0,4.49222,10,0.738194,0.134028,0.124843,0.537153
1093,0.512776,3.47794,0.658619,0,4.49222,10,0.738194,0.134028,0.124843,0.537153
60,0.53414,3.47852,0.507942,0,4.49222,10,0.738194,0.134028,0.124843,0.537153
1045,-0.275366,3.49367,0.664839,1,4.49222,10,0.738194,0.134028,0.124843,0.537153
59,-0.301999,3.4939,0.513809,1,4.49222,10,0.738194,0.134028,0.124843,0.537153
187,-0.224935,3.4934,0.798588,1,4.49222,10,0.738194,0.134028,0.124843,0.537153
1045,-0.275366,3.49367,0.664839,1,4.49222,10,0.738194,0.134028,0.124843,0.537153
616,-0.153675,3.49314,0.908321,1,4.49222,10,0.738194,0.134028,0.124843,0.537153
187,-0.224935,3.4934,0.798588,1,4.49222,10,0.738194,0.134028,0.124843,0.537153
16,-0.068735,3.49283,0.993284,1,4.49222,10,0.738194,0.134028,0.124843,0.537153
616,-0.153675,3.49314,0.908321,1,4.49222,10,0.738194,0.134028,0.124843,0.537153
16,-0.068735,3.49283,0.993284,1,4.49222,10,0.738194,0.134028,0.124843,0.537153
615,0.0267176,3.49262,1.0415,1,4.49222,10,0.738194,0.134028,0.124843,0.537153
615,0.0267176,3.49262,1.0415,1,4.49222,10,0.738194,0.134028,0.124843,0.537153
186,0.125026,3.49255,1.0572,1,4.49222,10,0.738194,0.134028,0.124843,0.537153
186,0.125026,3.49255,1.0572,1,4.49222,10,0.738194,0.134028,0.124843,0.537153
1044,0.223309,3.49263,1.04141,1,4.49222,10,0.738194,0.134028,0.124843,0.537153
1044,0.223309,3.49263,1.04141,1,4.49222,10,0.738194,0.134028,0.124843,0.537153
38,0.318712,3.49283,0.993121,1,4.49222,10,0.738194,0.134028,0.124843,0.537153
38,0.318712,3.49283,0.993121,1,4.49222,10,0.738194,0.134028,0.124843,0.537153
664,0.40358,3.49313,0.908129,1,4.49222,10,0.738194,0.134028,0.124843,0.537153
664,0.40358,3.49313,0.908129,1,4.49222,10,0.738194,0.134028,0.124843,0.537153
235,0.474782,3.49339,0.798413,1,4.49222,10,0.738194,0.134028,0.124843,0.537153
235,0.474782,3.49339,0.798413,1,4.49222,10,0.738194,0.134028,0.124843,0.537153
1093,0.525261,3.49368,0.664777,1,4.49222,10,0.738194,0.134028,0.124843,0.537153
1093,0.525261,3.49368,0.664777,1,4.49222,10,0.738194,0.134028,0.124843,0.537153
60,0.552036,3.49405,0.513739,1,4.49222,10,0.738194,0.134028,0.124843,0.537153
1045,-0.269065,3.51164,0.667914,0,4.99222,10,0.753265,0.134028,0.124839,0.552223
59,-0.292527,3.51227,0.513503,0,4.99222,10,0.753265,0.134028,0.124839,0.552223
187,-0.226091,3.5114,0.806487,0,4.99222,10,0.753265,0.134028,0.124839,0.552223
1045,-0.269065,3.51164,0.667914,0,4.99222,10,0.753265,0.134028,0.124839,0.552223
616,-0.158181,3.51146,0.922326,0,4.99222,10,0.753265,0.134028,0.124839,0.552223
187,-0.226091,3.5114,0.806487,0,4.99222,10,0.753265,0.134028,0.124839,0.552223
16,-0.072699,3.51186,1.01152,0,4.99222,10,0.753265,0.134028,0.124839,0.552223
616,-0.158181,3.51146,0.922326,0,4.99222,10,0.753265,0.134028,0.124839,0.552223
16,-0.072699,3.51186,1.01152,0,4.99222,10,0.753265,0.134028,0.124839,0.552223
615,0.0249613,3.51228,1.06186,0,4.99222,10,0.753265,0.134028,0.124839,0.552223
615,0.0249613,3.51228,1.06186,0,4.99222,10,0.753265,0.134028,0.124839,0.552223
186,0.125049,3.51241,1.07819,0,4.99222,10,0.753265,0.134028,0.124839,0.552223
186,0.125049,3.51241,1.07819,0,4.99222,10,0.753265,0.134028,0.124839,0.552223
1044,0.22505,3.51228,1.06188,0,4.99222,10,0.753265,0.134028,0.124839,0.552223
1044,0.22505,3.51228,1.06188,0,4.99222,10,0.753265,0.134028,0.124839,0.552223
38,0.322789,3.51192,1.01148,0,4.99222,10,0.753265,0.134028,0.124839,0.552223
38,0.322789,3.51192,1.01148,0,4.99222,10,0.753265,0.134028,0.124839,0.552223
664,0.408198,3.5115,0.922308,0,4.99222,10,0.753265,0.134028,0.124839,0.552223
664,0.408198,3.5115,0.922308,0,4.99222,10,0.753265,0.134028,0.124839,0.552223
235,0.47607,3.51145,0.806549,0,4.99222,10,0.753265,0.134028,0.124839,0.552223
235,0.47607,3.51145,0.806549,0,4.99222,10,0.753265,0.134028,0.124839,0.552223
1093,0.519076,3.51169,0.667922,0,4.99222,10,0.753265,0.134028,0.124839,0.552223
1093,0.519076,3.51169,0.667922,0,4.99222,10,0.753265,0.134028,0.124839,0.552223
60,0.542609,3.51245,0.51351,0,4.99222,10,0.753265,0.134028,0.124839,0.552223
1045,-0.28459,3.52573,0.674447,1,4.99222,10,0.753265,0.134028,0.124839,0.552223
59,-0.313465,3.52599,0.519286,1,4.99222,10,0.753265,0.134028,0.124839,0.552223
187,-0.231639,3.52545,0.810265,1,4.99222,10,0.753265,0.134028,0.124839,0.552223
1045,-0.28459,3.52573,0.674447,1,4.99222,10,0.753265,0.134028,0.124839,0.552223
616,-0.157735,3.52518,0.92085,1,4.99222,10,0.753265,0.134028,0.124839,0.552223
187,-0.231639,3.52545,0.810265,1,4.99222,10,0.753265,0.134028,0.124839,0.552223
16,-0.0704365,3.52489,1.00572,1,4.99222,10,0.753265,0.134028,0.124839,0.552223
616,-0.157735,3.52518,0.92085,1,4.99222,10,0.753265,0.134028,0.124839,0.552223
16,-0.0704365,3.52489,1.00572,1,4.99222,10,0.753265,0.134028,0.124839,0.552223
615,0.0264155,3.5247,1.05383,1,4.99222,10,0.753265,0.134028,0.124839,0.552223
615,0.0264155,3.5247,1.05383,1,4.99222,10,0.753265,0.134028,0.124839,0.552223
186,0.124977,3.52462,1.06975,1,4.99222,10,0.753265,0.134028,0.124839,0.552223
186,0.124977,3.52462,1.06975,1,4.99222,10,0.753265,0.134028,0.124839,0.552223
1044,0.223522,3.52471,1.05376,1,4.99222,10,0.753265,0.134028,0.124839,0.552223
1044,0.223522,3.52471,1.05376,1,4.99222,10,0.753265,0.134028,0.124839,0.552223
38,0.320337,3.52491,1.00559,1,4.99222,10,0.753265,0.134028,0.124839,0.552223
38,0.320337,3.52491,1.00559,1,4.99222,10,0.753265,0.134028,0.124839,0.552223
664,0.407587,3.52522,0.920702,1,4.99222,10,0.753265,0.134028,0.124839,0.552223
664,0.407587,3.52522,0.920702,1,4.99222,10,0.753265,0.134028,0.124839,0.552223
235,0.481476,3.5255,0.81017,1,4.99222,10,0.753265,0.134028,0.124839,0.552223
235,0.481476,3.5255,0.81017,1,4.99222,10,0.753265,0.134028,0.124839,0.552223
1093,0.534547,3.52577,0.674492,1,4.99222,10,0.753265,0.134028,0.124839,0.552223
1093,0.534547,3.52577,0.674492,1,4.99222,10,0.753265,0.134028,0.124839,0.552223
60,0.563508,3.5261,0.519269,1,4.99222,10,0.753265,0.134028,0.124839,0.552223
1045,-0.276815,3.54285,0.676016,0,5.49222,10,0.766289,0.134028,0.124839,0.565247
59,-0.303892,3.54351,0.518697,0,5.49222,10,0.766289,0.134028,0.124839,0.565247
187,-0.23163,3.54259,0.816481,0,5.49222,10,0.766289,0.134028,0.124839,0.565247
1045,-0.276815,3.54285,0.676016,0,5.49222,10,0.766289,0.134028,0.124839,0.565247
616,-0.161442,3.5426,0.933123,0,5.49222,10,0.766289,0.134028,0.124839,0.565247
187,-0.23163,3.54259,0.816481,0,5.49222,10,0.766289,0.134028,0.124839,0.565247
16,-0.0739822,3.54283,1.0225,0,5.49222,10,0.766289,0.134028,0.124839,0.565247
616,-0.161442,3.5426,0.933123,0,5.49222,10,0.766289,0.134028,0.124839,0.565247
16,-0.0739822,3.54283,1.0225,0,5.49222,10,0.766289,0.134028,0.124839,0.565247
615,0.0248239,3.5431,1.07314,0,5.49222,10,0.766289,0.134028,0.124839,0.565247
615,0.0248239,3.5431,1.07314,0,5.49222,10,0.766289,0.134028,0.124839,0.565247
186,0.125039,3.54328,1.08993,0,5.49222,10,0.766289,0.134028,0.124839,0.565247
186,0.125039,3.54328,1.08993,0,5.49222,10,0.766289,0.134028,0.124839,0.565247
1044,0.225232,3.54311,1.07311,0,5.49222,10,0.766289,0.134028,0.124839,0.565247
1044,0.225232,3.54311,1.07311,0,5.49222,10,0.766289,0.134028,0.124839,0.565247
38,0.324023,3.54284,1.02252,0,5.49222,10,0.766289,0.134028,0.124839,0.565247
38,0.324023,3.54284,1.02252,0,5.49222,10,0.766289,0.134028,0.124839,0.565247
664,0.41151,3.54252,0.933183,0,5.49222,10,0.766289,0.134028,0.124839,0.565247
664,0.41151,3.54252,0.933183,0,5.49222,10,0.766289,0.134028,0.124839,0.565247
235,0.481678,3.54253,0.816444,0,5.49222,10,0.766289,0.134028,0.124839,0.565247
235,0.481678,3.54253,0.816444,0,5.49222,10,0.766289,0.134028,0.124839,0.565247
1093,0.526869,3.5428,0.676034,0,5.49222,10,0.766289,0.134028,0.124839,0.565247
1093,0.526869,3.5428,0.676034,0,5.49222,10,0.766289,0.134028,0.124839,0.565247
60,0.553885,3.54367,0.518735,0,5.49222,10,0.766289,0.134028,0.124839,0.565247
1045,-0.297568,3.55661,0.684153,1,5.49222,10,0.766289,0.134028,0.124839,0.565247
59,-0.329517,3.55681,0.52479,1,5.49222,10,0.766289,0.134028,0.124839,0.565247
187,-0.24018,3.55638,0.821674,1,5.49222,10,0.766289,0.134028,0.124839,0.565247
1045,-0.297568,3.55661,0.684153,1,5.49222,10,0.766289,0.134028,0.124839,0.565247
616,-0.162164,3.55617,0.932148,1,5.49222,10,0.766289,0.134028,0.124839,0.565247
187,-0.24018,3.55638,0.821674,1,5.49222,10,0.766289,0.134028,0.124839,0.565247
16,-0.0719554,3.55595,1.0161,1,5.49222,10,0.766289,0.134028,0.124839,0.565247
616,-0.162164,3.55617,0.932148,1,5.49222,10,0.766289,0.134028,0.124839,0.565247
16,-0.0719554,3.55595,1.0161,1,5.49222,10,0.766289,0.134028,0.124839,0.565247
615,0.0263149,3.55578,1.06364,1,5.49222,10,0.766289,0.134028,0.124839,0.565247
615,0.0263149,3.55578,1.06364,1,5.49222,10,0.766289,0.134028,0.124839,0.565247
186,0.12501,3.55572,1.07979,1,5.49222,10,0.766289,0.134028,0.124839,0.565247
186,0.12501,3.55572,1.07979,1,5.49222,10,0.766289,0.134028,0.124839,0.565247
1044,0.223773,3.55579,1.06394,1,5.49222,10,0.766289,0.134028,0.124839,0.565247
1044,0.223773,3.55579,1.06394,1,5.49222,10,0.766289,0.134028,0.124839,0.565247
38,0.322234,3.55597,1.0166,1,5.49222,10,0.766289,0.134028,0.124839,0.565247
38,0.322234,3.55597,1.0166,1,5.49222,10,0.766289,0.134028,0.124839,0.565247
664,0.412614,3.55619,0.932625,1,5.49222,10,0.766289,0.134028,0.124839,0.565247
664,0.412614,3.55619,0.932625,1,5.49222,10,0.766289,0.134028,0.124839,0.565247
235,0.490491,3.55639,0.821909,1,5.49222,10,0.766289,0.134028,0.124839,0.565247
235,0.490491,3.55639,0.821909,1,5.49222,10,0.766289,0.134028,0.124839,0.565247
1093,0.547477,3.55658,0.68429,1,5.49222,10,0.766289,0.134028,0.124839,0.565247
1093,0.547477,3.55658,0.68429,1,5.49222,10,0.766289,0.134028,0.124839,0.565247
60,0.579119,3.55687,0.524865,1,5.49222,10,0.766289,0.134028,0.124839,0.565247
1045,-0.283463,3.57545,0.683979,0,5.99222,10,0.780346,0.134028,0.124853,0.579304
59,-0.313042,3.57599,0.523712,0,5.99222,10,0.780346,0.134028,0.124853,0.579304
187,-0.236898,3.57524,0.826321,0,5.99222,10,0.780346,0.134028,0.124853,0.579304
1045,-0.283463,3.57545,0.683979,0,5.99222,10,0.780346,0.134028,0.124853,0.579304
616,-0.165237,3.57539,0.944346,0,5.99222,10,0.780346,0.134028,0.124853,0.579304
187,-0.236898,3.57524,0.826321,0,5.99222,10,0.780346,0.134028,0.124853,0.579304
16,-0.0760138,3.57576,1.03438,0,5.99222,10,0.780346,0.134028,0.124853,0.579304
616,-0.165237,3.57539,0.944346,0,5.99222,10,0.780346,0.134028,0.124853,0.579304
16,-0.0760138,3.57576,1.03438,0,5.99222,10,0.780346,0.134028,0.124853,0.579304
615,0.0243051,3.57614,1.08524,0,5.99222,10,0.780346,0.134028,0.124853,0.579304
615,0.0243051,3.57614,1.08524,0,5.99222,10,0.780346,0.134028,0.124853,0.579304
186,0.125027,3.57635,1.10225,0,5.99222,10,0.780346,0.134028,0.124853,0.579304
186,0.125027,3.57635,1.10225,0,5.99222,10,0.780346,0.134028,0.124853,0.579304
1044,0.225723,3.57616,1.08524,0,5.99222,10,0.780346,0.134028,0.124853,0.579304
1044,0.225723,3.57616,1.08524,0,5.99222,10,0.780346,0.134028,0.124853,0.579304
38,0.326113,3.5758,1.03435,0,5.99222,10,0.780346,0.134028,0.124853,0.579304
38,0.326113,3.5758,1.03435,0,5.99222,10,0.780346,0.134028,0.124853,0.579304
664,0.415316,3.57548,0.944415,0,5.99222,10,0.780346,0.134028,0.124853,0.579304
664,0.415316,3.57548,0.944415,0,5.99222,10,0.780346,0.134028,0.124853,0.579304
235,0.486964,3.57535,0.826266,0,5.99222,10,0.780346,0.134028,0.124853,0.579304
235,0.486964,3.57535,0.826266,0,5.99222,10,0.780346,0.134028,0.124853,0.579304
1093,0.533476,3.57544,0.684004,0,5.99222,10,0.780346,0.134028,0.124853,0.579304
1093,0.533476,3.57544,0.684004,0,5.99222,10,0.780346,0.134028,0.124853,0.579304
60,0.563095,3.57616,0.523785,0,5.99222,10,0.780346,0.134028,0.124853,0.579304
1045,-0.31126,3.58598,0.693478,1,5.99222,10,0.780346,0.134028,0.124853,0.579304
59,-0.34565,3.58606,0.529985,1,5.99222,10,0.780346,0.134028,0.124853,0.579304
187,-0.249931,3.58586,0.833082,1,5.99222,10,0.780346,0.134028,0.124853,0.579304
1045,-0.31126,3.58598,0.693478,1,5.99222,10,0.780346,0.134028,0.124853,0.579304
616,-0.167686,3.58575,0.943782,1,5.99222,10,0.780346,0.134028,0.124853,0.579304
187,-0.249931,3.58586,0.833082,1,5.99222,10,0.780346,0.134028,0.124853,0.579304
16,-0.074117,3.58561,1.02673,1,5.99222,10,0.780346,0.134028,0.124853,0.579304
616,-0.167686,3.58575,0.943782,1,5.99222,10,0.780346,0.134028,0.124853,0.579304
16,-0.074117,3.58561,1.02673,1,5.99222,10,0.780346,0.134028,0.124853,0.579304
615,0.0259464,3.58549,1.07339,1,5.99222,10,0.780346,0.134028,0.124853,0.579304
615,0.0259464,3.58549,1.07339,1,5.99222,10,0.780346,0.134028,0.124853,0.579304
186,0.124973,3.58543,1.08944,1,5.99222,10,0.780346,0.134028,0.124853,0.579304
186,0.124973,3.58543,1.08944,1,5.99222,10,0.780346,0.134028,0.124853,0.579304
1044,0.224004,3.5855,1.07336,1,5.99222,10,0.780346,0.134028,0.124853,0.579304
1044,0.224004,3.5855,1.07336,1,5.99222,10,0.780346,0.134028,0.124853,0.579304
38,0.324058,3.58563,1.02669,1,5.99222,10,0.780346,0.134028,0.124853,0.579304
38,0.324058,3.58563,1.02669,1,5.99222,10,0.780346,0.134028,0.124853,0.579304
664,0.417606,3.58578,0.943739,1,5.99222,10,0.780346,0.134028,0.124853,0.579304
664,0.417606,3.58578,0.943739,1,5.99222,10,0.780346,0.134028,0.124853,0.579304
235,0.499842,3.58587,0.833055,1,5.99222,10,0.780346,0.134028,0.124853,0.579304
235,0.499842,3.58587,0.833055,1,5.99222,10,0.780346,0.134028,0.124853,0.579304
1093,0.56123,3.58595,0.69355,1,5.99222,10,0.780346,0.134028,0.124853,0.579304
1093,0.56123,3.58595,0.69355,1,5.99222,10,0.780346,0.134028,0.124853,0.579304
60,0.595616,3.58619,0.529981,1,5.99222,10,0.780346,0.134028,0.124853,0.579304
1045,-0.289829,3.60341,0.690402,0,6.49222,10,0.791892,0.134028,0.124844,0.59085
59,-0.322308,3.60385,0.527354,0,6.49222,10,0.791892,0.134028,0.124844,0.59085
187,-0.241653,3.60341,0.8344,0,6.49222,10,0.791892,0.134028,0.124844,0.59085
1045,-0.289829,3.60341,0.690402,0,6.49222,10,0.791892,0.134028,0.124844,0.59085
616,-0.168539,3.60359,0.953919,0,6.49222,10,0.791892,0.134028,0.124844,0.59085
187,-0.241653,3.60341,0.8344,0,6.49222,10,0.791892,0.134028,0.124844,0.59085
16,-0.0778247,3.60397,1.04488,0,6.49222,10,0.791892,0.134028,0.124844,0.59085
616,-0.168539,3.60359,0.953919,0,6.49222,10,0.791892,0.134028,0.124844,0.59085
16,-0.0778247,3.60397,1.04488,0,6.49222,10,0.791892,0.134028,0.124844,0.59085
615,0.0237499,3.60427,1.09648,0,6.49222,10,0.791892,0.134028,0.124844,0.59085
615,0.0237499,3.60427,1.09648,0,6.49222,10,0.791892,0.134028,0.124844,0.59085
186,0.125007,3.60445,1.11403,0,6.49222,10,0.791892,0.134028,0.124844,0.59085
186,0.125007,3.60445,1.11403,0,6.49222,10,0.791892,0.134028,0.124844,0.59085
1044,0.226295,3.60427,1.09647,0,6.49222,10,0.791892,0.134028,0.124844,0.59085
1044,0.226295,3.60427,1.09647,0,6.49222,10,0.791892,0.134028,0.124844,0.59085
38,0.327905,3.60401,1.04492,0,6.49222,10,0.791892,0.134028,0.124844,0.59085
38,0.327905,3.60401,1.04492,0,6.49222,10,0.791892,0.134028,0.124844,0.59085
664,0.418586,3.60367,0.953893,0,6.49222,10,0.791892,0.134028,0.124844,0.59085
664,0.418586,3.60367,0.953893,0,6.49222,10,0.791892,0.134028,0.124844,0.59085
235,0.491684,3.60345,0.834374,0,6.49222,10,0.791892,0.134028,0.124844,0.59085
235,0.491684,3.60345,0.834374,0,6.49222,10,0.791892,0.134028,0.124844,0.59085
1093,0.53988,3.60336,0.690387,0,6.49222,10,0.791892,0.134028,0.124844,0.59085
1093,0.53988,3.60336,0.690387,0,6.49222,10,0.791892,0.134028,0.124844,0.59085
60,0.572342,3.60397,0.52741,0,6.49222,10,0.791892,0.134028,0.124844,0.59085
1045,-0.320022,3.61439,0.700629,1,6.49222,10,0.791892,0.134028,0.124844,0.59085
59,-0.356724,3.61434,0.533775,1,6.49222,10,0.791892,0.134028,0.124844,0.59085
187,-0.256468,3.6144,0.842167,1,6.49222,10,0.791892,0.134028,0.124844,0.59085
1045,-0.320022,3.61439,0.700629,1,6.49222,10,0.791892,0.134028,0.124844,0.59085
616,-0.171954,3.61436,0.953957,1,6.49222,10,0.791892,0.134028,0.124844,0.59085
187,-0.256468,3.6144,0.842167,1,6.49222,10,0.791892,0.134028,0.124844,0.59085
16,-0.0763045,3.61426,1.03731,1,6.49222,10,0.791892,0.134028,0.124844,0.59085
616,-0.171954,3.61436,0.953957,1,6.49222,10,0.791892,0.134028,0.124844,0.59085
16,-0.0763045,3.61426,1.03731,1,6.49222,10,0.791892,0.134028,0.124844,0.59085
615,0.0253203,3.61418,1.08421,1,6.49222,10,0.791892,0.134028,0.124844,0.59085
615,0.0253203,3.61418,1.08421,1,6.49222,10,0.791892,0.134028,0.124844,0.59085
186,0.124976,3.61413,1.10059,1,6.49222,10,0.791892,0.134028,0.124844,0.59085
186,0.124976,3.61413,1.10059,1,6.49222,10,0.791892,0.134028,0.124844,0.59085
1044,0.224631,3.61419,1.0842,1,6.49222,10,0.791892,0.134028,0.124844,0.59085
1044,0.224631,3.61419,1.0842,1,6.49222,10,0.791892,0.134028,0.124844,0.59085
38,0.326264,3.61429,1.03729,1,6.49222,10,0.791892,0.134028,0.124844,0.59085
38,0.326264,3.61429,1.03729,1,6.49222,10,0.791892,0.134028,0.124844,0.59085
664,0.421903,3.6144,0.953966,1,6.49222,10,0.791892,0.134028,0.124844,0.59085
664,0.421903,3.6144,0.953966,1,6.49222,10,0.791892,0.134028,0.124844,0.59085
235,0.506399,3.61442,0.842199,1,6.49222,10,0.791892,0.134028,0.124844,0.59085
235,0.506399,3.61442,0.842199,1,6.49222,10,0.791892,0.134028,0.124844,0.59085
1093,0.570016,3.61437,0.700753,1,6.49222,10,0.791892,0.134028,0.124844,0.59085
1093,0.570016,3.61437,0.700753,1,6.49222,10,0.791892,0.134028,0.124844,0.59085
60,0.606716,3.61446,0.533843,1,6.49222,10,0.791892,0.134028,0.124844,0.59085
1045,-0.296466,3.63138,0.696936,0,6.99222,10,0.802958,0.134028,0.124844,0.601917
59,-0.331284,3.63169,0.53136,0,6.99222,10,0.802958,0.134028,0.124844,0.601917
187,-0.246898,3.63149,0.842605,0,6.99222,10,0.802958,0.134028,0.124844,0.601917
1045,-0.296466,3.63138,0.696936,0,6.99222,10,0.802958,0.134028,0.124844,0.601917
616,-0.172034,3.63169,0.963085,0,6.99222,10,0.802958,0.134028,0.124844,0.601917
187,-0.246898,3.63149,0.842605,0,6.99222,10,0.802958,0.134028,0.124844,0.601917
16,-0.079742,3.63193,1.05445,0,6.99222,10,0.802958,0.134028,0.124844,0.601917
616,-0.172034,3.63169,0.963085,0,6.99222,10,0.802958,0.134028,0.124844,0.601917
16,-0.079742,3.63193,1.05445,0,6.99222,10,0.802958,0.134028,0.124844,0.601917
615,0.0231637,3.63218,1.10637,0,6.99222,10,0.802958,0.134028,0.124844,0.601917
615,0.0231637,3.63218,1.10637,0,6.99222,10,0.802958,0.134028,0.124844,0.601917
186,0.125036,3.63236,1.12427,0,6.99222,10,0.802958,0.134028,0.124844,0.601917
186,0.125036,3.63236,1.12427,0,6.99222,10,0.802958,0.134028,0.124844,0.601917
1044,0.226899,3.63221,1.10641,0,6.99222,10,0.802958,0.134028,0.124844,0.601917
1044,0.226899,3.63221,1.10641,0,6.99222,10,0.802958,0.134028,0.124844,0.601917
38,0.329749,3.63197,1.05448,0,6.99222,10,0.802958,0.134028,0.124844,0.601917
38,0.329749,3.63197,1.05448,0,6.99222,10,0.802958,0.134028,0.124844,0.601917
664,0.422092,3.63171,0.963133,0,6.99222,10,0.802958,0.134028,0.124844,0.601917
664,0.422092,3.63171,0.963133,0,6.99222,10,0.802958,0.134028,0.124844,0.601917
235,0.496948,3.6315,0.842619,0,6.99222,10,0.802958,0.134028,0.124844,0.601917
235,0.496948,3.6315,0.842619,0,6.99222,10,0.802958,0.134028,0.124844,0.601917
1093,0.546501,3.6313,0.696918,0,6.99222,10,0.802958,0.134028,0.124844,0.601917
1093,0.546501,3.6313,0.696918,0,6.99222,10,0.802958,0.134028,0.124844,0.601917
60,0.581325,3.63175,0.5314,0,6.99222,10,0.802958,0.134028,0.124844,0.601917
1045,-0.328471,3.64128,0.707527,1,6.99222,10,0.802958,0.134028,0.124844,0.601917
59,-0.367447,3.64107,0.537501,1,6.99222,10,0.802958,0.134028,0.124844,0.601917
187,-0.262792,3.64142,0.850878,1,6.99222,10,0.802958,0.134028,0.124844,0.601917
1045,-0.328471,3.64128,0.707527,1,6.99222,10,0.802958,0.134028,0.124844,0.601917
616,-0.17615,3.6415,0.963738,1,6.99222,10,0.802958,0.134028,0.124844,0.601917
187,-0.262792,3.64142,0.850878,1,6.99222,10,0.802958,0.134028,0.124844,0.601917
16,-0.0785156,3.64149,1.04752,1,6.99222,10,0.802958,0.134028,0.124844,0.601917
616,-0.17615,3.6415,0.963738,1,6.99222,10,0.802958,0.134028,0.124844,0.601917
16,-0.0785156,3.64149,1.04752,1,6.99222,10,0.802958,0.134028,0.124844,0.601917
615,0.0246579,3.64143,1.0947,1,6.99222,10,0.802958,0.134028,0.124844,0.601917
615,0.0246579,3.64143,1.0947,1,6.99222,10,0.802958,0.134028,0.124844,0.601917
186,0.124998,3.64138,1.11146,1,6.99222,10,0.802958,0.134028,0.124844,0.601917
186,0.124998,3.64138,1.11146,1,6.99222,10,0.802958,0.134028,0.124844,0.601917
1044,0.225341,3.64141,1.09469,1,6.99222,10,0.802958,0.134028,0.124844,0.601917
1044,0.225341,3.64141,1.09469,1,6.99222,10,0.802958,0.134028,0.124844,0.601917
38,0.328525,3.64144,1.04752,1,6.99222,10,0.802958,0.134028,0.124844,0.601917
38,0.328525,3.64144,1.04752,1,6.99222,10,0.802958,0.134028,0.124844,0.601917
664,0.42616,3.64143,0.963745,1,6.99222,10,0.802958,0.134028,0.124844,0.601917
664,0.42616,3.64143,0.963745,1,6.99222,10,0.802958,0.134028,0.124844,0.601917
235,0.512801,3.64135,0.850892,1,6.99222,10,0.802958,0.134028,0.124844,0.601917
235,0.512801,3.64135,0.850892,1,6.99222,10,0.802958,0.134028,0.124844,0.601917
1093,0.578471,3.6412,0.707571,1,6.99222,10,0.802958,0.134028,0.124844,0.601917
1093,0.578471,3.6412,0.707571,1,6.99222,10,0.802958,0.134028,0.124844,0.601917
60,0.617414,3.64119,0.537537,1,6.99222,10,0.802958,0.134028,0.124844,0.601917
1045,-0.302754,3.6614,0.703228,0,7.49222,10,0.814876,0.134028,0.124839,0.613834
59,-0.339681,3.66164,0.535076,0,7.49222,10,0.814876,0.134028,0.124839,0.613834
187,-0.251949,3.66156,0.850703,0,7.49222,10,0.814876,0.134028,0.124839,0.613834
1045,-0.302754,3.6614,0.703228,0,7.49222,10,0.814876,0.134028,0.124839,0.613834
616,-0.175619,3.66185,0.97253,0,7.49222,10,0.814876,0.134028,0.124839,0.613834
187,-0.251949,3.66156,0.850703,0,7.49222,10,0.814876,0.134028,0.124839,0.613834
16,-0.0817163,3.66217,1.06477,0,7.49222,10,0.814876,0.134028,0.124839,0.613834
616,-0.175619,3.66185,0.97253,0,7.49222,10,0.814876,0.134028,0.124839,0.613834
16,-0.0817163,3.66217,1.06477,0,7.49222,10,0.814876,0.134028,0.124839,0.613834
615,0.02253,3.66245,1.11733,0,7.49222,10,0.814876,0.134028,0.124839,0.613834
615,0.02253,3.66245,1.11733,0,7.49222,10,0.814876,0.134028,0.124839,0.613834
186,0.125028,3.6626,1.13556,0,7.49222,10,0.814876,0.134028,0.124839,0.613834
186,0.125028,3.6626,1.13556,0,7.49222,10,0.814876,0.134028,0.124839,0.613834
1044,0.227584,3.66244,1.11732,0,7.49222,10,0.814876,0.134028,0.124839,0.613834
1044,0.227584,3.66244,1.11732,0,7.49222,10,0.814876,0.134028,0.124839,0.613834
38,0.331836,3.66214,1.06476,0,7.49222,10,0.814876,0.134028,0.124839,0.613834
38,0.331836,3.66214,1.06476,0,7.49222,10,0.814876,0.134028,0.124839,0.613834
664,0.425695,3.66181,0.972522,0,7.49222,10,0.814876,0.134028,0.124839,0.613834
664,0.425695,3.66181,0.972522,0,7.49222,10,0.814876,0.134028,0.124839,0.613834
235,0.502,3.66153,0.850676,0,7.49222,10,0.814876,0.134028,0.124839,0.613834
235,0.502,3.66153,0.850676,0,7.49222,10,0.814876,0.134028,0.124839,0.613834
1093,0.552758,3.6613,0.703189,0,7.49222,10,0.814876,0.134028,0.124839,0.613834
1093,0.552758,3.6613,0.703189,0,7.49222,10,0.814876,0.134028,0.124839,0.613834
60,0.589707,3.66167,0.535078,0,7.49222,10,0.814876,0.134028,0.124839,0.613834
1045,-0.336437,3.6678,0.713731,1,7.49222,10,0.814876,0.134028,0.124839,0.613834
59,-0.377589,3.66755,0.540837,1,7.49222,10,0.814876,0.134028,0.124839,0.613834
187,-0.268925,3.66795,0.858968,1,7.49222,10,0.814876,0.134028,0.124839,0.613834
1045,-0.336437,3.6678,0.713731,1,7.49222,10,0.814876,0.134028,0.124839,0.613834
616,-0.180318,3.66804,0.973025,1,7.49222,10,0.814876,0.134028,0.124839,0.613834
187,-0.268925,3.66795,0.858968,1,7.49222,10,0.814876,0.134028,0.124839,0.613834
16,-0.0808071,3.66801,1.05739,1,7.49222,10,0.814876,0.134028,0.124839,0.613834
616,-0.180318,3.66804,0.973025,1,7.49222,10,0.814876,0.134028,0.124839,0.613834
16,-0.0808071,3.66801,1.05739,1,7.49222,10,0.814876,0.134028,0.124839,0.613834
615,0.0239135,3.66796,1.10493,1,7.49222,10,0.814876,0.134028,0.124839,0.613834
615,0.0239135,3.66796,1.10493,1,7.49222,10,0.814876,0.134028,0.124839,0.613834
186,0.124986,3.66791,1.12203,1,7.49222,10,0.814876,0.134028,0.124839,0.613834
186,0.124986,3.66791,1.12203,1,7.49222,10,0.814876,0.134028,0.124839,0.613834
1044,0.226056,3.66794,1.1049,1,7.49222,10,0.814876,0.134028,0.124839,0.613834
1044,0.226056,3.66794,1.1049,1,7.49222,10,0.814876,0.134028,0.124839,0.613834
38,0.330773,3.66797,1.05735,1,7.49222,10,0.814876,0.134028,0.124839,0.613834
38,0.330773,3.66797,1.05735,1,7.49222,10,0.814876,0.134028,0.124839,0.613834
664,0.43027,3.66797,0.972987,1,7.49222,10,0.814876,0.134028,0.124839,0.613834
664,0.43027,3.66797,0.972987,1,7.49222,10,0.814876,0.134028,0.124839,0.613834
235,0.518853,3.66787,0.858944,1,7.49222,10,0.814876,0.134028,0.124839,0.613834
235,0.518853,3.66787,0.858944,1,7.49222,10,0.814876,0.134028,0.124839,0.613834
1093,0.586381,3.66772,0.713789,1,7.49222,10,0.814876,0.134028,0.124839,0.613834
1093,0.586381,3.66772,0.713789,1,7.49222,10,0.814876,0.134028,0.124839,0.613834
60,0.627498,3.6677,0.540834,1,7.49222,10,0.814876,0.134028,0.124839,0.613834
