id,x,y,z,ablated,v,bulkheadyoungs,nickdepth,nickw,nickc,bbmin
1045,-0.246345,3.42472,0.639566,0,3.49222,46.4,0.702481,0.134028,0.124845,0.50144
59,-0.264452,3.42484,0.499365,0,3.49222,46.4,0.702481,0.134028,0.124845,0.50144
187,-0.207334,3.42464,0.770958,0,3.49222,46.4,0.702481,0.134028,0.124845,0.50144
1045,-0.246345,3.42472,0.639566,0,3.49222,46.4,0.702481,0.134028,0.124845,0.50144
616,-0.145359,3.4245,0.882489,0,3.49222,46.4,0.702481,0.134028,0.124845,0.50144
187,-0.207334,3.42464,0.770958,0,3.49222,46.4,0.702481,0.134028,0.124845,0.50144
16,-0.0672317,3.42432,0.971166,0,3.49222,46.4,0.702481,0.134028,0.124845,0.50144
616,-0.145359,3.4245,0.882489,0,3.49222,46.4,0.702481,0.134028,0.124845,0.50144
16,-0.0672317,3.42432,0.971166,0,3.49222,46.4,0.702481,0.134028,0.124845,0.50144
615,0.0258374,3.42425,1.02228,0,3.49222,46.4,0.702481,0.134028,0.124845,0.50144
615,0.0258374,3.42425,1.02228,0,3.49222,46.4,0.702481,0.134028,0.124845,0.50144
186,0.125006,3.42424,1.03885,0,3.49222,46.4,0.702481,0.134028,0.124845,0.50144
186,0.125006,3.42424,1.03885,0,3.49222,46.4,0.702481,0.134028,0.124845,0.50144
1044,0.22416,3.42425,1.02228,0,3.49222,46.4,0.702481,0.134028,0.124845,0.50144
1044,0.22416,3.42425,1.02228,0,3.49222,46.4,0.702481,0.134028,0.124845,0.50144
38,0.317242,3.42433,0.971173,0,3.49222,46.4,0.702481,0.134028,0.124845,0.50144
38,0.317242,3.42433,0.971173,0,3.49222,46.4,0.702481,0.134028,0.124845,0.50144
664,0.395367,3.42449,0.882511,0,3.49222,46.4,0.702481,0.134028,0.124845,0.50144
664,0.395367,3.42449,0.882511,0,3.49222,46.4,0.702481,0.134028,0.124845,0.50144
235,0.457344,3.42465,0.770987,0,3.49222,46.4,0.702481,0.134028,0.124845,0.50144
235,0.457344,3.42465,0.770987,0,3.49222,46.4,0.702481,0.134028,0.124845,0.50144
1093,0.496335,3.42469,0.639588,0,3.49222,46.4,0.702481,0.134028,0.124845,0.50144
1093,0.496335,3.42469,0.639588,0,3.49222,46.4,0.702481,0.134028,0.124845,0.50144
60,0.514476,3.4248,0.499419,0,3.49222,46.4,0.702481,0.134028,0.124845,0.50144
1045,-0.247896,3.43274,0.639614,1,3.49222,46.4,0.702481,0.134028,0.124845,0.50144
59,-0.267087,3.43312,0.499547,1,3.49222,46.4,0.702481,0.134028,0.124845,0.50144
187,-0.207723,3.43239,0.770503,1,3.49222,46.4,0.702481,0.134028,0.124845,0.50144
1045,-0.247896,3.43274,0.639614,1,3.49222,46.4,0.702481,0.134028,0.124845,0.50144
616,-0.145072,3.43204,0.88129,1,3.49222,46.4,0.702481,0.134028,0.124845,0.50144
187,-0.207723,3.43239,0.770503,1,3.49222,46.4,0.702481,0.134028,0.124845,0.50144
16,-0.0666107,3.43182,0.969263,1,3.49222,46.4,0.702481,0.134028,0.124845,0.50144
616,-0.145072,3.43204,0.88129,1,3.49222,46.4,0.702481,0.134028,0.124845,0.50144
16,-0.0666107,3.43182,0.969263,1,3.49222,46.4,0.702481,0.134028,0.124845,0.50144
615,0.0263219,3.43171,1.01978,1,3.49222,46.4,0.702481,0.134028,0.124845,0.50144
615,0.0263219,3.43171,1.01978,1,3.49222,46.4,0.702481,0.134028,0.124845,0.50144
186,0.125029,3.43184,1.03619,1,3.49222,46.4,0.702481,0.134028,0.124845,0.50144
186,0.125029,3.43184,1.03619,1,3.49222,46.4,0.702481,0.134028,0.124845,0.50144
1044,0.223733,3.43171,1.0198,1,3.49222,46.4,0.702481,0.134028,0.124845,0.50144
1044,0.223733,3.43171,1.0198,1,3.49222,46.4,0.702481,0.134028,0.124845,0.50144
38,0.316634,3.43182,0.969219,1,3.49222,46.4,0.702481,0.134028,0.124845,0.50144
38,0.316634,3.43182,0.969219,1,3.49222,46.4,0.702481,0.134028,0.124845,0.50144
664,0.395087,3.43205,0.881237,1,3.49222,46.4,0.702481,0.134028,0.124845,0.50144
664,0.395087,3.43205,0.881237,1,3.49222,46.4,0.702481,0.134028,0.124845,0.50144
235,0.457733,3.4324,0.770438,1,3.49222,46.4,0.702481,0.134028,0.124845,0.50144
235,0.457733,3.4324,0.770438,1,3.49222,46.4,0.702481,0.134028,0.124845,0.50144
1093,0.497891,3.43273,0.639596,1,3.49222,46.4,0.702481,0.134028,0.124845,0.50144
1093,0.497891,3.43273,0.639596,1,3.49222,46.4,0.702481,0.134028,0.124845,0.50144
60,0.517104,3.43312,0.499544,1,3.49222,46.4,0.702481,0.134028,0.124845,0.50144
1045,-0.248124,3.43438,0.643602,0,3.99222,46.4,0.706566,0.134028,0.124845,0.505525
59,-0.267341,3.43474,0.502218,0,3.99222,46.4,0.706566,0.134028,0.124845,0.505525
187,-0.208341,3.43415,0.77529,0,3.99222,46.4,0.706566,0.134028,0.124845,0.505525
1045,-0.248124,3.43438,0.643602,0,3.99222,46.4,0.706566,0.134028,0.124845,0.505525
616,-0.145715,3.43398,0.88682,0,3.99222,46.4,0.706566,0.134028,0.124845,0.505525
187,-0.208341,3.43415,0.77529,0,3.99222,46.4,0.706566,0.134028,0.124845,0.505525
16,-0.0669692,3.43392,0.975077,0,3.99222,46.4,0.706566,0.134028,0.124845,0.505525
616,-0.145715,3.43398,0.88682,0,3.99222,46.4,0.706566,0.134028,0.124845,0.505525
16,-0.0669692,3.43392,0.975077,0,3.99222,46.4,0.706566,0.134028,0.124845,0.505525
615,0.0261414,3.434,1.02583,0,3.99222,46.4,0.706566,0.134028,0.124845,0.505525
615,0.0261414,3.434,1.02583,0,3.99222,46.4,0.706566,0.134028,0.124845,0.505525
186,0.125006,3.43414,1.04231,0,3.99222,46.4,0.706566,0.134028,0.124845,0.505525
186,0.125006,3.43414,1.04231,0,3.99222,46.4,0.706566,0.134028,0.124845,0.505525
1044,0.223895,3.43397,1.0259,0,3.99222,46.4,0.706566,0.134028,0.124845,0.505525
1044,0.223895,3.43397,1.0259,0,3.99222,46.4,0.706566,0.134028,0.124845,0.505525
38,0.317017,3.43394,0.975069,0,3.99222,46.4,0.706566,0.134028,0.124845,0.505525
38,0.317017,3.43394,0.975069,0,3.99222,46.4,0.706566,0.134028,0.124845,0.505525
664,0.395726,3.43405,0.886768,0,3.99222,46.4,0.706566,0.134028,0.124845,0.505525
664,0.395726,3.43405,0.886768,0,3.99222,46.4,0.706566,0.134028,0.124845,0.505525
235,0.458363,3.43414,0.775273,0,3.99222,46.4,0.706566,0.134028,0.124845,0.505525
235,0.458363,3.43414,0.775273,0,3.99222,46.4,0.706566,0.134028,0.124845,0.505525
1093,0.498123,3.4345,0.643601,0,3.99222,46.4,0.706566,0.134028,0.124845,0.505525
1093,0.498123,3.4345,0.643601,0,3.99222,46.4,0.706566,0.134028,0.124845,0.505525
60,0.517292,3.43471,0.502212,0,3.99222,46.4,0.706566,0.134028,0.124845,0.505525
1045,-0.25142,3.45819,0.652961,1,3.99222,46.4,0.706566,0.134028,0.124845,0.505525
59,-0.271545,3.45862,0.510977,1,3.99222,46.4,0.706566,0.134028,0.124845,0.505525
187,-0.209762,3.45776,0.784089,1,3.99222,46.4,0.706566,0.134028,0.124845,0.505525
1045,-0.25142,3.45819,0.652961,1,3.99222,46.4,0.706566,0.134028,0.124845,0.505525
616,-0.145864,3.45752,0.89445,1,3.99222,46.4,0.706566,0.134028,0.124845,0.505525
187,-0.209762,3.45776,0.784089,1,3.99222,46.4,0.706566,0.134028,0.124845,0.505525
16,-0.066582,3.45739,0.981787,1,3.99222,46.4,0.706566,0.134028,0.124845,0.505525
616,-0.145864,3.45752,0.89445,1,3.99222,46.4,0.706566,0.134028,0.124845,0.505525
16,-0.066582,3.45739,0.981787,1,3.99222,46.4,0.706566,0.134028,0.124845,0.505525
615,0.0266696,3.45714,1.03187,1,3.99222,46.4,0.706566,0.134028,0.124845,0.505525
615,0.0266696,3.45714,1.03187,1,3.99222,46.4,0.706566,0.134028,0.124845,0.505525
186,0.125038,3.45708,1.04801,1,3.99222,46.4,0.706566,0.134028,0.124845,0.505525
186,0.125038,3.45708,1.04801,1,3.99222,46.4,0.706566,0.134028,0.124845,0.505525
1044,0.223383,3.45715,1.03181,1,3.99222,46.4,0.706566,0.134028,0.124845,0.505525
1044,0.223383,3.45715,1.03181,1,3.99222,46.4,0.706566,0.134028,0.124845,0.505525
38,0.316555,3.45744,0.981769,1,3.99222,46.4,0.706566,0.134028,0.124845,0.505525
38,0.316555,3.45744,0.981769,1,3.99222,46.4,0.706566,0.134028,0.124845,0.505525
664,0.395779,3.45752,0.894418,1,3.99222,46.4,0.706566,0.134028,0.124845,0.505525
664,0.395779,3.45752,0.894418,1,3.99222,46.4,0.706566,0.134028,0.124845,0.505525
235,0.459669,3.45775,0.78405,1,3.99222,46.4,0.706566,0.134028,0.124845,0.505525
235,0.459669,3.45775,0.78405,1,3.99222,46.4,0.706566,0.134028,0.124845,0.505525
1093,0.50138,3.4582,0.65294,1,3.99222,46.4,0.706566,0.134028,0.124845,0.505525
1093,0.50138,3.4582,0.65294,1,3.99222,46.4,0.706566,0.134028,0.124845,0.505525
60,0.521575,3.45866,0.511034,1,3.99222,46.4,0.706566,0.134028,0.124845,0.505525
1045,-0.249891,3.46057,0.654428,0,4.49222,46.4,0.720324,0.134028,0.124848,0.519283
59,-0.269182,3.46097,0.51103,0,4.49222,46.4,0.720324,0.134028,0.124848,0.519283
187,-0.209862,3.46031,0.786861,0,4.49222,46.4,0.720324,0.134028,0.124848,0.519283
1045,-0.249891,3.46057,0.654428,0,4.49222,46.4,0.720324,0.134028,0.124848,0.519283
616,-0.146949,3.46018,0.898979,0,4.49222,46.4,0.720324,0.134028,0.124848,0.519283
187,-0.209862,3.46031,0.786861,0,4.49222,46.4,0.720324,0.134028,0.124848,0.519283
16,-0.0675891,3.46029,0.987626,0,4.49222,46.4,0.720324,0.134028,0.124848,0.519283
616,-0.146949,3.46018,0.898979,0,4.49222,46.4,0.720324,0.134028,0.124848,0.519283
16,-0.0675891,3.46029,0.987626,0,4.49222,46.4,0.720324,0.134028,0.124848,0.519283
615,0.0261028,3.46049,1.0383,0,4.49222,46.4,0.720324,0.134028,0.124848,0.519283
615,0.0261028,3.46049,1.0383,0,4.49222,46.4,0.720324,0.134028,0.124848,0.519283
186,0.125006,3.46064,1.05477,0,4.49222,46.4,0.720324,0.134028,0.124848,0.519283
186,0.125006,3.46064,1.05477,0,4.49222,46.4,0.720324,0.134028,0.124848,0.519283
1044,0.223967,3.46051,1.0383,0,4.49222,46.4,0.720324,0.134028,0.124848,0.519283
1044,0.223967,3.46051,1.0383,0,4.49222,46.4,0.720324,0.134028,0.124848,0.519283
38,0.317674,3.46032,0.987603,0,4.49222,46.4,0.720324,0.134028,0.124848,0.519283
38,0.317674,3.46032,0.987603,0,4.49222,46.4,0.720324,0.134028,0.124848,0.519283
664,0.396973,3.46021,0.898945,0,4.49222,46.4,0.720324,0.134028,0.124848,0.519283
664,0.396973,3.46021,0.898945,0,4.49222,46.4,0.720324,0.134028,0.124848,0.519283
235,0.459867,3.46031,0.786832,0,4.49222,46.4,0.720324,0.134028,0.124848,0.519283
235,0.459867,3.46031,0.786832,0,4.49222,46.4,0.720324,0.134028,0.124848,0.519283
1093,0.49988,3.46058,0.654432,0,4.49222,46.4,0.720324,0.134028,0.124848,0.519283
1093,0.49988,3.46058,0.654432,0,4.49222,46.4,0.720324,0.134028,0.124848,0.519283
60,0.519236,3.46095,0.511071,0,4.49222,46.4,0.720324,0.134028,0.124848,0.519283
1045,-0.254906,3.4924,0.662658,1,4.49222,46.4,0.720324,0.134028,0.124848,0.519283
59,-0.275912,3.49321,0.5186,1,4.49222,46.4,0.720324,0.134028,0.124848,0.519283
187,-0.211755,3.49154,0.794318,1,4.49222,46.4,0.720324,0.134028,0.124848,0.519283
1045,-0.254906,3.4924,0.662658,1,4.49222,46.4,0.720324,0.134028,0.124848,0.519283
616,-0.146898,3.49084,0.904721,1,4.49222,46.4,0.720324,0.134028,0.124848,0.519283
187,-0.211755,3.49154,0.794318,1,4.49222,46.4,0.720324,0.134028,0.124848,0.519283
16,-0.0669299,3.49052,0.991869,1,4.49222,46.4,0.720324,0.134028,0.124848,0.519283
616,-0.146898,3.49084,0.904721,1,4.49222,46.4,0.720324,0.134028,0.124848,0.519283
16,-0.0669299,3.49052,0.991869,1,4.49222,46.4,0.720324,0.134028,0.124848,0.519283
615,0.0265532,3.49052,1.04173,1,4.49222,46.4,0.720324,0.134028,0.124848,0.519283
615,0.0265532,3.49052,1.04173,1,4.49222,46.4,0.720324,0.134028,0.124848,0.519283
186,0.125009,3.49046,1.05795,1,4.49222,46.4,0.720324,0.134028,0.124848,0.519283
186,0.125009,3.49046,1.05795,1,4.49222,46.4,0.720324,0.134028,0.124848,0.519283
1044,0.223441,3.49053,1.04172,1,4.49222,46.4,0.720324,0.134028,0.124848,0.519283
1044,0.223441,3.49053,1.04172,1,4.49222,46.4,0.720324,0.134028,0.124848,0.519283
38,0.316915,3.49049,0.991823,1,4.49222,46.4,0.720324,0.134028,0.124848,0.519283
38,0.316915,3.49049,0.991823,1,4.49222,46.4,0.720324,0.134028,0.124848,0.519283
664,0.39691,3.49089,0.904747,1,4.49222,46.4,0.720324,0.134028,0.124848,0.519283
664,0.39691,3.49089,0.904747,1,4.49222,46.4,0.720324,0.134028,0.124848,0.519283
235,0.461811,3.49157,0.794387,1,4.49222,46.4,0.720324,0.134028,0.124848,0.519283
235,0.461811,3.49157,0.794387,1,4.49222,46.4,0.720324,0.134028,0.124848,0.519283
1093,0.504934,3.49247,0.662741,1,4.49222,46.4,0.720324,0.134028,0.124848,0.519283
1093,0.504934,3.49247,0.662741,1,4.49222,46.4,0.720324,0.134028,0.124848,0.519283
60,0.52597,3.49316,0.518697,1,4.49222,46.4,0.720324,0.134028,0.124848,0.519283
1045,-0.25178,3.49617,0.66448,0,4.99222,46.4,0.73423,0.134028,0.124844,0.533188
59,-0.27195,3.49683,0.519253,0,4.99222,46.4,0.73423,0.134028,0.124844,0.533188
187,-0.211495,3.49569,0.797854,0,4.99222,46.4,0.73423,0.134028,0.124844,0.533188
1045,-0.25178,3.49617,0.66448,0,4.99222,46.4,0.73423,0.134028,0.124844,0.533188
616,-0.147964,3.49532,0.910544,0,4.99222,46.4,0.73423,0.134028,0.124844,0.533188
187,-0.211495,3.49569,0.797854,0,4.99222,46.4,0.73423,0.134028,0.124844,0.533188
16,-0.0680485,3.49522,0.999338,0,4.99222,46.4,0.73423,0.134028,0.124844,0.533188
616,-0.147964,3.49532,0.910544,0,4.99222,46.4,0.73423,0.134028,0.124844,0.533188
16,-0.0680485,3.49522,0.999338,0,4.99222,46.4,0.73423,0.134028,0.124844,0.533188
615,0.0260081,3.49536,1.05027,0,4.99222,46.4,0.73423,0.134028,0.124844,0.533188
615,0.0260081,3.49536,1.05027,0,4.99222,46.4,0.73423,0.134028,0.124844,0.533188
186,0.125029,3.49566,1.06689,0,4.99222,46.4,0.73423,0.134028,0.124844,0.533188
186,0.125029,3.49566,1.06689,0,4.99222,46.4,0.73423,0.134028,0.124844,0.533188
1044,0.224074,3.49537,1.05027,0,4.99222,46.4,0.73423,0.134028,0.124844,0.533188
1044,0.224074,3.49537,1.05027,0,4.99222,46.4,0.73423,0.134028,0.124844,0.533188
38,0.318102,3.49523,0.999327,0,4.99222,46.4,0.73423,0.134028,0.124844,0.533188
38,0.318102,3.49523,0.999327,0,4.99222,46.4,0.73423,0.134028,0.124844,0.533188
664,0.397973,3.49537,0.910537,0,4.99222,46.4,0.73423,0.134028,0.124844,0.533188
664,0.397973,3.49537,0.910537,0,4.99222,46.4,0.73423,0.134028,0.124844,0.533188
235,0.461522,3.49575,0.797863,0,4.99222,46.4,0.73423,0.134028,0.124844,0.533188
235,0.461522,3.49575,0.797863,0,4.99222,46.4,0.73423,0.134028,0.124844,0.533188
1093,0.501808,3.49624,0.664523,0,4.99222,46.4,0.73423,0.134028,0.124844,0.533188
1093,0.501808,3.49624,0.664523,0,4.99222,46.4,0.73423,0.134028,0.124844,0.533188
60,0.522006,3.49696,0.519342,0,4.99222,46.4,0.73423,0.134028,0.124844,0.533188
1045,-0.259603,3.52674,0.672782,1,4.99222,46.4,0.73423,0.134028,0.124844,0.533188
59,-0.282889,3.5277,0.526998,1,4.99222,46.4,0.73423,0.134028,0.124844,0.533188
187,-0.214297,3.52582,0.804524,1,4.99222,46.4,0.73423,0.134028,0.124844,0.533188
1045,-0.259603,3.52674,0.672782,1,4.99222,46.4,0.73423,0.134028,0.124844,0.533188
616,-0.147687,3.52503,0.914271,1,4.99222,46.4,0.73423,0.134028,0.124844,0.533188
187,-0.214297,3.52582,0.804524,1,4.99222,46.4,0.73423,0.134028,0.124844,0.533188
16,-0.0668399,3.52443,1.0006,1,4.99222,46.4,0.73423,0.134028,0.124844,0.533188
616,-0.147687,3.52503,0.914271,1,4.99222,46.4,0.73423,0.134028,0.124844,0.533188
16,-0.0668399,3.52443,1.0006,1,4.99222,46.4,0.73423,0.134028,0.124844,0.533188
615,0.0268371,3.52427,1.04997,1,4.99222,46.4,0.73423,0.134028,0.124844,0.533188
615,0.0268371,3.52427,1.04997,1,4.99222,46.4,0.73423,0.134028,0.124844,0.533188
186,0.125008,3.52433,1.06606,1,4.99222,46.4,0.73423,0.134028,0.124844,0.533188
186,0.125008,3.52433,1.06606,1,4.99222,46.4,0.73423,0.134028,0.124844,0.533188
1044,0.223169,3.52427,1.04998,1,4.99222,46.4,0.73423,0.134028,0.124844,0.533188
1044,0.223169,3.52427,1.04998,1,4.99222,46.4,0.73423,0.134028,0.124844,0.533188
38,0.316854,3.52443,1.00053,1,4.99222,46.4,0.73423,0.134028,0.124844,0.533188
38,0.316854,3.52443,1.00053,1,4.99222,46.4,0.73423,0.134028,0.124844,0.533188
664,0.397677,3.52503,0.914239,1,4.99222,46.4,0.73423,0.134028,0.124844,0.533188
664,0.397677,3.52503,0.914239,1,4.99222,46.4,0.73423,0.134028,0.124844,0.533188
235,0.464274,3.52584,0.804506,1,4.99222,46.4,0.73423,0.134028,0.124844,0.533188
235,0.464274,3.52584,0.804506,1,4.99222,46.4,0.73423,0.134028,0.124844,0.533188
1093,0.509579,3.52676,0.67279,1,4.99222,46.4,0.73423,0.134028,0.124844,0.533188
1093,0.509579,3.52676,0.67279,1,4.99222,46.4,0.73423,0.134028,0.124844,0.533188
60,0.532898,3.5277,0.52701,1,4.99222,46.4,0.73423,0.134028,0.124844,0.533188
1045,-0.254063,3.53277,0.674325,0,5.49222,46.4,0.744686,0.134028,0.124842,0.543644
59,-0.274931,3.53364,0.527123,0,5.49222,46.4,0.744686,0.134028,0.124842,0.543644
187,-0.213328,3.53184,0.808546,0,5.49222,46.4,0.744686,0.134028,0.124842,0.543644
1045,-0.254063,3.53277,0.674325,0,5.49222,46.4,0.744686,0.134028,0.124842,0.543644
616,-0.149159,3.531,0.921853,0,5.49222,46.4,0.744686,0.134028,0.124842,0.543644
187,-0.213328,3.53184,0.808546,0,5.49222,46.4,0.744686,0.134028,0.124842,0.543644
16,-0.068503,3.5304,1.01077,0,5.49222,46.4,0.744686,0.134028,0.124842,0.543644
616,-0.149159,3.531,0.921853,0,5.49222,46.4,0.744686,0.134028,0.124842,0.543644
16,-0.068503,3.5304,1.01077,0,5.49222,46.4,0.744686,0.134028,0.124842,0.543644
615,0.0258929,3.53032,1.06166,0,5.49222,46.4,0.744686,0.134028,0.124842,0.543644
615,0.0258929,3.53032,1.06166,0,5.49222,46.4,0.744686,0.134028,0.124842,0.543644
186,0.124999,3.53059,1.07831,0,5.49222,46.4,0.744686,0.134028,0.124842,0.543644
186,0.124999,3.53059,1.07831,0,5.49222,46.4,0.744686,0.134028,0.124842,0.543644
1044,0.224109,3.53035,1.06168,0,5.49222,46.4,0.744686,0.134028,0.124842,0.543644
1044,0.224109,3.53035,1.06168,0,5.49222,46.4,0.744686,0.134028,0.124842,0.543644
38,0.318517,3.5304,1.01079,0,5.49222,46.4,0.744686,0.134028,0.124842,0.543644
38,0.318517,3.5304,1.01079,0,5.49222,46.4,0.744686,0.134028,0.124842,0.543644
664,0.399196,3.531,0.921892,0,5.49222,46.4,0.744686,0.134028,0.124842,0.543644
664,0.399196,3.531,0.921892,0,5.49222,46.4,0.744686,0.134028,0.124842,0.543644
235,0.463344,3.53183,0.808556,0,5.49222,46.4,0.744686,0.134028,0.124842,0.543644
235,0.463344,3.53183,0.808556,0,5.49222,46.4,0.744686,0.134028,0.124842,0.543644
1093,0.50409,3.53269,0.674354,0,5.49222,46.4,0.744686,0.134028,0.124842,0.543644
1093,0.50409,3.53269,0.674354,0,5.49222,46.4,0.744686,0.134028,0.124842,0.543644
60,0.524908,3.53356,0.527129,0,5.49222,46.4,0.744686,0.134028,0.124842,0.543644
1045,-0.263658,3.55756,0.681233,1,5.49222,46.4,0.744686,0.134028,0.124842,0.543644
59,-0.288835,3.55825,0.533624,1,5.49222,46.4,0.744686,0.134028,0.124842,0.543644
187,-0.216457,3.55666,0.813114,1,5.49222,46.4,0.744686,0.134028,0.124842,0.543644
1045,-0.263658,3.55756,0.681233,1,5.49222,46.4,0.744686,0.134028,0.124842,0.543644
616,-0.148696,3.5557,0.922673,1,5.49222,46.4,0.744686,0.134028,0.124842,0.543644
187,-0.216457,3.55666,0.813114,1,5.49222,46.4,0.744686,0.134028,0.124842,0.543644
16,-0.0670036,3.5551,1.00858,1,5.49222,46.4,0.744686,0.134028,0.124842,0.543644
616,-0.148696,3.5557,0.922673,1,5.49222,46.4,0.744686,0.134028,0.124842,0.543644
16,-0.0670036,3.5551,1.00858,1,5.49222,46.4,0.744686,0.134028,0.124842,0.543644
615,0.0269825,3.55473,1.05769,1,5.49222,46.4,0.744686,0.134028,0.124842,0.543644
615,0.0269825,3.55473,1.05769,1,5.49222,46.4,0.744686,0.134028,0.124842,0.543644
186,0.124997,3.55473,1.07376,1,5.49222,46.4,0.744686,0.134028,0.124842,0.543644
186,0.124997,3.55473,1.07376,1,5.49222,46.4,0.744686,0.134028,0.124842,0.543644
1044,0.222991,3.55476,1.05764,1,5.49222,46.4,0.744686,0.134028,0.124842,0.543644
1044,0.222991,3.55476,1.05764,1,5.49222,46.4,0.744686,0.134028,0.124842,0.543644
38,0.317004,3.55514,1.0085,1,5.49222,46.4,0.744686,0.134028,0.124842,0.543644
38,0.317004,3.55514,1.0085,1,5.49222,46.4,0.744686,0.134028,0.124842,0.543644
664,0.398659,3.55578,0.922564,1,5.49222,46.4,0.744686,0.134028,0.124842,0.543644
664,0.398659,3.55578,0.922564,1,5.49222,46.4,0.744686,0.134028,0.124842,0.543644
235,0.466447,3.55665,0.813123,1,5.49222,46.4,0.744686,0.134028,0.124842,0.543644
235,0.466447,3.55665,0.813123,1,5.49222,46.4,0.744686,0.134028,0.124842,0.543644
1093,0.513621,3.55749,0.6813,1,5.49222,46.4,0.744686,0.134028,0.124842,0.543644
1093,0.513621,3.55749,0.6813,1,5.49222,46.4,0.744686,0.134028,0.124842,0.543644
60,0.538952,3.5584,0.533741,1,5.49222,46.4,0.744686,0.134028,0.124842,0.543644
1045,-0.256669,3.56253,0.682772,0,5.99222,46.4,0.755849,0.134028,0.12484,0.554807
59,-0.278279,3.56352,0.533818,0,5.99222,46.4,0.755849,0.134028,0.12484,0.554807
187,-0.215685,3.56189,0.81784,0,5.99222,46.4,0.755849,0.134028,0.12484,0.554807
1045,-0.256669,3.56253,0.682772,0,5.99222,46.4,0.755849,0.134028,0.12484,0.554807
616,-0.150924,3.5613,0.931679,0,5.99222,46.4,0.755849,0.134028,0.12484,0.554807
187,-0.215685,3.56189,0.81784,0,5.99222,46.4,0.755849,0.134028,0.12484,0.554807
16,-0.0692799,3.56096,1.02054,0,5.99222,46.4,0.755849,0.134028,0.12484,0.554807
616,-0.150924,3.5613,0.931679,0,5.99222,46.4,0.755849,0.134028,0.12484,0.554807
16,-0.0692799,3.56096,1.02054,0,5.99222,46.4,0.755849,0.134028,0.12484,0.554807
615,0.0258151,3.56109,1.07108,0,5.99222,46.4,0.755849,0.134028,0.12484,0.554807
615,0.0258151,3.56109,1.07108,0,5.99222,46.4,0.755849,0.134028,0.12484,0.554807
186,0.124995,3.56142,1.08758,0,5.99222,46.4,0.755849,0.134028,0.12484,0.554807
186,0.124995,3.56142,1.08758,0,5.99222,46.4,0.755849,0.134028,0.12484,0.554807
1044,0.224183,3.5611,1.07109,0,5.99222,46.4,0.755849,0.134028,0.12484,0.554807
1044,0.224183,3.5611,1.07109,0,5.99222,46.4,0.755849,0.134028,0.12484,0.554807
38,0.319316,3.56097,1.02058,0,5.99222,46.4,0.755849,0.134028,0.12484,0.554807
38,0.319316,3.56097,1.02058,0,5.99222,46.4,0.755849,0.134028,0.12484,0.554807
664,0.40096,3.56132,0.931686,0,5.99222,46.4,0.755849,0.134028,0.12484,0.554807
664,0.40096,3.56132,0.931686,0,5.99222,46.4,0.755849,0.134028,0.12484,0.554807
235,0.465682,3.56187,0.817836,0,5.99222,46.4,0.755849,0.134028,0.12484,0.554807
235,0.465682,3.56187,0.817836,0,5.99222,46.4,0.755849,0.134028,0.12484,0.554807
1093,0.506721,3.56249,0.682785,0,5.99222,46.4,0.755849,0.134028,0.12484,0.554807
1093,0.506721,3.56249,0.682785,0,5.99222,46.4,0.755849,0.134028,0.12484,0.554807
60,0.528317,3.56361,0.533886,0,5.99222,46.4,0.755849,0.134028,0.12484,0.554807
1045,-0.267083,3.59175,0.689945,1,5.99222,46.4,0.755849,0.134028,0.12484,0.554807
59,-0.293273,3.59278,0.540394,1,5.99222,46.4,0.755849,0.134028,0.12484,0.554807
187,-0.218927,3.59077,0.822736,1,5.99222,46.4,0.755849,0.134028,0.12484,0.554807
1045,-0.267083,3.59175,0.689945,1,5.99222,46.4,0.755849,0.134028,0.12484,0.554807
616,-0.15006,3.58999,0.932591,1,5.99222,46.4,0.755849,0.134028,0.12484,0.554807
187,-0.218927,3.59077,0.822736,1,5.99222,46.4,0.755849,0.134028,0.12484,0.554807
16,-0.0674836,3.58941,1.01841,1,5.99222,46.4,0.755849,0.134028,0.12484,0.554807
616,-0.15006,3.58999,0.932591,1,5.99222,46.4,0.755849,0.134028,0.12484,0.554807
16,-0.0674836,3.58941,1.01841,1,5.99222,46.4,0.755849,0.134028,0.12484,0.554807
615,0.0269484,3.58916,1.06743,1,5.99222,46.4,0.755849,0.134028,0.12484,0.554807
615,0.0269484,3.58916,1.06743,1,5.99222,46.4,0.755849,0.134028,0.12484,0.554807
186,0.125018,3.58913,1.08363,1,5.99222,46.4,0.755849,0.134028,0.12484,0.554807
186,0.125018,3.58913,1.08363,1,5.99222,46.4,0.755849,0.134028,0.12484,0.554807
1044,0.223056,3.58916,1.06738,1,5.99222,46.4,0.755849,0.134028,0.12484,0.554807
1044,0.223056,3.58916,1.06738,1,5.99222,46.4,0.755849,0.134028,0.12484,0.554807
38,0.317479,3.58939,1.01834,1,5.99222,46.4,0.755849,0.134028,0.12484,0.554807
38,0.317479,3.58939,1.01834,1,5.99222,46.4,0.755849,0.134028,0.12484,0.554807
664,0.399984,3.58997,0.932521,1,5.99222,46.4,0.755849,0.134028,0.12484,0.554807
664,0.399984,3.58997,0.932521,1,5.99222,46.4,0.755849,0.134028,0.12484,0.554807
235,0.468839,3.59074,0.822703,1,5.99222,46.4,0.755849,0.134028,0.12484,0.554807
235,0.468839,3.59074,0.822703,1,5.99222,46.4,0.755849,0.134028,0.12484,0.554807
1093,0.517053,3.59175,0.689968,1,5.99222,46.4,0.755849,0.134028,0.12484,0.554807
1093,0.517053,3.59175,0.689968,1,5.99222,46.4,0.755849,0.134028,0.12484,0.554807
60,0.543353,3.59288,0.540493,1,5.99222,46.4,0.755849,0.134028,0.12484,0.554807
1045,-0.259893,3.59779,0.691312,0,6.49222,46.4,0.767454,0.134028,0.124838,0.566412
59,-0.282693,3.59894,0.540633,0,6.49222,46.4,0.767454,0.134028,0.124838,0.566412
187,-0.218074,3.59712,0.827248,0,6.49222,46.4,0.767454,0.134028,0.124838,0.566412
1045,-0.259893,3.59779,0.691312,0,6.49222,46.4,0.767454,0.134028,0.124838,0.566412
616,-0.152223,3.59612,0.94134,0,6.49222,46.4,0.767454,0.134028,0.124838,0.566412
187,-0.218074,3.59712,0.827248,0,6.49222,46.4,0.767454,0.134028,0.124838,0.566412
16,-0.0698731,3.59544,1.03028,0,6.49222,46.4,0.767454,0.134028,0.124838,0.566412
616,-0.152223,3.59612,0.94134,0,6.49222,46.4,0.767454,0.134028,0.124838,0.566412
16,-0.0698731,3.59544,1.03028,0,6.49222,46.4,0.767454,0.134028,0.124838,0.566412
615,0.0255953,3.59518,1.08108,0,6.49222,46.4,0.767454,0.134028,0.124838,0.566412
615,0.0255953,3.59518,1.08108,0,6.49222,46.4,0.767454,0.134028,0.124838,0.566412
186,0.124972,3.59516,1.09802,0,6.49222,46.4,0.767454,0.134028,0.124838,0.566412
186,0.124972,3.59516,1.09802,0,6.49222,46.4,0.767454,0.134028,0.124838,0.566412
1044,0.224353,3.59514,1.08114,0,6.49222,46.4,0.767454,0.134028,0.124838,0.566412
1044,0.224353,3.59514,1.08114,0,6.49222,46.4,0.767454,0.134028,0.124838,0.566412
38,0.319823,3.59544,1.03032,0,6.49222,46.4,0.767454,0.134028,0.124838,0.566412
38,0.319823,3.59544,1.03032,0,6.49222,46.4,0.767454,0.134028,0.124838,0.566412
664,0.402195,3.59619,0.941361,0,6.49222,46.4,0.767454,0.134028,0.124838,0.566412
664,0.402195,3.59619,0.941361,0,6.49222,46.4,0.767454,0.134028,0.124838,0.566412
235,0.468065,3.59714,0.827314,0,6.49222,46.4,0.767454,0.134028,0.124838,0.566412
235,0.468065,3.59714,0.827314,0,6.49222,46.4,0.767454,0.134028,0.124838,0.566412
1093,0.509928,3.59787,0.691358,0,6.49222,46.4,0.767454,0.134028,0.124838,0.566412
1093,0.509928,3.59787,0.691358,0,6.49222,46.4,0.767454,0.134028,0.124838,0.566412
60,0.532787,3.5988,0.540693,0,6.49222,46.4,0.767454,0.134028,0.124838,0.566412
1045,-0.271154,3.6236,0.697905,1,6.49222,46.4,0.767454,0.134028,0.124838,0.566412
59,-0.299066,3.62445,0.546559,1,6.49222,46.4,0.767454,0.134028,0.124838,0.566412
187,-0.221349,3.6226,0.831042,1,6.49222,46.4,0.767454,0.134028,0.124838,0.566412
1045,-0.271154,3.6236,0.697905,1,6.49222,46.4,0.767454,0.134028,0.124838,0.566412
616,-0.151222,3.62191,0.940832,1,6.49222,46.4,0.767454,0.134028,0.124838,0.566412
187,-0.221349,3.6226,0.831042,1,6.49222,46.4,0.767454,0.134028,0.124838,0.566412
16,-0.0677917,3.6212,1.02629,1,6.49222,46.4,0.767454,0.134028,0.124838,0.566412
616,-0.151222,3.62191,0.940832,1,6.49222,46.4,0.767454,0.134028,0.124838,0.566412
16,-0.0677917,3.6212,1.02629,1,6.49222,46.4,0.767454,0.134028,0.124838,0.566412
615,0.0269842,3.62084,1.07509,1,6.49222,46.4,0.767454,0.134028,0.124838,0.566412
615,0.0269842,3.62084,1.07509,1,6.49222,46.4,0.767454,0.134028,0.124838,0.566412
186,0.124973,3.62076,1.09136,1,6.49222,46.4,0.767454,0.134028,0.124838,0.566412
186,0.124973,3.62076,1.09136,1,6.49222,46.4,0.767454,0.134028,0.124838,0.566412
1044,0.222981,3.62081,1.0751,1,6.49222,46.4,0.767454,0.134028,0.124838,0.566412
1044,0.222981,3.62081,1.0751,1,6.49222,46.4,0.767454,0.134028,0.124838,0.566412
38,0.317799,3.62117,1.02626,1,6.49222,46.4,0.767454,0.134028,0.124838,0.566412
38,0.317799,3.62117,1.02626,1,6.49222,46.4,0.767454,0.134028,0.124838,0.566412
664,0.401206,3.62192,0.940781,1,6.49222,46.4,0.767454,0.134028,0.124838,0.566412
664,0.401206,3.62192,0.940781,1,6.49222,46.4,0.767454,0.134028,0.124838,0.566412
235,0.471316,3.62267,0.831024,1,6.49222,46.4,0.767454,0.134028,0.124838,0.566412
235,0.471316,3.62267,0.831024,1,6.49222,46.4,0.767454,0.134028,0.124838,0.566412
1093,0.521116,3.6236,0.69792,1,6.49222,46.4,0.767454,0.134028,0.124838,0.566412
1093,0.521116,3.6236,0.69792,1,6.49222,46.4,0.767454,0.134028,0.124838,0.566412
60,0.5491,3.62443,0.546616,1,6.49222,46.4,0.767454,0.134028,0.124838,0.566412
1045,-0.262631,3.62741,0.698495,0,6.99222,46.4,0.777358,0.134028,0.12484,0.576316
59,-0.286177,3.62859,0.546362,0,6.99222,46.4,0.777358,0.134028,0.12484,0.576316
187,-0.220544,3.62678,0.835264,0,6.99222,46.4,0.777358,0.134028,0.12484,0.576316
1045,-0.262631,3.62741,0.698495,0,6.99222,46.4,0.777358,0.134028,0.12484,0.576316
616,-0.153842,3.62599,0.949993,0,6.99222,46.4,0.777358,0.134028,0.12484,0.576316
187,-0.220544,3.62678,0.835264,0,6.99222,46.4,0.777358,0.134028,0.12484,0.576316
16,-0.0704689,3.62527,1.03891,0,6.99222,46.4,0.777358,0.134028,0.12484,0.576316
616,-0.153842,3.62599,0.949993,0,6.99222,46.4,0.777358,0.134028,0.12484,0.576316
16,-0.0704689,3.62527,1.03891,0,6.99222,46.4,0.777358,0.134028,0.12484,0.576316
615,0.0256379,3.6253,1.08947,0,6.99222,46.4,0.777358,0.134028,0.12484,0.576316
615,0.0256379,3.6253,1.08947,0,6.99222,46.4,0.777358,0.134028,0.12484,0.576316
186,0.125034,3.62573,1.10644,0,6.99222,46.4,0.777358,0.134028,0.12484,0.576316
186,0.125034,3.62573,1.10644,0,6.99222,46.4,0.777358,0.134028,0.12484,0.576316
1044,0.224447,3.62528,1.08947,0,6.99222,46.4,0.777358,0.134028,0.12484,0.576316
1044,0.224447,3.62528,1.08947,0,6.99222,46.4,0.777358,0.134028,0.12484,0.576316
38,0.320509,3.62529,1.03891,0,6.99222,46.4,0.777358,0.134028,0.12484,0.576316
38,0.320509,3.62529,1.03891,0,6.99222,46.4,0.777358,0.134028,0.12484,0.576316
664,0.403814,3.62606,0.950053,0,6.99222,46.4,0.777358,0.134028,0.12484,0.576316
664,0.403814,3.62606,0.950053,0,6.99222,46.4,0.777358,0.134028,0.12484,0.576316
235,0.470527,3.62684,0.835325,0,6.99222,46.4,0.777358,0.134028,0.12484,0.576316
235,0.470527,3.62684,0.835325,0,6.99222,46.4,0.777358,0.134028,0.12484,0.576316
1093,0.512629,3.62742,0.698537,0,6.99222,46.4,0.777358,0.134028,0.12484,0.576316
1093,0.512629,3.62742,0.698537,0,6.99222,46.4,0.777358,0.134028,0.12484,0.576316
60,0.53628,3.62858,0.546503,0,6.99222,46.4,0.777358,0.134028,0.12484,0.576316
1045,-0.27476,3.6524,0.705398,1,6.99222,46.4,0.777358,0.134028,0.12484,0.576316
59,-0.304059,3.65307,0.552242,1,6.99222,46.4,0.777358,0.134028,0.12484,0.576316
187,-0.223779,3.65164,0.839271,1,6.99222,46.4,0.777358,0.134028,0.12484,0.576316
1045,-0.27476,3.6524,0.705398,1,6.99222,46.4,0.777358,0.134028,0.12484,0.576316
616,-0.152632,3.65099,0.949276,1,6.99222,46.4,0.777358,0.134028,0.12484,0.576316
187,-0.223779,3.65164,0.839271,1,6.99222,46.4,0.777358,0.134028,0.12484,0.576316
16,-0.0683702,3.65046,1.03473,1,6.99222,46.4,0.777358,0.134028,0.12484,0.576316
616,-0.152632,3.65099,0.949276,1,6.99222,46.4,0.777358,0.134028,0.12484,0.576316
16,-0.0683702,3.65046,1.03473,1,6.99222,46.4,0.777358,0.134028,0.12484,0.576316
615,0.0269414,3.65022,1.08347,1,6.99222,46.4,0.777358,0.134028,0.12484,0.576316
615,0.0269414,3.65022,1.08347,1,6.99222,46.4,0.777358,0.134028,0.12484,0.576316
186,0.125011,3.65012,1.09989,1,6.99222,46.4,0.777358,0.134028,0.12484,0.576316
186,0.125011,3.65012,1.09989,1,6.99222,46.4,0.777358,0.134028,0.12484,0.576316
1044,0.223076,3.6502,1.08342,1,6.99222,46.4,0.777358,0.134028,0.12484,0.576316
1044,0.223076,3.6502,1.08342,1,6.99222,46.4,0.777358,0.134028,0.12484,0.576316
38,0.318353,3.65045,1.03465,1,6.99222,46.4,0.777358,0.134028,0.12484,0.576316
38,0.318353,3.65045,1.03465,1,6.99222,46.4,0.777358,0.134028,0.12484,0.576316
664,0.402609,3.65096,0.949184,1,6.99222,46.4,0.777358,0.134028,0.12484,0.576316
664,0.402609,3.65096,0.949184,1,6.99222,46.4,0.777358,0.134028,0.12484,0.576316
235,0.473757,3.65169,0.839215,1,6.99222,46.4,0.777358,0.134028,0.12484,0.576316
235,0.473757,3.65169,0.839215,1,6.99222,46.4,0.777358,0.134028,0.12484,0.576316
1093,0.524753,3.6524,0.705408,1,6.99222,46.4,0.777358,0.134028,0.12484,0.576316
1093,0.524753,3.6524,0.705408,1,6.99222,46.4,0.777358,0.134028,0.12484,0.576316
60,0.554166,3.65309,0.552311,1,6.99222,46.4,0.777358,0.134028,0.12484,0.576316
1045,-0.265711,3.65664,0.705989,0,7.49222,46.4,0.788099,0.134028,0.124831,0.587058
59,-0.289988,3.65762,0.551985,0,7.49222,46.4,0.788099,0.134028,0.124831,0.587058
187,-0.223068,3.65612,0.843754,0,7.49222,46.4,0.788099,0.134028,0.124831,0.587058
1045,-0.265711,3.65664,0.705989,0,7.49222,46.4,0.788099,0.134028,0.124831,0.587058
616,-0.155533,3.65565,0.958903,0,7.49222,46.4,0.788099,0.134028,0.124831,0.587058
187,-0.223068,3.65612,0.843754,0,7.49222,46.4,0.788099,0.134028,0.124831,0.587058
16,-0.0712899,3.6553,1.04793,0,7.49222,46.4,0.788099,0.134028,0.124831,0.587058
616,-0.155533,3.65565,0.958903,0,7.49222,46.4,0.788099,0.134028,0.124831,0.587058
16,-0.0712899,3.6553,1.04793,0,7.49222,46.4,0.788099,0.134028,0.124831,0.587058
615,0.0255142,3.65545,1.0982,0,7.49222,46.4,0.788099,0.134028,0.124831,0.587058
615,0.0255142,3.65545,1.0982,0,7.49222,46.4,0.788099,0.134028,0.124831,0.587058
186,0.125024,3.65574,1.11513,0,7.49222,46.4,0.788099,0.134028,0.124831,0.587058
186,0.125024,3.65574,1.11513,0,7.49222,46.4,0.788099,0.134028,0.124831,0.587058
1044,0.224508,3.65546,1.09824,0,7.49222,46.4,0.788099,0.134028,0.124831,0.587058
1044,0.224508,3.65546,1.09824,0,7.49222,46.4,0.788099,0.134028,0.124831,0.587058
38,0.321278,3.65531,1.04788,0,7.49222,46.4,0.788099,0.134028,0.124831,0.587058
38,0.321278,3.65531,1.04788,0,7.49222,46.4,0.788099,0.134028,0.124831,0.587058
664,0.405524,3.65569,0.95889,0,7.49222,46.4,0.788099,0.134028,0.124831,0.587058
664,0.405524,3.65569,0.95889,0,7.49222,46.4,0.788099,0.134028,0.124831,0.587058
235,0.473055,3.65615,0.843765,0,7.49222,46.4,0.788099,0.134028,0.124831,0.587058
235,0.473055,3.65615,0.843765,0,7.49222,46.4,0.788099,0.134028,0.124831,0.587058
1093,0.515708,3.65664,0.706043,0,7.49222,46.4,0.788099,0.134028,0.124831,0.587058
1093,0.515708,3.65664,0.706043,0,7.49222,46.4,0.788099,0.134028,0.124831,0.587058
60,0.53999,3.65766,0.552082,0,7.49222,46.4,0.788099,0.134028,0.124831,0.587058
1045,-0.278362,3.67861,0.712872,1,7.49222,46.4,0.788099,0.134028,0.124831,0.587058
59,-0.308929,3.67938,0.557933,1,7.49222,46.4,0.788099,0.134028,0.124831,0.587058
187,-0.226345,3.67809,0.847547,1,7.49222,46.4,0.788099,0.134028,0.124831,0.587058
1045,-0.278362,3.67861,0.712872,1,7.49222,46.4,0.788099,0.134028,0.124831,0.587058
616,-0.154102,3.67763,0.957912,1,7.49222,46.4,0.788099,0.134028,0.124831,0.587058
187,-0.226345,3.67809,0.847547,1,7.49222,46.4,0.788099,0.134028,0.124831,0.587058
16,-0.0689574,3.67713,1.04335,1,7.49222,46.4,0.788099,0.134028,0.124831,0.587058
616,-0.154102,3.67763,0.957912,1,7.49222,46.4,0.788099,0.134028,0.124831,0.587058
16,-0.0689574,3.67713,1.04335,1,7.49222,46.4,0.788099,0.134028,0.124831,0.587058
615,0.0267879,3.67689,1.09211,1,7.49222,46.4,0.788099,0.134028,0.124831,0.587058
615,0.0267879,3.67689,1.09211,1,7.49222,46.4,0.788099,0.134028,0.124831,0.587058
186,0.125029,3.67685,1.10878,1,7.49222,46.4,0.788099,0.134028,0.124831,0.587058
186,0.125029,3.67685,1.10878,1,7.49222,46.4,0.788099,0.134028,0.124831,0.587058
1044,0.22326,3.6769,1.09205,1,7.49222,46.4,0.788099,0.134028,0.124831,0.587058
1044,0.22326,3.6769,1.09205,1,7.49222,46.4,0.788099,0.134028,0.124831,0.587058
38,0.318979,3.67712,1.04325,1,7.49222,46.4,0.788099,0.134028,0.124831,0.587058
38,0.318979,3.67712,1.04325,1,7.49222,46.4,0.788099,0.134028,0.124831,0.587058
664,0.40409,3.67764,0.957799,1,7.49222,46.4,0.788099,0.134028,0.124831,0.587058
664,0.40409,3.67764,0.957799,1,7.49222,46.4,0.788099,0.134028,0.124831,0.587058
235,0.476311,3.67813,0.847518,1,7.49222,46.4,0.788099,0.134028,0.124831,0.587058
235,0.476311,3.67813,0.847518,1,7.49222,46.4,0.788099,0.134028,0.124831,0.587058
1093,0.52837,3.67865,0.712873,1,7.49222,46.4,0.788099,0.134028,0.124831,0.587058
1093,0.52837,3.67865,0.712873,1,7.49222,46.4,0.788099,0.134028,0.124831,0.587058
60,0.558999,3.67943,0.557975,1,7.49222,46.4,0.788099,0.134028,0.124831,0.587058
