id,x,y,z,ablated,v,bulkheadyoungs,nickdepth,nickw,nickc,bbmin
1045,-0.245686,3.42408,0.639402,0,3.49222,100,0.702031,0.134028,0.124845,0.500989
59,-0.26362,3.4241,0.499756,0,3.49222,100,0.702031,0.134028,0.124845,0.500989
187,-0.206992,3.42399,0.770656,0,3.49222,100,0.702031,0.134028,0.124845,0.500989
1045,-0.245686,3.42408,0.639402,0,3.49222,100,0.702031,0.134028,0.124845,0.500989
616,-0.145226,3.42379,0.882191,0,3.49222,100,0.702031,0.134028,0.124845,0.500989
187,-0.206992,3.42399,0.770656,0,3.49222,100,0.702031,0.134028,0.124845,0.500989
16,-0.0672333,3.42363,0.970908,0,3.49222,100,0.702031,0.134028,0.124845,0.500989
616,-0.145226,3.42379,0.882191,0,3.49222,100,0.702031,0.134028,0.124845,0.500989
16,-0.0672333,3.42363,0.970908,0,3.49222,100,0.702031,0.134028,0.124845,0.500989
615,0.0258804,3.4234,1.02207,0,3.49222,100,0.702031,0.134028,0.124845,0.500989
615,0.0258804,3.4234,1.02207,0,3.49222,100,0.702031,0.134028,0.124845,0.500989
186,0.125003,3.42338,1.03862,0,3.49222,100,0.702031,0.134028,0.124845,0.500989
186,0.125003,3.42338,1.03862,0,3.49222,100,0.702031,0.134028,0.124845,0.500989
1044,0.224137,3.42342,1.02206,0,3.49222,100,0.702031,0.134028,0.124845,0.500989
1044,0.224137,3.42342,1.02206,0,3.49222,100,0.702031,0.134028,0.124845,0.500989
38,0.317248,3.42352,0.97092,0,3.49222,100,0.702031,0.134028,0.124845,0.500989
38,0.317248,3.42352,0.97092,0,3.49222,100,0.702031,0.134028,0.124845,0.500989
664,0.395229,3.42374,0.882201,0,3.49222,100,0.702031,0.134028,0.124845,0.500989
664,0.395229,3.42374,0.882201,0,3.49222,100,0.702031,0.134028,0.124845,0.500989
235,0.456986,3.42392,0.770676,0,3.49222,100,0.702031,0.134028,0.124845,0.500989
235,0.456986,3.42392,0.770676,0,3.49222,100,0.702031,0.134028,0.124845,0.500989
1093,0.495694,3.42401,0.639423,0,3.49222,100,0.702031,0.134028,0.124845,0.500989
1093,0.495694,3.42401,0.639423,0,3.49222,100,0.702031,0.134028,0.124845,0.500989
60,0.513614,3.42399,0.499771,0,3.49222,100,0.702031,0.134028,0.124845,0.500989
1045,-0.246556,3.42811,0.639911,1,3.49222,100,0.702031,0.134028,0.124845,0.500989
59,-0.265121,3.42856,0.500238,1,3.49222,100,0.702031,0.134028,0.124845,0.500989
187,-0.207141,3.42782,0.770941,1,3.49222,100,0.702031,0.134028,0.124845,0.500989
1045,-0.246556,3.42811,0.639911,1,3.49222,100,0.702031,0.134028,0.124845,0.500989
616,-0.145019,3.42761,0.882077,1,3.49222,100,0.702031,0.134028,0.124845,0.500989
187,-0.207141,3.42782,0.770941,1,3.49222,100,0.702031,0.134028,0.124845,0.500989
16,-0.0669168,3.42738,0.970472,1,3.49222,100,0.702031,0.134028,0.124845,0.500989
616,-0.145019,3.42761,0.882077,1,3.49222,100,0.702031,0.134028,0.124845,0.500989
16,-0.0669168,3.42738,0.970472,1,3.49222,100,0.702031,0.134028,0.124845,0.500989
615,0.0260453,3.42721,1.02132,1,3.49222,100,0.702031,0.134028,0.124845,0.500989
615,0.0260453,3.42721,1.02132,1,3.49222,100,0.702031,0.134028,0.124845,0.500989
186,0.125037,3.42722,1.03782,1,3.49222,100,0.702031,0.134028,0.124845,0.500989
186,0.125037,3.42722,1.03782,1,3.49222,100,0.702031,0.134028,0.124845,0.500989
1044,0.223991,3.42726,1.02131,1,3.49222,100,0.702031,0.134028,0.124845,0.500989
1044,0.223991,3.42726,1.02131,1,3.49222,100,0.702031,0.134028,0.124845,0.500989
38,0.316962,3.42737,0.970428,1,3.49222,100,0.702031,0.134028,0.124845,0.500989
38,0.316962,3.42737,0.970428,1,3.49222,100,0.702031,0.134028,0.124845,0.500989
664,0.395038,3.42761,0.882048,1,3.49222,100,0.702031,0.134028,0.124845,0.500989
664,0.395038,3.42761,0.882048,1,3.49222,100,0.702031,0.134028,0.124845,0.500989
235,0.457158,3.42778,0.770956,1,3.49222,100,0.702031,0.134028,0.124845,0.500989
235,0.457158,3.42778,0.770956,1,3.49222,100,0.702031,0.134028,0.124845,0.500989
1093,0.496574,3.42806,0.639945,1,3.49222,100,0.702031,0.134028,0.124845,0.500989
1093,0.496574,3.42806,0.639945,1,3.49222,100,0.702031,0.134028,0.124845,0.500989
60,0.515141,3.42857,0.500266,1,3.49222,100,0.702031,0.134028,0.124845,0.500989
1045,-0.246736,3.42781,0.641655,0,3.99222,100,0.703857,0.134028,0.124844,0.502815
59,-0.265736,3.42808,0.501528,0,3.99222,100,0.703857,0.134028,0.124844,0.502815
187,-0.207488,3.42769,0.772841,0,3.99222,100,0.703857,0.134028,0.124844,0.502815
1045,-0.246736,3.42781,0.641655,0,3.99222,100,0.703857,0.134028,0.124844,0.502815
616,-0.145303,3.42759,0.884242,0,3.99222,100,0.703857,0.134028,0.124844,0.502815
187,-0.207488,3.42769,0.772841,0,3.99222,100,0.703857,0.134028,0.124844,0.502815
16,-0.067014,3.42746,0.972723,0,3.99222,100,0.703857,0.134028,0.124844,0.502815
616,-0.145303,3.42759,0.884242,0,3.99222,100,0.703857,0.134028,0.124844,0.502815
16,-0.067014,3.42746,0.972723,0,3.99222,100,0.703857,0.134028,0.124844,0.502815
615,0.02607,3.42743,1.02373,0,3.99222,100,0.703857,0.134028,0.124844,0.502815
615,0.02607,3.42743,1.02373,0,3.99222,100,0.703857,0.134028,0.124844,0.502815
186,0.12503,3.42747,1.04014,0,3.99222,100,0.703857,0.134028,0.124844,0.502815
186,0.12503,3.42747,1.04014,0,3.99222,100,0.703857,0.134028,0.124844,0.502815
1044,0.223975,3.42742,1.02372,0,3.99222,100,0.703857,0.134028,0.124844,0.502815
1044,0.223975,3.42742,1.02372,0,3.99222,100,0.703857,0.134028,0.124844,0.502815
38,0.317045,3.42746,0.972741,0,3.99222,100,0.703857,0.134028,0.124844,0.502815
38,0.317045,3.42746,0.972741,0,3.99222,100,0.703857,0.134028,0.124844,0.502815
664,0.395333,3.42755,0.884261,0,3.99222,100,0.703857,0.134028,0.124844,0.502815
664,0.395333,3.42755,0.884261,0,3.99222,100,0.703857,0.134028,0.124844,0.502815
235,0.457481,3.42761,0.772838,0,3.99222,100,0.703857,0.134028,0.124844,0.502815
235,0.457481,3.42761,0.772838,0,3.99222,100,0.703857,0.134028,0.124844,0.502815
1093,0.496691,3.42793,0.641631,0,3.99222,100,0.703857,0.134028,0.124844,0.502815
1093,0.496691,3.42793,0.641631,0,3.99222,100,0.703857,0.134028,0.124844,0.502815
60,0.515802,3.42794,0.501633,0,3.99222,100,0.703857,0.134028,0.124844,0.502815
1045,-0.246255,3.44435,0.650317,1,3.99222,100,0.703857,0.134028,0.124844,0.502815
59,-0.263654,3.44433,0.509102,1,3.99222,100,0.703857,0.134028,0.124844,0.502815
187,-0.207152,3.44396,0.782199,1,3.99222,100,0.703857,0.134028,0.124844,0.502815
1045,-0.246255,3.44435,0.650317,1,3.99222,100,0.703857,0.134028,0.124844,0.502815
616,-0.144844,3.44415,0.893619,1,3.99222,100,0.703857,0.134028,0.124844,0.502815
187,-0.207152,3.44396,0.782199,1,3.99222,100,0.703857,0.134028,0.124844,0.502815
16,-0.0666645,3.44506,0.982158,1,3.99222,100,0.703857,0.134028,0.124844,0.502815
616,-0.144844,3.44415,0.893619,1,3.99222,100,0.703857,0.134028,0.124844,0.502815
16,-0.0666645,3.44506,0.982158,1,3.99222,100,0.703857,0.134028,0.124844,0.502815
615,0.0263337,3.44511,1.03304,1,3.99222,100,0.703857,0.134028,0.124844,0.502815
615,0.0263337,3.44511,1.03304,1,3.99222,100,0.703857,0.134028,0.124844,0.502815
186,0.125112,3.44533,1.04947,1,3.99222,100,0.703857,0.134028,0.124844,0.502815
186,0.125112,3.44533,1.04947,1,3.99222,100,0.703857,0.134028,0.124844,0.502815
1044,0.223705,3.44483,1.033,1,3.99222,100,0.703857,0.134028,0.124844,0.502815
1044,0.223705,3.44483,1.033,1,3.99222,100,0.703857,0.134028,0.124844,0.502815
38,0.316639,3.44468,0.98229,1,3.99222,100,0.703857,0.134028,0.124844,0.502815
38,0.316639,3.44468,0.98229,1,3.99222,100,0.703857,0.134028,0.124844,0.502815
664,0.394827,3.44427,0.89363,1,3.99222,100,0.703857,0.134028,0.124844,0.502815
664,0.394827,3.44427,0.89363,1,3.99222,100,0.703857,0.134028,0.124844,0.502815
235,0.457068,3.44411,0.782121,1,3.99222,100,0.703857,0.134028,0.124844,0.502815
235,0.457068,3.44411,0.782121,1,3.99222,100,0.703857,0.134028,0.124844,0.502815
1093,0.496224,3.44407,0.650329,1,3.99222,100,0.703857,0.134028,0.124844,0.502815
1093,0.496224,3.44407,0.650329,1,3.99222,100,0.703857,0.134028,0.124844,0.502815
60,0.513623,3.44386,0.509213,1,3.99222,100,0.703857,0.134028,0.124844,0.502815
1045,-0.24737,3.44513,0.651562,0,4.49222,100,0.714889,0.134028,0.124844,0.513848
59,-0.266343,3.44548,0.510271,0,4.49222,100,0.714889,0.134028,0.124844,0.513848
187,-0.207948,3.4452,0.78331,0,4.49222,100,0.714889,0.134028,0.124844,0.513848
1045,-0.24737,3.44513,0.651562,0,4.49222,100,0.714889,0.134028,0.124844,0.513848
616,-0.145553,3.44523,0.894939,0,4.49222,100,0.714889,0.134028,0.124844,0.513848
187,-0.207948,3.4452,0.78331,0,4.49222,100,0.714889,0.134028,0.124844,0.513848
16,-0.0670868,3.44562,0.98345,0,4.49222,100,0.714889,0.134028,0.124844,0.513848
616,-0.145553,3.44523,0.894939,0,4.49222,100,0.714889,0.134028,0.124844,0.513848
16,-0.0670868,3.44562,0.98345,0,4.49222,100,0.714889,0.134028,0.124844,0.513848
615,0.0261776,3.44594,1.03424,0,4.49222,100,0.714889,0.134028,0.124844,0.513848
615,0.0261776,3.44594,1.03424,0,4.49222,100,0.714889,0.134028,0.124844,0.513848
186,0.124989,3.44613,1.05062,0,4.49222,100,0.714889,0.134028,0.124844,0.513848
186,0.124989,3.44613,1.05062,0,4.49222,100,0.714889,0.134028,0.124844,0.513848
1044,0.223873,3.44591,1.03419,0,4.49222,100,0.714889,0.134028,0.124844,0.513848
1044,0.223873,3.44591,1.03419,0,4.49222,100,0.714889,0.134028,0.124844,0.513848
38,0.317091,3.44562,0.983445,0,4.49222,100,0.714889,0.134028,0.124844,0.513848
38,0.317091,3.44562,0.983445,0,4.49222,100,0.714889,0.134028,0.124844,0.513848
664,0.395589,3.44522,0.894873,0,4.49222,100,0.714889,0.134028,0.124844,0.513848
664,0.395589,3.44522,0.894873,0,4.49222,100,0.714889,0.134028,0.124844,0.513848
235,0.457946,3.44509,0.783258,0,4.49222,100,0.714889,0.134028,0.124844,0.513848
235,0.457946,3.44509,0.783258,0,4.49222,100,0.714889,0.134028,0.124844,0.513848
1093,0.497421,3.44515,0.651562,0,4.49222,100,0.714889,0.134028,0.124844,0.513848
1093,0.497421,3.44515,0.651562,0,4.49222,100,0.714889,0.134028,0.124844,0.513848
60,0.516305,3.44537,0.51024,0,4.49222,100,0.714889,0.134028,0.124844,0.513848
1045,-0.249403,3.48815,0.663892,1,4.49222,100,0.714889,0.134028,0.124844,0.513848
59,-0.268415,3.48893,0.52169,1,4.49222,100,0.714889,0.134028,0.124844,0.513848
187,-0.208347,3.48708,0.795351,1,4.49222,100,0.714889,0.134028,0.124844,0.513848
1045,-0.249403,3.48815,0.663892,1,4.49222,100,0.714889,0.134028,0.124844,0.513848
616,-0.145207,3.48675,0.906076,1,4.49222,100,0.714889,0.134028,0.124844,0.513848
187,-0.208347,3.48708,0.795351,1,4.49222,100,0.714889,0.134028,0.124844,0.513848
16,-0.0665963,3.48742,0.993894,1,4.49222,100,0.714889,0.134028,0.124844,0.513848
616,-0.145207,3.48675,0.906076,1,4.49222,100,0.714889,0.134028,0.124844,0.513848
16,-0.0665963,3.48742,0.993894,1,4.49222,100,0.714889,0.134028,0.124844,0.513848
615,0.0266223,3.48752,1.04436,1,4.49222,100,0.714889,0.134028,0.124844,0.513848
615,0.0266223,3.48752,1.04436,1,4.49222,100,0.714889,0.134028,0.124844,0.513848
186,0.124985,3.48736,1.06067,1,4.49222,100,0.714889,0.134028,0.124844,0.513848
186,0.124985,3.48736,1.06067,1,4.49222,100,0.714889,0.134028,0.124844,0.513848
1044,0.223459,3.48715,1.04427,1,4.49222,100,0.714889,0.134028,0.124844,0.513848
1044,0.223459,3.48715,1.04427,1,4.49222,100,0.714889,0.134028,0.124844,0.513848
38,0.316316,3.48749,0.993723,1,4.49222,100,0.714889,0.134028,0.124844,0.513848
38,0.316316,3.48749,0.993723,1,4.49222,100,0.714889,0.134028,0.124844,0.513848
664,0.395025,3.48688,0.906005,1,4.49222,100,0.714889,0.134028,0.124844,0.513848
664,0.395025,3.48688,0.906005,1,4.49222,100,0.714889,0.134028,0.124844,0.513848
235,0.458278,3.48732,0.795359,1,4.49222,100,0.714889,0.134028,0.124844,0.513848
235,0.458278,3.48732,0.795359,1,4.49222,100,0.714889,0.134028,0.124844,0.513848
1093,0.499236,3.48813,0.66392,1,4.49222,100,0.714889,0.134028,0.124844,0.513848
1093,0.499236,3.48813,0.66392,1,4.49222,100,0.714889,0.134028,0.124844,0.513848
60,0.518216,3.48917,0.521633,1,4.49222,100,0.714889,0.134028,0.124844,0.513848
1045,-0.248263,3.48703,0.662052,0,4.99222,100,0.72757,0.134028,0.124851,0.526528
59,-0.267246,3.48735,0.519691,0,4.99222,100,0.72757,0.134028,0.124851,0.526528
187,-0.208778,3.48681,0.794245,0,4.99222,100,0.72757,0.134028,0.124851,0.526528
1045,-0.248263,3.48703,0.662052,0,4.99222,100,0.72757,0.134028,0.124851,0.526528
616,-0.14619,3.4869,0.906295,0,4.99222,100,0.72757,0.134028,0.124851,0.526528
187,-0.208778,3.48681,0.794245,0,4.99222,100,0.72757,0.134028,0.124851,0.526528
16,-0.0673992,3.48735,0.994895,0,4.99222,100,0.72757,0.134028,0.124851,0.526528
616,-0.14619,3.4869,0.906295,0,4.99222,100,0.72757,0.134028,0.124851,0.526528
16,-0.0673992,3.48735,0.994895,0,4.99222,100,0.72757,0.134028,0.124851,0.526528
615,0.0260355,3.48778,1.04579,0,4.99222,100,0.72757,0.134028,0.124851,0.526528
615,0.0260355,3.48778,1.04579,0,4.99222,100,0.72757,0.134028,0.124851,0.526528
186,0.125007,3.48806,1.06236,0,4.99222,100,0.72757,0.134028,0.124851,0.526528
186,0.125007,3.48806,1.06236,0,4.99222,100,0.72757,0.134028,0.124851,0.526528
1044,0.223931,3.4878,1.04581,0,4.99222,100,0.72757,0.134028,0.124851,0.526528
1044,0.223931,3.4878,1.04581,0,4.99222,100,0.72757,0.134028,0.124851,0.526528
38,0.31747,3.48742,0.994854,0,4.99222,100,0.72757,0.134028,0.124851,0.526528
38,0.31747,3.48742,0.994854,0,4.99222,100,0.72757,0.134028,0.124851,0.526528
664,0.396186,3.48709,0.90625,0,4.99222,100,0.72757,0.134028,0.124851,0.526528
664,0.396186,3.48709,0.90625,0,4.99222,100,0.72757,0.134028,0.124851,0.526528
235,0.458726,3.48695,0.794299,0,4.99222,100,0.72757,0.134028,0.124851,0.526528
235,0.458726,3.48695,0.794299,0,4.99222,100,0.72757,0.134028,0.124851,0.526528
1093,0.49836,3.4869,0.662135,0,4.99222,100,0.72757,0.134028,0.124851,0.526528
1093,0.49836,3.4869,0.662135,0,4.99222,100,0.72757,0.134028,0.124851,0.526528
60,0.51722,3.4874,0.519724,0,4.99222,100,0.72757,0.134028,0.124851,0.526528
1045,-0.253129,3.52009,0.671734,1,4.99222,100,0.72757,0.134028,0.124851,0.526528
59,-0.274104,3.52171,0.528785,1,4.99222,100,0.72757,0.134028,0.124851,0.526528
187,-0.210575,3.51892,0.80289,1,4.99222,100,0.72757,0.134028,0.124851,0.526528
1045,-0.253129,3.52009,0.671734,1,4.99222,100,0.72757,0.134028,0.124851,0.526528
616,-0.146201,3.51791,0.913101,1,4.99222,100,0.72757,0.134028,0.124851,0.526528
187,-0.210575,3.51892,0.80289,1,4.99222,100,0.72757,0.134028,0.124851,0.526528
16,-0.0667038,3.51731,1.00037,1,4.99222,100,0.72757,0.134028,0.124851,0.526528
616,-0.146201,3.51791,0.913101,1,4.99222,100,0.72757,0.134028,0.124851,0.526528
16,-0.0667038,3.51731,1.00037,1,4.99222,100,0.72757,0.134028,0.124851,0.526528
615,0.0267388,3.51708,1.05024,1,4.99222,100,0.72757,0.134028,0.124851,0.526528
615,0.0267388,3.51708,1.05024,1,4.99222,100,0.72757,0.134028,0.124851,0.526528
186,0.124953,3.51703,1.06634,1,4.99222,100,0.72757,0.134028,0.124851,0.526528
186,0.124953,3.51703,1.06634,1,4.99222,100,0.72757,0.134028,0.124851,0.526528
1044,0.22323,3.51707,1.05019,1,4.99222,100,0.72757,0.134028,0.124851,0.526528
1044,0.22323,3.51707,1.05019,1,4.99222,100,0.72757,0.134028,0.124851,0.526528
38,0.316558,3.51748,1.00027,1,4.99222,100,0.72757,0.134028,0.124851,0.526528
38,0.316558,3.51748,1.00027,1,4.99222,100,0.72757,0.134028,0.124851,0.526528
664,0.396186,3.51771,0.913087,1,4.99222,100,0.72757,0.134028,0.124851,0.526528
664,0.396186,3.51771,0.913087,1,4.99222,100,0.72757,0.134028,0.124851,0.526528
235,0.460491,3.5189,0.802863,1,4.99222,100,0.72757,0.134028,0.124851,0.526528
235,0.460491,3.5189,0.802863,1,4.99222,100,0.72757,0.134028,0.124851,0.526528
1093,0.503146,3.52013,0.671797,1,4.99222,100,0.72757,0.134028,0.124851,0.526528
1093,0.503146,3.52013,0.671797,1,4.99222,100,0.72757,0.134028,0.124851,0.526528
60,0.5241,3.52175,0.528835,1,4.99222,100,0.72757,0.134028,0.124851,0.526528
1045,-0.249746,3.52078,0.670394,0,5.49222,100,0.736906,0.134028,0.124844,0.535865
59,-0.269347,3.52103,0.52679,0,5.49222,100,0.736906,0.134028,0.124844,0.535865
187,-0.209801,3.52035,0.803012,0,5.49222,100,0.736906,0.134028,0.124844,0.535865
1045,-0.249746,3.52078,0.670394,0,5.49222,100,0.736906,0.134028,0.124844,0.535865
616,-0.146827,3.51988,0.915206,0,5.49222,100,0.736906,0.134028,0.124844,0.535865
187,-0.209801,3.52035,0.803012,0,5.49222,100,0.736906,0.134028,0.124844,0.535865
16,-0.0675804,3.51976,1.00393,0,5.49222,100,0.736906,0.134028,0.124844,0.535865
616,-0.146827,3.51988,0.915206,0,5.49222,100,0.736906,0.134028,0.124844,0.535865
16,-0.0675804,3.51976,1.00393,0,5.49222,100,0.736906,0.134028,0.124844,0.535865
615,0.0260443,3.51973,1.05473,0,5.49222,100,0.736906,0.134028,0.124844,0.535865
615,0.0260443,3.51973,1.05473,0,5.49222,100,0.736906,0.134028,0.124844,0.535865
186,0.125006,3.51984,1.07137,0,5.49222,100,0.736906,0.134028,0.124844,0.535865
186,0.125006,3.51984,1.07137,0,5.49222,100,0.736906,0.134028,0.124844,0.535865
1044,0.224019,3.51977,1.05475,0,5.49222,100,0.736906,0.134028,0.124844,0.535865
1044,0.224019,3.51977,1.05475,0,5.49222,100,0.736906,0.134028,0.124844,0.535865
38,0.317634,3.51976,1.0039,0,5.49222,100,0.736906,0.134028,0.124844,0.535865
38,0.317634,3.51976,1.0039,0,5.49222,100,0.736906,0.134028,0.124844,0.535865
664,0.396844,3.51991,0.915213,0,5.49222,100,0.736906,0.134028,0.124844,0.535865
664,0.396844,3.51991,0.915213,0,5.49222,100,0.736906,0.134028,0.124844,0.535865
235,0.459852,3.52032,0.802993,0,5.49222,100,0.736906,0.134028,0.124844,0.535865
235,0.459852,3.52032,0.802993,0,5.49222,100,0.736906,0.134028,0.124844,0.535865
1093,0.499732,3.52081,0.670401,0,5.49222,100,0.736906,0.134028,0.124844,0.535865
1093,0.499732,3.52081,0.670401,0,5.49222,100,0.736906,0.134028,0.124844,0.535865
60,0.519372,3.52097,0.52684,0,5.49222,100,0.736906,0.134028,0.124844,0.535865
1045,-0.256038,3.55482,0.681941,1,5.49222,100,0.736906,0.134028,0.124844,0.535865
59,-0.278366,3.55643,0.537673,1,5.49222,100,0.736906,0.134028,0.124844,0.535865
187,-0.212094,3.55371,0.813255,1,5.49222,100,0.736906,0.134028,0.124844,0.535865
1045,-0.256038,3.55482,0.681941,1,5.49222,100,0.736906,0.134028,0.124844,0.535865
616,-0.146689,3.55269,0.923131,1,5.49222,100,0.736906,0.134028,0.124844,0.535865
187,-0.212094,3.55371,0.813255,1,5.49222,100,0.736906,0.134028,0.124844,0.535865
16,-0.0664861,3.55204,1.00958,1,5.49222,100,0.736906,0.134028,0.124844,0.535865
616,-0.146689,3.55269,0.923131,1,5.49222,100,0.736906,0.134028,0.124844,0.535865
16,-0.0664861,3.55204,1.00958,1,5.49222,100,0.736906,0.134028,0.124844,0.535865
615,0.0269237,3.55167,1.0591,1,5.49222,100,0.736906,0.134028,0.124844,0.535865
615,0.0269237,3.55167,1.0591,1,5.49222,100,0.736906,0.134028,0.124844,0.535865
186,0.125013,3.55182,1.0751,1,5.49222,100,0.736906,0.134028,0.124844,0.535865
186,0.125013,3.55182,1.0751,1,5.49222,100,0.736906,0.134028,0.124844,0.535865
1044,0.223084,3.55172,1.059,1,5.49222,100,0.736906,0.134028,0.124844,0.535865
1044,0.223084,3.55172,1.059,1,5.49222,100,0.736906,0.134028,0.124844,0.535865
38,0.316518,3.55207,1.00951,1,5.49222,100,0.736906,0.134028,0.124844,0.535865
38,0.316518,3.55207,1.00951,1,5.49222,100,0.736906,0.134028,0.124844,0.535865
664,0.396682,3.55263,0.922991,1,5.49222,100,0.736906,0.134028,0.124844,0.535865
664,0.396682,3.55263,0.922991,1,5.49222,100,0.736906,0.134028,0.124844,0.535865
235,0.462006,3.55368,0.813197,1,5.49222,100,0.736906,0.134028,0.124844,0.535865
235,0.462006,3.55368,0.813197,1,5.49222,100,0.736906,0.134028,0.124844,0.535865
1093,0.506012,3.55524,0.68189,1,5.49222,100,0.736906,0.134028,0.124844,0.535865
1093,0.506012,3.55524,0.68189,1,5.49222,100,0.736906,0.134028,0.124844,0.535865
60,0.528251,3.55672,0.537613,1,5.49222,100,0.736906,0.134028,0.124844,0.535865
1045,-0.251088,3.55691,0.679175,0,5.99222,100,0.746551,0.134028,0.124844,0.545509
59,-0.271232,3.55793,0.534543,0,5.99222,100,0.746551,0.134028,0.124844,0.545509
187,-0.210815,3.55624,0.812285,0,5.99222,100,0.746551,0.134028,0.124844,0.545509
1045,-0.251088,3.55691,0.679175,0,5.99222,100,0.746551,0.134028,0.124844,0.545509
616,-0.147467,3.55555,0.92476,0,5.99222,100,0.746551,0.134028,0.124844,0.545509
187,-0.210815,3.55624,0.812285,0,5.99222,100,0.746551,0.134028,0.124844,0.545509
16,-0.0678341,3.55521,1.01367,0,5.99222,100,0.746551,0.134028,0.124844,0.545509
616,-0.147467,3.55555,0.92476,0,5.99222,100,0.746551,0.134028,0.124844,0.545509
16,-0.0678341,3.55521,1.01367,0,5.99222,100,0.746551,0.134028,0.124844,0.545509
615,0.026023,3.55516,1.06438,0,5.99222,100,0.746551,0.134028,0.124844,0.545509
615,0.026023,3.55516,1.06438,0,5.99222,100,0.746551,0.134028,0.124844,0.545509
186,0.124958,3.55528,1.08111,0,5.99222,100,0.746551,0.134028,0.124844,0.545509
186,0.124958,3.55528,1.08111,0,5.99222,100,0.746551,0.134028,0.124844,0.545509
1044,0.224007,3.55517,1.06449,0,5.99222,100,0.746551,0.134028,0.124844,0.545509
1044,0.224007,3.55517,1.06449,0,5.99222,100,0.746551,0.134028,0.124844,0.545509
38,0.317866,3.5552,1.01359,0,5.99222,100,0.746551,0.134028,0.124844,0.545509
38,0.317866,3.5552,1.01359,0,5.99222,100,0.746551,0.134028,0.124844,0.545509
664,0.397451,3.55562,0.924775,0,5.99222,100,0.746551,0.134028,0.124844,0.545509
664,0.397451,3.55562,0.924775,0,5.99222,100,0.746551,0.134028,0.124844,0.545509
235,0.460845,3.55632,0.812218,0,5.99222,100,0.746551,0.134028,0.124844,0.545509
235,0.460845,3.55632,0.812218,0,5.99222,100,0.746551,0.134028,0.124844,0.545509
1093,0.501146,3.55709,0.67917,0,5.99222,100,0.746551,0.134028,0.124844,0.545509
1093,0.501146,3.55709,0.67917,0,5.99222,100,0.746551,0.134028,0.124844,0.545509
60,0.521137,3.55777,0.534459,0,5.99222,100,0.746551,0.134028,0.124844,0.545509
1045,-0.257611,3.5916,0.688428,1,5.99222,100,0.746551,0.134028,0.124844,0.545509
59,-0.280338,3.59254,0.543047,1,5.99222,100,0.746551,0.134028,0.124844,0.545509
187,-0.213108,3.59038,0.820192,1,5.99222,100,0.746551,0.134028,0.124844,0.545509
1045,-0.257611,3.5916,0.688428,1,5.99222,100,0.746551,0.134028,0.124844,0.545509
616,-0.147444,3.58933,0.930332,1,5.99222,100,0.746551,0.134028,0.124844,0.545509
187,-0.213108,3.59038,0.820192,1,5.99222,100,0.746551,0.134028,0.124844,0.545509
16,-0.0670533,3.58866,1.01716,1,5.99222,100,0.746551,0.134028,0.124844,0.545509
616,-0.147444,3.58933,0.930332,1,5.99222,100,0.746551,0.134028,0.124844,0.545509
16,-0.0670533,3.58866,1.01716,1,5.99222,100,0.746551,0.134028,0.124844,0.545509
615,0.0265384,3.58838,1.06691,1,5.99222,100,0.746551,0.134028,0.124844,0.545509
615,0.0265384,3.58838,1.06691,1,5.99222,100,0.746551,0.134028,0.124844,0.545509
186,0.124894,3.58843,1.0833,1,5.99222,100,0.746551,0.134028,0.124844,0.545509
186,0.124894,3.58843,1.0833,1,5.99222,100,0.746551,0.134028,0.124844,0.545509
1044,0.223312,3.58835,1.06698,1,5.99222,100,0.746551,0.134028,0.124844,0.545509
1044,0.223312,3.58835,1.06698,1,5.99222,100,0.746551,0.134028,0.124844,0.545509
38,0.317005,3.58855,1.0173,1,5.99222,100,0.746551,0.134028,0.124844,0.545509
38,0.317005,3.58855,1.0173,1,5.99222,100,0.746551,0.134028,0.124844,0.545509
664,0.397414,3.58931,0.930432,1,5.99222,100,0.746551,0.134028,0.124844,0.545509
664,0.397414,3.58931,0.930432,1,5.99222,100,0.746551,0.134028,0.124844,0.545509
235,0.463135,3.59054,0.820181,1,5.99222,100,0.746551,0.134028,0.124844,0.545509
235,0.463135,3.59054,0.820181,1,5.99222,100,0.746551,0.134028,0.124844,0.545509
1093,0.507542,3.59171,0.688451,1,5.99222,100,0.746551,0.134028,0.124844,0.545509
1093,0.507542,3.59171,0.688451,1,5.99222,100,0.746551,0.134028,0.124844,0.545509
60,0.530276,3.59288,0.543198,1,5.99222,100,0.746551,0.134028,0.124844,0.545509
1045,-0.25241,3.59387,0.687795,0,6.49222,100,0.756697,0.134028,0.124844,0.555655
59,-0.273097,3.59518,0.541941,0,6.49222,100,0.756697,0.134028,0.124844,0.555655
187,-0.212135,3.59282,0.821383,0,6.49222,100,0.756697,0.134028,0.124844,0.555655
1045,-0.25241,3.59387,0.687795,0,6.49222,100,0.756697,0.134028,0.124844,0.555655
616,-0.1482,3.5922,0.934208,0,6.49222,100,0.756697,0.134028,0.124844,0.555655
187,-0.212135,3.59282,0.821383,0,6.49222,100,0.756697,0.134028,0.124844,0.555655
16,-0.0682691,3.59181,1.02304,0,6.49222,100,0.756697,0.134028,0.124844,0.555655
616,-0.1482,3.5922,0.934208,0,6.49222,100,0.756697,0.134028,0.124844,0.555655
16,-0.0682691,3.59181,1.02304,0,6.49222,100,0.756697,0.134028,0.124844,0.555655
615,0.025898,3.59161,1.07408,0,6.49222,100,0.756697,0.134028,0.124844,0.555655
615,0.025898,3.59161,1.07408,0,6.49222,100,0.756697,0.134028,0.124844,0.555655
186,0.125128,3.59163,1.09084,0,6.49222,100,0.756697,0.134028,0.124844,0.555655
186,0.125128,3.59163,1.09084,0,6.49222,100,0.756697,0.134028,0.124844,0.555655
1044,0.224148,3.5915,1.07402,0,6.49222,100,0.756697,0.134028,0.124844,0.555655
1044,0.224148,3.5915,1.07402,0,6.49222,100,0.756697,0.134028,0.124844,0.555655
38,0.318281,3.59171,1.02303,0,6.49222,100,0.756697,0.134028,0.124844,0.555655
38,0.318281,3.59171,1.02303,0,6.49222,100,0.756697,0.134028,0.124844,0.555655
664,0.398338,3.59227,0.934096,0,6.49222,100,0.756697,0.134028,0.124844,0.555655
664,0.398338,3.59227,0.934096,0,6.49222,100,0.756697,0.134028,0.124844,0.555655
235,0.461986,3.59298,0.821305,0,6.49222,100,0.756697,0.134028,0.124844,0.555655
235,0.461986,3.59298,0.821305,0,6.49222,100,0.756697,0.134028,0.124844,0.555655
1093,0.502466,3.59391,0.687776,0,6.49222,100,0.756697,0.134028,0.124844,0.555655
1093,0.502466,3.59391,0.687776,0,6.49222,100,0.756697,0.134028,0.124844,0.555655
60,0.523074,3.59506,0.541914,0,6.49222,100,0.756697,0.134028,0.124844,0.555655
1045,-0.261037,3.61855,0.696774,1,6.49222,100,0.756697,0.134028,0.124844,0.555655
59,-0.285598,3.61958,0.550351,1,6.49222,100,0.756697,0.134028,0.124844,0.555655
187,-0.214903,3.61732,0.828414,1,6.49222,100,0.756697,0.134028,0.124844,0.555655
1045,-0.261037,3.61855,0.696774,1,6.49222,100,0.756697,0.134028,0.124844,0.555655
616,-0.147931,3.61629,0.937965,1,6.49222,100,0.756697,0.134028,0.124844,0.555655
187,-0.214903,3.61732,0.828414,1,6.49222,100,0.756697,0.134028,0.124844,0.555655
16,-0.066827,3.61575,1.02401,1,6.49222,100,0.756697,0.134028,0.124844,0.555655
616,-0.147931,3.61629,0.937965,1,6.49222,100,0.756697,0.134028,0.124844,0.555655
16,-0.066827,3.61575,1.02401,1,6.49222,100,0.756697,0.134028,0.124844,0.555655
615,0.0268978,3.61542,1.07328,1,6.49222,100,0.756697,0.134028,0.124844,0.555655
615,0.0268978,3.61542,1.07328,1,6.49222,100,0.756697,0.134028,0.124844,0.555655
186,0.124985,3.6154,1.08957,1,6.49222,100,0.756697,0.134028,0.124844,0.555655
186,0.124985,3.6154,1.08957,1,6.49222,100,0.756697,0.134028,0.124844,0.555655
1044,0.223088,3.61535,1.07323,1,6.49222,100,0.756697,0.134028,0.124844,0.555655
1044,0.223088,3.61535,1.07323,1,6.49222,100,0.756697,0.134028,0.124844,0.555655
38,0.316764,3.61568,1.02404,1,6.49222,100,0.756697,0.134028,0.124844,0.555655
38,0.316764,3.61568,1.02404,1,6.49222,100,0.756697,0.134028,0.124844,0.555655
664,0.397825,3.61642,0.938034,1,6.49222,100,0.756697,0.134028,0.124844,0.555655
664,0.397825,3.61642,0.938034,1,6.49222,100,0.756697,0.134028,0.124844,0.555655
235,0.464864,3.6174,0.828526,1,6.49222,100,0.756697,0.134028,0.124844,0.555655
235,0.464864,3.6174,0.828526,1,6.49222,100,0.756697,0.134028,0.124844,0.555655
1093,0.511063,3.61868,0.696875,1,6.49222,100,0.756697,0.134028,0.124844,0.555655
1093,0.511063,3.61868,0.696875,1,6.49222,100,0.756697,0.134028,0.124844,0.555655
60,0.535633,3.61975,0.550486,1,6.49222,100,0.756697,0.134028,0.124844,0.555655
1045,-0.25381,3.6226,0.695848,0,6.99222,100,0.765997,0.134028,0.12484,0.564955
59,-0.274746,3.62385,0.54877,0,6.99222,100,0.765997,0.134028,0.12484,0.564955
187,-0.21307,3.62152,0.829972,0,6.99222,100,0.765997,0.134028,0.12484,0.564955
1045,-0.25381,3.6226,0.695848,0,6.99222,100,0.765997,0.134028,0.12484,0.564955
616,-0.149002,3.62068,0.943111,0,6.99222,100,0.765997,0.134028,0.12484,0.564955
187,-0.21307,3.62152,0.829972,0,6.99222,100,0.765997,0.134028,0.12484,0.564955
16,-0.0685631,3.62001,1.03212,0,6.99222,100,0.765997,0.134028,0.12484,0.564955
616,-0.149002,3.62068,0.943111,0,6.99222,100,0.765997,0.134028,0.12484,0.564955
16,-0.0685631,3.62001,1.03212,0,6.99222,100,0.765997,0.134028,0.12484,0.564955
615,0.0258205,3.61996,1.08313,0,6.99222,100,0.765997,0.134028,0.12484,0.564955
615,0.0258205,3.61996,1.08313,0,6.99222,100,0.765997,0.134028,0.12484,0.564955
186,0.124991,3.62008,1.09998,0,6.99222,100,0.765997,0.134028,0.12484,0.564955
186,0.124991,3.62008,1.09998,0,6.99222,100,0.765997,0.134028,0.12484,0.564955
1044,0.22417,3.61999,1.08313,0,6.99222,100,0.765997,0.134028,0.12484,0.564955
1044,0.22417,3.61999,1.08313,0,6.99222,100,0.765997,0.134028,0.12484,0.564955
38,0.31856,3.62006,1.03213,0,6.99222,100,0.765997,0.134028,0.12484,0.564955
38,0.31856,3.62006,1.03213,0,6.99222,100,0.765997,0.134028,0.12484,0.564955
664,0.39903,3.62068,0.943129,0,6.99222,100,0.765997,0.134028,0.12484,0.564955
664,0.39903,3.62068,0.943129,0,6.99222,100,0.765997,0.134028,0.12484,0.564955
235,0.463007,3.62162,0.829952,0,6.99222,100,0.765997,0.134028,0.12484,0.564955
235,0.463007,3.62162,0.829952,0,6.99222,100,0.765997,0.134028,0.12484,0.564955
1093,0.503816,3.62267,0.695924,0,6.99222,100,0.765997,0.134028,0.12484,0.564955
1093,0.503816,3.62267,0.695924,0,6.99222,100,0.765997,0.134028,0.12484,0.564955
60,0.524812,3.62397,0.548873,0,6.99222,100,0.765997,0.134028,0.12484,0.564955
1045,-0.26234,3.64887,0.703091,1,6.99222,100,0.765997,0.134028,0.12484,0.564955
59,-0.287852,3.65049,0.555867,1,6.99222,100,0.765997,0.134028,0.12484,0.564955
187,-0.215644,3.64762,0.835,1,6.99222,100,0.765997,0.134028,0.12484,0.564955
1045,-0.26234,3.64887,0.703091,1,6.99222,100,0.765997,0.134028,0.12484,0.564955
616,-0.148276,3.64676,0.944673,1,6.99222,100,0.765997,0.134028,0.12484,0.564955
187,-0.215644,3.64762,0.835,1,6.99222,100,0.765997,0.134028,0.12484,0.564955
16,-0.0669936,3.64595,1.03082,1,6.99222,100,0.765997,0.134028,0.12484,0.564955
616,-0.148276,3.64676,0.944673,1,6.99222,100,0.765997,0.134028,0.12484,0.564955
16,-0.0669936,3.64595,1.03082,1,6.99222,100,0.765997,0.134028,0.12484,0.564955
615,0.0268726,3.64552,1.08023,1,6.99222,100,0.765997,0.134028,0.12484,0.564955
615,0.0268726,3.64552,1.08023,1,6.99222,100,0.765997,0.134028,0.12484,0.564955
186,0.125045,3.64552,1.09661,1,6.99222,100,0.765997,0.134028,0.12484,0.564955
186,0.125045,3.64552,1.09661,1,6.99222,100,0.765997,0.134028,0.12484,0.564955
1044,0.223171,3.6456,1.08018,1,6.99222,100,0.765997,0.134028,0.12484,0.564955
1044,0.223171,3.6456,1.08018,1,6.99222,100,0.765997,0.134028,0.12484,0.564955
38,0.316988,3.64596,1.03074,1,6.99222,100,0.765997,0.134028,0.12484,0.564955
38,0.316988,3.64596,1.03074,1,6.99222,100,0.765997,0.134028,0.12484,0.564955
664,0.398288,3.64676,0.944717,1,6.99222,100,0.765997,0.134028,0.12484,0.564955
664,0.398288,3.64676,0.944717,1,6.99222,100,0.765997,0.134028,0.12484,0.564955
235,0.465659,3.64783,0.835123,1,6.99222,100,0.765997,0.134028,0.12484,0.564955
235,0.465659,3.64783,0.835123,1,6.99222,100,0.765997,0.134028,0.12484,0.564955
1093,0.512519,3.6491,0.703318,1,6.99222,100,0.765997,0.134028,0.12484,0.564955
1093,0.512519,3.6491,0.703318,1,6.99222,100,0.765997,0.134028,0.12484,0.564955
60,0.538018,3.65,0.556089,1,6.99222,100,0.765997,0.134028,0.12484,0.564955
1045,-0.255191,3.65331,0.703154,0,7.49222,100,0.774073,0.134028,0.12484,0.573032
59,-0.277525,3.65435,0.555445,0,7.49222,100,0.774073,0.134028,0.12484,0.573032
187,-0.213929,3.65193,0.837426,0,7.49222,100,0.774073,0.134028,0.12484,0.573032
1045,-0.255191,3.65331,0.703154,0,7.49222,100,0.774073,0.134028,0.12484,0.573032
616,-0.149473,3.65081,0.950747,0,7.49222,100,0.774073,0.134028,0.12484,0.573032
187,-0.213929,3.65193,0.837426,0,7.49222,100,0.774073,0.134028,0.12484,0.573032
16,-0.0687647,3.65019,1.03974,0,7.49222,100,0.774073,0.134028,0.12484,0.573032
616,-0.149473,3.65081,0.950747,0,7.49222,100,0.774073,0.134028,0.12484,0.573032
16,-0.0687647,3.65019,1.03974,0,7.49222,100,0.774073,0.134028,0.12484,0.573032
615,0.0258171,3.64996,1.09058,0,7.49222,100,0.774073,0.134028,0.12484,0.573032
615,0.0258171,3.64996,1.09058,0,7.49222,100,0.774073,0.134028,0.12484,0.573032
186,0.124981,3.65007,1.10751,0,7.49222,100,0.774073,0.134028,0.12484,0.573032
186,0.124981,3.65007,1.10751,0,7.49222,100,0.774073,0.134028,0.12484,0.573032
1044,0.224108,3.64987,1.09057,0,7.49222,100,0.774073,0.134028,0.12484,0.573032
1044,0.224108,3.64987,1.09057,0,7.49222,100,0.774073,0.134028,0.12484,0.573032
38,0.318672,3.65008,1.03964,0,7.49222,100,0.774073,0.134028,0.12484,0.573032
38,0.318672,3.65008,1.03964,0,7.49222,100,0.774073,0.134028,0.12484,0.573032
664,0.399541,3.65082,0.950788,0,7.49222,100,0.774073,0.134028,0.12484,0.573032
664,0.399541,3.65082,0.950788,0,7.49222,100,0.774073,0.134028,0.12484,0.573032
235,0.463929,3.65216,0.837398,0,7.49222,100,0.774073,0.134028,0.12484,0.573032
235,0.463929,3.65216,0.837398,0,7.49222,100,0.774073,0.134028,0.12484,0.573032
1093,0.505171,3.65343,0.703131,0,7.49222,100,0.774073,0.134028,0.12484,0.573032
1093,0.505171,3.65343,0.703131,0,7.49222,100,0.774073,0.134028,0.12484,0.573032
60,0.527652,3.65448,0.555402,0,7.49222,100,0.774073,0.134028,0.12484,0.573032
1045,-0.265209,3.67463,0.711049,1,7.49222,100,0.774073,0.134028,0.12484,0.573032
59,-0.291887,3.67587,0.562547,1,7.49222,100,0.774073,0.134028,0.12484,0.573032
187,-0.217376,3.6734,0.843161,1,7.49222,100,0.774073,0.134028,0.12484,0.573032
1045,-0.265209,3.67463,0.711049,1,7.49222,100,0.774073,0.134028,0.12484,0.573032
616,-0.149014,3.67236,0.952751,1,7.49222,100,0.774073,0.134028,0.12484,0.573032
187,-0.217376,3.6734,0.843161,1,7.49222,100,0.774073,0.134028,0.12484,0.573032
16,-0.0670766,3.67162,1.03852,1,7.49222,100,0.774073,0.134028,0.12484,0.573032
616,-0.149014,3.67236,0.952751,1,7.49222,100,0.774073,0.134028,0.12484,0.573032
16,-0.0670766,3.67162,1.03852,1,7.49222,100,0.774073,0.134028,0.12484,0.573032
615,0.0270358,3.67128,1.08752,1,7.49222,100,0.774073,0.134028,0.12484,0.573032
615,0.0270358,3.67128,1.08752,1,7.49222,100,0.774073,0.134028,0.12484,0.573032
186,0.125049,3.6713,1.10383,1,7.49222,100,0.774073,0.134028,0.12484,0.573032
186,0.125049,3.6713,1.10383,1,7.49222,100,0.774073,0.134028,0.12484,0.573032
1044,0.223071,3.67129,1.08756,1,7.49222,100,0.774073,0.134028,0.12484,0.573032
1044,0.223071,3.67129,1.08756,1,7.49222,100,0.774073,0.134028,0.12484,0.573032
38,0.317164,3.67166,1.03848,1,7.49222,100,0.774073,0.134028,0.12484,0.573032
38,0.317164,3.67166,1.03848,1,7.49222,100,0.774073,0.134028,0.12484,0.573032
664,0.399032,3.67248,0.952779,1,7.49222,100,0.774073,0.134028,0.12484,0.573032
664,0.399032,3.67248,0.952779,1,7.49222,100,0.774073,0.134028,0.12484,0.573032
235,0.467419,3.67367,0.843309,1,7.49222,100,0.774073,0.134028,0.12484,0.573032
235,0.467419,3.67367,0.843309,1,7.49222,100,0.774073,0.134028,0.12484,0.573032
1093,0.515359,3.67474,0.711173,1,7.49222,100,0.774073,0.134028,0.12484,0.573032
1093,0.515359,3.67474,0.711173,1,7.49222,100,0.774073,0.134028,0.12484,0.573032
60,0.541951,3.67537,0.562649,1,7.49222,100,0.774073,0.134028,0.12484,0.573032
