id,x,y,z,ablated,v,bulkheadyoungs,nickdepth,nickw,nickc,bbmin
1045,-0.344378,3.4313,0.646492,0,3.49222,0.01,1.0161,0.327778,0.124833,0.524434
59,-0.368159,3.43157,0.498774,0,3.49222,0.01,1.0161,0.327778,0.124833,0.524434
187,-0.280884,3.43056,0.777841,0,3.49222,0.01,1.0161,0.327778,0.124833,0.524434
1045,-0.344378,3.4313,0.646492,0,3.49222,0.01,1.0161,0.327778,0.124833,0.524434
616,-0.190171,3.42961,0.879124,0,3.49222,0.01,1.0161,0.327778,0.124833,0.524434
187,-0.280884,3.43056,0.777841,0,3.49222,0.01,1.0161,0.327778,0.124833,0.524434
16,-0.0845865,3.42868,0.947438,0,3.49222,0.01,1.0161,0.327778,0.124833,0.524434
616,-0.190171,3.42961,0.879124,0,3.49222,0.01,1.0161,0.327778,0.124833,0.524434
16,-0.0845865,3.42868,0.947438,0,3.49222,0.01,1.0161,0.327778,0.124833,0.524434
615,0.022355,3.42805,0.983738,0,3.49222,0.01,1.0161,0.327778,0.124833,0.524434
615,0.022355,3.42805,0.983738,0,3.49222,0.01,1.0161,0.327778,0.124833,0.524434
186,0.12505,3.42784,0.994712,0,3.49222,0.01,1.0161,0.327778,0.124833,0.524434
186,0.12505,3.42784,0.994712,0,3.49222,0.01,1.0161,0.327778,0.124833,0.524434
1044,0.227743,3.42805,0.983717,0,3.49222,0.01,1.0161,0.327778,0.124833,0.524434
1044,0.227743,3.42805,0.983717,0,3.49222,0.01,1.0161,0.327778,0.124833,0.524434
38,0.334694,3.42868,0.947447,0,3.49222,0.01,1.0161,0.327778,0.124833,0.524434
38,0.334694,3.42868,0.947447,0,3.49222,0.01,1.0161,0.327778,0.124833,0.524434
664,0.440282,3.4296,0.879144,0,3.49222,0.01,1.0161,0.327778,0.124833,0.524434
664,0.440282,3.4296,0.879144,0,3.49222,0.01,1.0161,0.327778,0.124833,0.524434
235,0.53096,3.43055,0.777838,0,3.49222,0.01,1.0161,0.327778,0.124833,0.524434
235,0.53096,3.43055,0.777838,0,3.49222,0.01,1.0161,0.327778,0.124833,0.524434
1093,0.594434,3.43128,0.646495,0,3.49222,0.01,1.0161,0.327778,0.124833,0.524434
1093,0.594434,3.43128,0.646495,0,3.49222,0.01,1.0161,0.327778,0.124833,0.524434
60,0.618183,3.43155,0.498786,0,3.49222,0.01,1.0161,0.327778,0.124833,0.524434
1045,-0.346387,3.43129,0.64862,1,3.49222,0.01,1.0161,0.327778,0.124833,0.524434
59,-0.369514,3.43163,0.500604,1,3.49222,0.01,1.0161,0.327778,0.124833,0.524434
187,-0.282394,3.43047,0.779976,1,3.49222,0.01,1.0161,0.327778,0.124833,0.524434
1045,-0.346387,3.43129,0.64862,1,3.49222,0.01,1.0161,0.327778,0.124833,0.524434
616,-0.190897,3.42945,0.880812,1,3.49222,0.01,1.0161,0.327778,0.124833,0.524434
187,-0.282394,3.43047,0.779976,1,3.49222,0.01,1.0161,0.327778,0.124833,0.524434
16,-0.0847725,3.42848,0.948505,1,3.49222,0.01,1.0161,0.327778,0.124833,0.524434
616,-0.190897,3.42945,0.880812,1,3.49222,0.01,1.0161,0.327778,0.124833,0.524434
16,-0.0847725,3.42848,0.948505,1,3.49222,0.01,1.0161,0.327778,0.124833,0.524434
615,0.0223354,3.4278,0.984528,1,3.49222,0.01,1.0161,0.327778,0.124833,0.524434
615,0.0223354,3.4278,0.984528,1,3.49222,0.01,1.0161,0.327778,0.124833,0.524434
186,0.125066,3.42761,0.995489,1,3.49222,0.01,1.0161,0.327778,0.124833,0.524434
186,0.125066,3.42761,0.995489,1,3.49222,0.01,1.0161,0.327778,0.124833,0.524434
1044,0.227798,3.4278,0.984538,1,3.49222,0.01,1.0161,0.327778,0.124833,0.524434
1044,0.227798,3.4278,0.984538,1,3.49222,0.01,1.0161,0.327778,0.124833,0.524434
38,0.334904,3.42848,0.948497,1,3.49222,0.01,1.0161,0.327778,0.124833,0.524434
38,0.334904,3.42848,0.948497,1,3.49222,0.01,1.0161,0.327778,0.124833,0.524434
664,0.441011,3.42944,0.880779,1,3.49222,0.01,1.0161,0.327778,0.124833,0.524434
664,0.441011,3.42944,0.880779,1,3.49222,0.01,1.0161,0.327778,0.124833,0.524434
235,0.532496,3.43045,0.77994,1,3.49222,0.01,1.0161,0.327778,0.124833,0.524434
235,0.532496,3.43045,0.77994,1,3.49222,0.01,1.0161,0.327778,0.124833,0.524434
1093,0.59646,3.43127,0.64858,1,3.49222,0.01,1.0161,0.327778,0.124833,0.524434
1093,0.59646,3.43127,0.64858,1,3.49222,0.01,1.0161,0.327778,0.124833,0.524434
60,0.619577,3.43162,0.500576,1,3.49222,0.01,1.0161,0.327778,0.124833,0.524434
1045,-0.376247,3.44612,0.65478,0,3.99222,0.01,1.04365,0.327778,0.124832,0.551986
59,-0.4013,3.4463,0.496682,0,3.99222,0.01,1.04365,0.327778,0.124832,0.551986
187,-0.307558,3.44555,0.794898,0,3.99222,0.01,1.04365,0.327778,0.124832,0.551986
1045,-0.376247,3.44612,0.65478,0,3.99222,0.01,1.04365,0.327778,0.124832,0.551986
616,-0.209579,3.44477,0.902306,0,3.99222,0.01,1.04365,0.327778,0.124832,0.551986
187,-0.307558,3.44555,0.794898,0,3.99222,0.01,1.04365,0.327778,0.124832,0.551986
16,-0.0959351,3.44401,0.973959,0,3.99222,0.01,1.04365,0.327778,0.124832,0.551986
616,-0.209579,3.44477,0.902306,0,3.99222,0.01,1.04365,0.327778,0.124832,0.551986
16,-0.0959351,3.44401,0.973959,0,3.99222,0.01,1.04365,0.327778,0.124832,0.551986
615,0.0187929,3.44344,1.01213,0,3.99222,0.01,1.04365,0.327778,0.124832,0.551986
615,0.0187929,3.44344,1.01213,0,3.99222,0.01,1.04365,0.327778,0.124832,0.551986
186,0.12504,3.44328,1.02318,0,3.99222,0.01,1.04365,0.327778,0.124832,0.551986
186,0.12504,3.44328,1.02318,0,3.99222,0.01,1.04365,0.327778,0.124832,0.551986
1044,0.231287,3.44345,1.01213,0,3.99222,0.01,1.04365,0.327778,0.124832,0.551986
1044,0.231287,3.44345,1.01213,0,3.99222,0.01,1.04365,0.327778,0.124832,0.551986
38,0.346014,3.44401,0.973941,0,3.99222,0.01,1.04365,0.327778,0.124832,0.551986
38,0.346014,3.44401,0.973941,0,3.99222,0.01,1.04365,0.327778,0.124832,0.551986
664,0.459658,3.44477,0.902295,0,3.99222,0.01,1.04365,0.327778,0.124832,0.551986
664,0.459658,3.44477,0.902295,0,3.99222,0.01,1.04365,0.327778,0.124832,0.551986
235,0.557632,3.44555,0.794889,0,3.99222,0.01,1.04365,0.327778,0.124832,0.551986
235,0.557632,3.44555,0.794889,0,3.99222,0.01,1.04365,0.327778,0.124832,0.551986
1093,0.626306,3.44612,0.654776,0,3.99222,0.01,1.04365,0.327778,0.124832,0.551986
1093,0.626306,3.44612,0.654776,0,3.99222,0.01,1.04365,0.327778,0.124832,0.551986
60,0.651345,3.44629,0.496691,0,3.99222,0.01,1.04365,0.327778,0.124832,0.551986
1045,-0.37764,3.44584,0.655311,1,3.99222,0.01,1.04365,0.327778,0.124832,0.551986
59,-0.402237,3.44601,0.496969,1,3.99222,0.01,1.04365,0.327778,0.124832,0.551986
187,-0.308804,3.44526,0.795629,1,3.99222,0.01,1.04365,0.327778,0.124832,0.551986
1045,-0.37764,3.44584,0.655311,1,3.99222,0.01,1.04365,0.327778,0.124832,0.551986
616,-0.210358,3.44447,0.902941,1,3.99222,0.01,1.04365,0.327778,0.124832,0.551986
187,-0.308804,3.44526,0.795629,1,3.99222,0.01,1.04365,0.327778,0.124832,0.551986
16,-0.0962861,3.44368,0.974296,1,3.99222,0.01,1.04365,0.327778,0.124832,0.551986
616,-0.210358,3.44447,0.902941,1,3.99222,0.01,1.04365,0.327778,0.124832,0.551986
16,-0.0962861,3.44368,0.974296,1,3.99222,0.01,1.04365,0.327778,0.124832,0.551986
615,0.0187431,3.4431,1.01213,1,3.99222,0.01,1.04365,0.327778,0.124832,0.551986
615,0.0187431,3.4431,1.01213,1,3.99222,0.01,1.04365,0.327778,0.124832,0.551986
186,0.125108,3.44293,1.02302,1,3.99222,0.01,1.04365,0.327778,0.124832,0.551986
186,0.125108,3.44293,1.02302,1,3.99222,0.01,1.04365,0.327778,0.124832,0.551986
1044,0.231472,3.4431,1.01211,1,3.99222,0.01,1.04365,0.327778,0.124832,0.551986
1044,0.231472,3.4431,1.01211,1,3.99222,0.01,1.04365,0.327778,0.124832,0.551986
38,0.346499,3.44367,0.974267,1,3.99222,0.01,1.04365,0.327778,0.124832,0.551986
38,0.346499,3.44367,0.974267,1,3.99222,0.01,1.04365,0.327778,0.124832,0.551986
664,0.460563,3.44445,0.902906,1,3.99222,0.01,1.04365,0.327778,0.124832,0.551986
664,0.460563,3.44445,0.902906,1,3.99222,0.01,1.04365,0.327778,0.124832,0.551986
235,0.558994,3.44524,0.795591,1,3.99222,0.01,1.04365,0.327778,0.124832,0.551986
235,0.558994,3.44524,0.795591,1,3.99222,0.01,1.04365,0.327778,0.124832,0.551986
1093,0.62781,3.44581,0.655276,1,3.99222,0.01,1.04365,0.327778,0.124832,0.551986
1093,0.62781,3.44581,0.655276,1,3.99222,0.01,1.04365,0.327778,0.124832,0.551986
60,0.652398,3.44599,0.496945,1,3.99222,0.01,1.04365,0.327778,0.124832,0.551986
1045,-0.403068,3.46592,0.659717,0,4.49222,0.01,1.07329,0.327778,0.124823,0.581625
59,-0.429437,3.46595,0.492676,0,4.49222,0.01,1.07329,0.327778,0.124823,0.581625
187,-0.330413,3.46552,0.807727,0,4.49222,0.01,1.07329,0.327778,0.124823,0.581625
1045,-0.403068,3.46592,0.659717,0,4.49222,0.01,1.07329,0.327778,0.124823,0.581625
616,-0.226533,3.46491,0.92089,0,4.49222,0.01,1.07329,0.327778,0.124823,0.581625
187,-0.330413,3.46552,0.807727,0,4.49222,0.01,1.07329,0.327778,0.124823,0.581625
16,-0.106119,3.46425,0.995978,0,4.49222,0.01,1.07329,0.327778,0.124823,0.581625
616,-0.226533,3.46491,0.92089,0,4.49222,0.01,1.07329,0.327778,0.124823,0.581625
16,-0.106119,3.46425,0.995978,0,4.49222,0.01,1.07329,0.327778,0.124823,0.581625
615,0.0154867,3.46375,1.03579,0,4.49222,0.01,1.07329,0.327778,0.124823,0.581625
615,0.0154867,3.46375,1.03579,0,4.49222,0.01,1.07329,0.327778,0.124823,0.581625
186,0.125043,3.4636,1.04688,0,4.49222,0.01,1.07329,0.327778,0.124823,0.581625
186,0.125043,3.4636,1.04688,0,4.49222,0.01,1.07329,0.327778,0.124823,0.581625
1044,0.234599,3.46375,1.03577,0,4.49222,0.01,1.07329,0.327778,0.124823,0.581625
1044,0.234599,3.46375,1.03577,0,4.49222,0.01,1.07329,0.327778,0.124823,0.581625
38,0.356205,3.46424,0.995959,0,4.49222,0.01,1.07329,0.327778,0.124823,0.581625
38,0.356205,3.46424,0.995959,0,4.49222,0.01,1.07329,0.327778,0.124823,0.581625
664,0.476618,3.4649,0.920873,0,4.49222,0.01,1.07329,0.327778,0.124823,0.581625
664,0.476618,3.4649,0.920873,0,4.49222,0.01,1.07329,0.327778,0.124823,0.581625
235,0.58049,3.46552,0.807714,0,4.49222,0.01,1.07329,0.327778,0.124823,0.581625
235,0.58049,3.46552,0.807714,0,4.49222,0.01,1.07329,0.327778,0.124823,0.581625
1093,0.653135,3.46591,0.659715,0,4.49222,0.01,1.07329,0.327778,0.124823,0.581625
1093,0.653135,3.46591,0.659715,0,4.49222,0.01,1.07329,0.327778,0.124823,0.581625
60,0.679513,3.46594,0.49269,0,4.49222,0.01,1.07329,0.327778,0.124823,0.581625
1045,-0.404627,3.46459,0.660483,1,4.49222,0.01,1.07329,0.327778,0.124823,0.581625
59,-0.430541,3.46462,0.493197,1,4.49222,0.01,1.07329,0.327778,0.124823,0.581625
187,-0.331698,3.46418,0.808618,1,4.49222,0.01,1.07329,0.327778,0.124823,0.581625
1045,-0.404627,3.46459,0.660483,1,4.49222,0.01,1.07329,0.327778,0.124823,0.581625
616,-0.22738,3.46354,0.921696,1,4.49222,0.01,1.07329,0.327778,0.124823,0.581625
187,-0.331698,3.46418,0.808618,1,4.49222,0.01,1.07329,0.327778,0.124823,0.581625
16,-0.106572,3.46285,0.996542,1,4.49222,0.01,1.07329,0.327778,0.124823,0.581625
616,-0.22738,3.46354,0.921696,1,4.49222,0.01,1.07329,0.327778,0.124823,0.581625
16,-0.106572,3.46285,0.996542,1,4.49222,0.01,1.07329,0.327778,0.124823,0.581625
615,0.015328,3.46234,1.03607,1,4.49222,0.01,1.07329,0.327778,0.124823,0.581625
615,0.015328,3.46234,1.03607,1,4.49222,0.01,1.07329,0.327778,0.124823,0.581625
186,0.125014,3.46218,1.04706,1,4.49222,0.01,1.07329,0.327778,0.124823,0.581625
186,0.125014,3.46218,1.04706,1,4.49222,0.01,1.07329,0.327778,0.124823,0.581625
1044,0.234702,3.46234,1.03606,1,4.49222,0.01,1.07329,0.327778,0.124823,0.581625
1044,0.234702,3.46234,1.03606,1,4.49222,0.01,1.07329,0.327778,0.124823,0.581625
38,0.356601,3.46285,0.996528,1,4.49222,0.01,1.07329,0.327778,0.124823,0.581625
38,0.356601,3.46285,0.996528,1,4.49222,0.01,1.07329,0.327778,0.124823,0.581625
664,0.477405,3.46354,0.921681,1,4.49222,0.01,1.07329,0.327778,0.124823,0.581625
664,0.477405,3.46354,0.921681,1,4.49222,0.01,1.07329,0.327778,0.124823,0.581625
235,0.581718,3.46418,0.808608,1,4.49222,0.01,1.07329,0.327778,0.124823,0.581625
235,0.581718,3.46418,0.808608,1,4.49222,0.01,1.07329,0.327778,0.124823,0.581625
1093,0.654639,3.46459,0.660483,1,4.49222,0.01,1.07329,0.327778,0.124823,0.581625
1093,0.654639,3.46459,0.660483,1,4.49222,0.01,1.07329,0.327778,0.124823,0.581625
60,0.680554,3.46462,0.493214,1,4.49222,0.01,1.07329,0.327778,0.124823,0.581625
1045,-0.427193,3.48734,0.664277,0,4.99222,0.01,1.09881,0.327778,0.124816,0.607146
59,-0.454719,3.48721,0.48925,0,4.99222,0.01,1.09881,0.327778,0.124816,0.607146
187,-0.350876,3.48708,0.819248,0,4.99222,0.01,1.09881,0.327778,0.124816,0.607146
1045,-0.427193,3.48734,0.664277,0,4.99222,0.01,1.09881,0.327778,0.124816,0.607146
616,-0.241728,3.48657,0.937528,0,4.99222,0.01,1.09881,0.327778,0.124816,0.607146
187,-0.350876,3.48708,0.819248,0,4.99222,0.01,1.09881,0.327778,0.124816,0.607146
16,-0.115313,3.48598,1.01576,0,4.99222,0.01,1.09881,0.327778,0.124816,0.607146
616,-0.241728,3.48657,0.937528,0,4.99222,0.01,1.09881,0.327778,0.124816,0.607146
16,-0.115313,3.48598,1.01576,0,4.99222,0.01,1.09881,0.327778,0.124816,0.607146
615,0.0124221,3.48552,1.05704,0,4.99222,0.01,1.09881,0.327778,0.124816,0.607146
615,0.0124221,3.48552,1.05704,0,4.99222,0.01,1.09881,0.327778,0.124816,0.607146
186,0.125044,3.48537,1.0682,0,4.99222,0.01,1.09881,0.327778,0.124816,0.607146
186,0.125044,3.48537,1.0682,0,4.99222,0.01,1.09881,0.327778,0.124816,0.607146
1044,0.237668,3.48552,1.05704,0,4.99222,0.01,1.09881,0.327778,0.124816,0.607146
1044,0.237668,3.48552,1.05704,0,4.99222,0.01,1.09881,0.327778,0.124816,0.607146
38,0.365407,3.48598,1.01575,0,4.99222,0.01,1.09881,0.327778,0.124816,0.607146
38,0.365407,3.48598,1.01575,0,4.99222,0.01,1.09881,0.327778,0.124816,0.607146
664,0.491816,3.48656,0.937515,0,4.99222,0.01,1.09881,0.327778,0.124816,0.607146
664,0.491816,3.48656,0.937515,0,4.99222,0.01,1.09881,0.327778,0.124816,0.607146
235,0.600948,3.48707,0.819231,0,4.99222,0.01,1.09881,0.327778,0.124816,0.607146
235,0.600948,3.48707,0.819231,0,4.99222,0.01,1.09881,0.327778,0.124816,0.607146
1093,0.677257,3.48733,0.664272,0,4.99222,0.01,1.09881,0.327778,0.124816,0.607146
1093,0.677257,3.48733,0.664272,0,4.99222,0.01,1.09881,0.327778,0.124816,0.607146
60,0.704787,3.4872,0.489262,0,4.99222,0.01,1.09881,0.327778,0.124816,0.607146
1045,-0.428542,3.48603,0.665259,1,4.99222,0.01,1.09881,0.327778,0.124816,0.607146
59,-0.455702,3.48594,0.490024,1,4.99222,0.01,1.09881,0.327778,0.124816,0.607146
187,-0.35198,3.48573,0.820358,1,4.99222,0.01,1.09881,0.327778,0.124816,0.607146
1045,-0.428542,3.48603,0.665259,1,4.99222,0.01,1.09881,0.327778,0.124816,0.607146
616,-0.24245,3.48518,0.938585,1,4.99222,0.01,1.09881,0.327778,0.124816,0.607146
187,-0.35198,3.48573,0.820358,1,4.99222,0.01,1.09881,0.327778,0.124816,0.607146
16,-0.115675,3.48455,1.0166,1,4.99222,0.01,1.09881,0.327778,0.124816,0.607146
616,-0.24245,3.48518,0.938585,1,4.99222,0.01,1.09881,0.327778,0.124816,0.607146
16,-0.115675,3.48455,1.0166,1,4.99222,0.01,1.09881,0.327778,0.124816,0.607146
615,0.0123262,3.48407,1.05768,1,4.99222,0.01,1.09881,0.327778,0.124816,0.607146
615,0.0123262,3.48407,1.05768,1,4.99222,0.01,1.09881,0.327778,0.124816,0.607146
186,0.125085,3.48392,1.06879,1,4.99222,0.01,1.09881,0.327778,0.124816,0.607146
186,0.125085,3.48392,1.06879,1,4.99222,0.01,1.09881,0.327778,0.124816,0.607146
1044,0.237846,3.48407,1.05766,1,4.99222,0.01,1.09881,0.327778,0.124816,0.607146
1044,0.237846,3.48407,1.05766,1,4.99222,0.01,1.09881,0.327778,0.124816,0.607146
38,0.365848,3.48454,1.01658,1,4.99222,0.01,1.09881,0.327778,0.124816,0.607146
38,0.365848,3.48454,1.01658,1,4.99222,0.01,1.09881,0.327778,0.124816,0.607146
664,0.492619,3.48516,0.938558,1,4.99222,0.01,1.09881,0.327778,0.124816,0.607146
664,0.492619,3.48516,0.938558,1,4.99222,0.01,1.09881,0.327778,0.124816,0.607146
235,0.602137,3.48571,0.820328,1,4.99222,0.01,1.09881,0.327778,0.124816,0.607146
235,0.602137,3.48571,0.820328,1,4.99222,0.01,1.09881,0.327778,0.124816,0.607146
1093,0.678685,3.48601,0.665235,1,4.99222,0.01,1.09881,0.327778,0.124816,0.607146
1093,0.678685,3.48601,0.665235,1,4.99222,0.01,1.09881,0.327778,0.124816,0.607146
60,0.705833,3.48592,0.490013,1,4.99222,0.01,1.09881,0.327778,0.124816,0.607146
1045,-0.449079,3.50954,0.668615,0,5.49222,0.01,1.11928,0.327778,0.124813,0.627608
59,-0.477691,3.50932,0.486365,0,5.49222,0.01,1.11928,0.327778,0.124813,0.627608
187,-0.369463,3.50937,0.82992,0,5.49222,0.01,1.11928,0.327778,0.124813,0.627608
1045,-0.449079,3.50954,0.668615,0,5.49222,0.01,1.11928,0.327778,0.124813,0.627608
616,-0.255586,3.50895,0.9529,0,5.49222,0.01,1.11928,0.327778,0.124813,0.627608
187,-0.369463,3.50937,0.82992,0,5.49222,0.01,1.11928,0.327778,0.124813,0.627608
16,-0.123746,3.50841,1.03401,0,5.49222,0.01,1.11928,0.327778,0.124813,0.627608
616,-0.255586,3.50895,0.9529,0,5.49222,0.01,1.11928,0.327778,0.124813,0.627608
16,-0.123746,3.50841,1.03401,0,5.49222,0.01,1.11928,0.327778,0.124813,0.627608
615,0.00954799,3.50797,1.07666,0,5.49222,0.01,1.11928,0.327778,0.124813,0.627608
615,0.00954799,3.50797,1.07666,0,5.49222,0.01,1.11928,0.327778,0.124813,0.627608
186,0.125048,3.50783,1.08796,0,5.49222,0.01,1.11928,0.327778,0.124813,0.627608
186,0.125048,3.50783,1.08796,0,5.49222,0.01,1.11928,0.327778,0.124813,0.627608
1044,0.240552,3.50797,1.07665,0,5.49222,0.01,1.11928,0.327778,0.124813,0.627608
1044,0.240552,3.50797,1.07665,0,5.49222,0.01,1.11928,0.327778,0.124813,0.627608
38,0.37385,3.50841,1.03401,0,5.49222,0.01,1.11928,0.327778,0.124813,0.627608
38,0.37385,3.50841,1.03401,0,5.49222,0.01,1.11928,0.327778,0.124813,0.627608
664,0.505684,3.50895,0.952887,0,5.49222,0.01,1.11928,0.327778,0.124813,0.627608
664,0.505684,3.50895,0.952887,0,5.49222,0.01,1.11928,0.327778,0.124813,0.627608
235,0.619546,3.50937,0.829904,0,5.49222,0.01,1.11928,0.327778,0.124813,0.627608
235,0.619546,3.50937,0.829904,0,5.49222,0.01,1.11928,0.327778,0.124813,0.627608
1093,0.699155,3.50953,0.668612,0,5.49222,0.01,1.11928,0.327778,0.124813,0.627608
1093,0.699155,3.50953,0.668612,0,5.49222,0.01,1.11928,0.327778,0.124813,0.627608
60,0.727772,3.50931,0.486378,0,5.49222,0.01,1.11928,0.327778,0.124813,0.627608
1045,-0.450418,3.50821,0.66963,1,5.49222,0.01,1.11928,0.327778,0.124813,0.627608
59,-0.478703,3.50802,0.487171,1,5.49222,0.01,1.11928,0.327778,0.124813,0.627608
187,-0.370564,3.50799,0.831061,1,5.49222,0.01,1.11928,0.327778,0.124813,0.627608
1045,-0.450418,3.50821,0.66963,1,5.49222,0.01,1.11928,0.327778,0.124813,0.627608
616,-0.256327,3.50752,0.954001,1,5.49222,0.01,1.11928,0.327778,0.124813,0.627608
187,-0.370564,3.50799,0.831061,1,5.49222,0.01,1.11928,0.327778,0.124813,0.627608
16,-0.124146,3.50694,1.03494,1,5.49222,0.01,1.11928,0.327778,0.124813,0.627608
616,-0.256327,3.50752,0.954001,1,5.49222,0.01,1.11928,0.327778,0.124813,0.627608
16,-0.124146,3.50694,1.03494,1,5.49222,0.01,1.11928,0.327778,0.124813,0.627608
615,0.0093947,3.50648,1.07742,1,5.49222,0.01,1.11928,0.327778,0.124813,0.627608
615,0.0093947,3.50648,1.07742,1,5.49222,0.01,1.11928,0.327778,0.124813,0.627608
186,0.125039,3.50633,1.08867,1,5.49222,0.01,1.11928,0.327778,0.124813,0.627608
186,0.125039,3.50633,1.08867,1,5.49222,0.01,1.11928,0.327778,0.124813,0.627608
1044,0.240688,3.50648,1.07742,1,5.49222,0.01,1.11928,0.327778,0.124813,0.627608
1044,0.240688,3.50648,1.07742,1,5.49222,0.01,1.11928,0.327778,0.124813,0.627608
38,0.374232,3.50694,1.03493,1,5.49222,0.01,1.11928,0.327778,0.124813,0.627608
38,0.374232,3.50694,1.03493,1,5.49222,0.01,1.11928,0.327778,0.124813,0.627608
664,0.506412,3.50751,0.953989,1,5.49222,0.01,1.11928,0.327778,0.124813,0.627608
664,0.506412,3.50751,0.953989,1,5.49222,0.01,1.11928,0.327778,0.124813,0.627608
235,0.620644,3.50799,0.831053,1,5.49222,0.01,1.11928,0.327778,0.124813,0.627608
235,0.620644,3.50799,0.831053,1,5.49222,0.01,1.11928,0.327778,0.124813,0.627608
1093,0.700492,3.5082,0.669631,1,5.49222,0.01,1.11928,0.327778,0.124813,0.627608
1093,0.700492,3.5082,0.669631,1,5.49222,0.01,1.11928,0.327778,0.124813,0.627608
60,0.728775,3.50802,0.487186,1,5.49222,0.01,1.11928,0.327778,0.124813,0.627608
1045,-0.469277,3.53179,0.672719,0,5.99222,0.01,1.13708,0.327778,0.124807,0.645417
59,-0.498929,3.53148,0.483807,0,5.99222,0.01,1.13708,0.327778,0.124807,0.645417
187,-0.386617,3.5317,0.839857,0,5.99222,0.01,1.13708,0.327778,0.124807,0.645417
1045,-0.469277,3.53179,0.672719,0,5.99222,0.01,1.13708,0.327778,0.124807,0.645417
616,-0.268388,3.53132,0.967157,0,5.99222,0.01,1.13708,0.327778,0.124807,0.645417
187,-0.386617,3.5317,0.839857,0,5.99222,0.01,1.13708,0.327778,0.124807,0.645417
16,-0.131561,3.53081,1.05095,0,5.99222,0.01,1.13708,0.327778,0.124807,0.645417
616,-0.268388,3.53132,0.967157,0,5.99222,0.01,1.13708,0.327778,0.124807,0.645417
16,-0.131561,3.53081,1.05095,0,5.99222,0.01,1.13708,0.327778,0.124807,0.645417
615,0.00682443,3.53039,1.09486,0,5.99222,0.01,1.13708,0.327778,0.124807,0.645417
615,0.00682443,3.53039,1.09486,0,5.99222,0.01,1.13708,0.327778,0.124807,0.645417
186,0.125047,3.53025,1.10627,0,5.99222,0.01,1.13708,0.327778,0.124807,0.645417
186,0.125047,3.53025,1.10627,0,5.99222,0.01,1.13708,0.327778,0.124807,0.645417
1044,0.243274,3.53039,1.09485,0,5.99222,0.01,1.13708,0.327778,0.124807,0.645417
1044,0.243274,3.53039,1.09485,0,5.99222,0.01,1.13708,0.327778,0.124807,0.645417
38,0.381664,3.53081,1.05093,0,5.99222,0.01,1.13708,0.327778,0.124807,0.645417
38,0.381664,3.53081,1.05093,0,5.99222,0.01,1.13708,0.327778,0.124807,0.645417
664,0.51849,3.53132,0.967145,0,5.99222,0.01,1.13708,0.327778,0.124807,0.645417
664,0.51849,3.53132,0.967145,0,5.99222,0.01,1.13708,0.327778,0.124807,0.645417
235,0.636709,3.53169,0.839844,0,5.99222,0.01,1.13708,0.327778,0.124807,0.645417
235,0.636709,3.53169,0.839844,0,5.99222,0.01,1.13708,0.327778,0.124807,0.645417
1093,0.71936,3.53179,0.672715,0,5.99222,0.01,1.13708,0.327778,0.124807,0.645417
1093,0.71936,3.53179,0.672715,0,5.99222,0.01,1.13708,0.327778,0.124807,0.645417
60,0.749016,3.53148,0.483821,0,5.99222,0.01,1.13708,0.327778,0.124807,0.645417
1045,-0.470512,3.53043,0.673741,1,5.99222,0.01,1.13708,0.327778,0.124807,0.645417
59,-0.499856,3.53017,0.484631,1,5.99222,0.01,1.13708,0.327778,0.124807,0.645417
187,-0.387621,3.53029,0.841005,1,5.99222,0.01,1.13708,0.327778,0.124807,0.645417
1045,-0.470512,3.53043,0.673741,1,5.99222,0.01,1.13708,0.327778,0.124807,0.645417
616,-0.269058,3.52986,0.968293,1,5.99222,0.01,1.13708,0.327778,0.124807,0.645417
187,-0.387621,3.53029,0.841005,1,5.99222,0.01,1.13708,0.327778,0.124807,0.645417
16,-0.131903,3.52931,1.05194,1,5.99222,0.01,1.13708,0.327778,0.124807,0.645417
616,-0.269058,3.52986,0.968293,1,5.99222,0.01,1.13708,0.327778,0.124807,0.645417
16,-0.131903,3.52931,1.05194,1,5.99222,0.01,1.13708,0.327778,0.124807,0.645417
615,0.00673151,3.52887,1.09572,1,5.99222,0.01,1.13708,0.327778,0.124807,0.645417
615,0.00673151,3.52887,1.09572,1,5.99222,0.01,1.13708,0.327778,0.124807,0.645417
186,0.125108,3.52872,1.1071,1,5.99222,0.01,1.13708,0.327778,0.124807,0.645417
186,0.125108,3.52872,1.1071,1,5.99222,0.01,1.13708,0.327778,0.124807,0.645417
1044,0.243489,3.52887,1.09571,1,5.99222,0.01,1.13708,0.327778,0.124807,0.645417
1044,0.243489,3.52887,1.09571,1,5.99222,0.01,1.13708,0.327778,0.124807,0.645417
38,0.382124,3.52931,1.05192,1,5.99222,0.01,1.13708,0.327778,0.124807,0.645417
38,0.382124,3.52931,1.05192,1,5.99222,0.01,1.13708,0.327778,0.124807,0.645417
664,0.519272,3.52985,0.968256,1,5.99222,0.01,1.13708,0.327778,0.124807,0.645417
664,0.519272,3.52985,0.968256,1,5.99222,0.01,1.13708,0.327778,0.124807,0.645417
235,0.637824,3.53027,0.840966,1,5.99222,0.01,1.13708,0.327778,0.124807,0.645417
235,0.637824,3.53027,0.840966,1,5.99222,0.01,1.13708,0.327778,0.124807,0.645417
1093,0.720698,3.5304,0.673707,1,5.99222,0.01,1.13708,0.327778,0.124807,0.645417
1093,0.720698,3.5304,0.673707,1,5.99222,0.01,1.13708,0.327778,0.124807,0.645417
60,0.75003,3.53014,0.484611,1,5.99222,0.01,1.13708,0.327778,0.124807,0.645417
1045,-0.488073,3.5537,0.676583,0,6.49222,0.01,1.15261,0.327778,0.124804,0.660947
59,-0.518682,3.55331,0.48147,0,6.49222,0.01,1.15261,0.327778,0.124804,0.660947
187,-0.402598,3.55368,0.849152,0,6.49222,0.01,1.15261,0.327778,0.124804,0.660947
1045,-0.488073,3.5537,0.676583,0,6.49222,0.01,1.15261,0.327778,0.124804,0.660947
616,-0.280351,3.55335,0.980519,0,6.49222,0.01,1.15261,0.327778,0.124804,0.660947
187,-0.402598,3.55368,0.849152,0,6.49222,0.01,1.15261,0.327778,0.124804,0.660947
16,-0.138885,3.55286,1.06684,0,6.49222,0.01,1.15261,0.327778,0.124804,0.660947
616,-0.280351,3.55335,0.980519,0,6.49222,0.01,1.15261,0.327778,0.124804,0.660947
16,-0.138885,3.55286,1.06684,0,6.49222,0.01,1.15261,0.327778,0.124804,0.660947
615,0.00423297,3.55244,1.11199,0,6.49222,0.01,1.15261,0.327778,0.124804,0.660947
615,0.00423297,3.55244,1.11199,0,6.49222,0.01,1.15261,0.327778,0.124804,0.660947
186,0.125052,3.5523,1.12355,0,6.49222,0.01,1.15261,0.327778,0.124804,0.660947
186,0.125052,3.5523,1.12355,0,6.49222,0.01,1.15261,0.327778,0.124804,0.660947
1044,0.245876,3.55245,1.11198,0,6.49222,0.01,1.15261,0.327778,0.124804,0.660947
1044,0.245876,3.55245,1.11198,0,6.49222,0.01,1.15261,0.327778,0.124804,0.660947
38,0.388997,3.55286,1.06682,0,6.49222,0.01,1.15261,0.327778,0.124804,0.660947
38,0.388997,3.55286,1.06682,0,6.49222,0.01,1.15261,0.327778,0.124804,0.660947
664,0.53046,3.55335,0.980505,0,6.49222,0.01,1.15261,0.327778,0.124804,0.660947
664,0.53046,3.55335,0.980505,0,6.49222,0.01,1.15261,0.327778,0.124804,0.660947
235,0.652697,3.55368,0.849141,0,6.49222,0.01,1.15261,0.327778,0.124804,0.660947
235,0.652697,3.55368,0.849141,0,6.49222,0.01,1.15261,0.327778,0.124804,0.660947
1093,0.738162,3.55369,0.676583,0,6.49222,0.01,1.15261,0.327778,0.124804,0.660947
1093,0.738162,3.55369,0.676583,0,6.49222,0.01,1.15261,0.327778,0.124804,0.660947
60,0.768778,3.55331,0.481484,0,6.49222,0.01,1.15261,0.327778,0.124804,0.660947
1045,-0.489396,3.55231,0.677578,1,6.49222,0.01,1.15261,0.327778,0.124804,0.660947
59,-0.519711,3.55198,0.482268,1,6.49222,0.01,1.15261,0.327778,0.124804,0.660947
187,-0.403692,3.55223,0.850284,1,6.49222,0.01,1.15261,0.327778,0.124804,0.660947
1045,-0.489396,3.55231,0.677578,1,6.49222,0.01,1.15261,0.327778,0.124804,0.660947
616,-0.281104,3.55186,0.981631,1,6.49222,0.01,1.15261,0.327778,0.124804,0.660947
187,-0.403692,3.55223,0.850284,1,6.49222,0.01,1.15261,0.327778,0.124804,0.660947
16,-0.139327,3.55133,1.06782,1,6.49222,0.01,1.15261,0.327778,0.124804,0.660947
616,-0.281104,3.55186,0.981631,1,6.49222,0.01,1.15261,0.327778,0.124804,0.660947
16,-0.139327,3.55133,1.06782,1,6.49222,0.01,1.15261,0.327778,0.124804,0.660947
615,0.00404146,3.5509,1.11283,1,6.49222,0.01,1.15261,0.327778,0.124804,0.660947
615,0.00404146,3.5509,1.11283,1,6.49222,0.01,1.15261,0.327778,0.124804,0.660947
186,0.125018,3.55075,1.12435,1,6.49222,0.01,1.15261,0.327778,0.124804,0.660947
186,0.125018,3.55075,1.12435,1,6.49222,0.01,1.15261,0.327778,0.124804,0.660947
1044,0.246001,3.5509,1.11283,1,6.49222,0.01,1.15261,0.327778,0.124804,0.660947
1044,0.246001,3.5509,1.11283,1,6.49222,0.01,1.15261,0.327778,0.124804,0.660947
38,0.389374,3.55134,1.06782,1,6.49222,0.01,1.15261,0.327778,0.124804,0.660947
38,0.389374,3.55134,1.06782,1,6.49222,0.01,1.15261,0.327778,0.124804,0.660947
664,0.531149,3.55186,0.981628,1,6.49222,0.01,1.15261,0.327778,0.124804,0.660947
664,0.531149,3.55186,0.981628,1,6.49222,0.01,1.15261,0.327778,0.124804,0.660947
235,0.653732,3.55223,0.850288,1,6.49222,0.01,1.15261,0.327778,0.124804,0.660947
235,0.653732,3.55223,0.850288,1,6.49222,0.01,1.15261,0.327778,0.124804,0.660947
1093,0.739434,3.55231,0.677595,1,6.49222,0.01,1.15261,0.327778,0.124804,0.660947
1093,0.739434,3.55231,0.677595,1,6.49222,0.01,1.15261,0.327778,0.124804,0.660947
60,0.769754,3.55199,0.482304,1,6.49222,0.01,1.15261,0.327778,0.124804,0.660947
1045,-0.505757,3.57515,0.680294,0,6.99222,0.01,1.16607,0.327778,0.124798,0.674407
59,-0.537287,3.57471,0.479371,0,6.99222,0.01,1.16607,0.327778,0.124798,0.674407
187,-0.417614,3.57517,0.857951,0,6.99222,0.01,1.16607,0.327778,0.124798,0.674407
1045,-0.505757,3.57515,0.680294,0,6.99222,0.01,1.16607,0.327778,0.124798,0.674407
616,-0.291587,3.57489,0.993111,0,6.99222,0.01,1.16607,0.327778,0.124798,0.674407
187,-0.417614,3.57517,0.857951,0,6.99222,0.01,1.16607,0.327778,0.124798,0.674407
16,-0.145794,3.57442,1.08181,0,6.99222,0.01,1.16607,0.327778,0.124798,0.674407
616,-0.291587,3.57489,0.993111,0,6.99222,0.01,1.16607,0.327778,0.124798,0.674407
16,-0.145794,3.57442,1.08181,0,6.99222,0.01,1.16607,0.327778,0.124798,0.674407
615,0.00175788,3.57401,1.12811,0,6.99222,0.01,1.16607,0.327778,0.124798,0.674407
615,0.00175788,3.57401,1.12811,0,6.99222,0.01,1.16607,0.327778,0.124798,0.674407
186,0.125052,3.57385,1.13981,0,6.99222,0.01,1.16607,0.327778,0.124798,0.674407
186,0.125052,3.57385,1.13981,0,6.99222,0.01,1.16607,0.327778,0.124798,0.674407
1044,0.248353,3.57401,1.1281,0,6.99222,0.01,1.16607,0.327778,0.124798,0.674407
1044,0.248353,3.57401,1.1281,0,6.99222,0.01,1.16607,0.327778,0.124798,0.674407
38,0.395909,3.57442,1.0818,0,6.99222,0.01,1.16607,0.327778,0.124798,0.674407
38,0.395909,3.57442,1.0818,0,6.99222,0.01,1.16607,0.327778,0.124798,0.674407
664,0.5417,3.57488,0.993098,0,6.99222,0.01,1.16607,0.327778,0.124798,0.674407
664,0.5417,3.57488,0.993098,0,6.99222,0.01,1.16607,0.327778,0.124798,0.674407
235,0.667716,3.57517,0.857939,0,6.99222,0.01,1.16607,0.327778,0.124798,0.674407
235,0.667716,3.57517,0.857939,0,6.99222,0.01,1.16607,0.327778,0.124798,0.674407
1093,0.755849,3.57514,0.680295,0,6.99222,0.01,1.16607,0.327778,0.124798,0.674407
1093,0.755849,3.57514,0.680295,0,6.99222,0.01,1.16607,0.327778,0.124798,0.674407
60,0.787386,3.5747,0.479387,0,6.99222,0.01,1.16607,0.327778,0.124798,0.674407
1045,-0.507079,3.57375,0.681231,1,6.99222,0.01,1.16607,0.327778,0.124798,0.674407
59,-0.538319,3.57336,0.480105,1,6.99222,0.01,1.16607,0.327778,0.124798,0.674407
187,-0.418725,3.57372,0.859042,1,6.99222,0.01,1.16607,0.327778,0.124798,0.674407
1045,-0.507079,3.57375,0.681231,1,6.99222,0.01,1.16607,0.327778,0.124798,0.674407
616,-0.292359,3.57338,0.994197,1,6.99222,0.01,1.16607,0.327778,0.124798,0.674407
187,-0.418725,3.57372,0.859042,1,6.99222,0.01,1.16607,0.327778,0.124798,0.674407
16,-0.146243,3.57287,1.08278,1,6.99222,0.01,1.16607,0.327778,0.124798,0.674407
616,-0.292359,3.57338,0.994197,1,6.99222,0.01,1.16607,0.327778,0.124798,0.674407
16,-0.146243,3.57287,1.08278,1,6.99222,0.01,1.16607,0.327778,0.124798,0.674407
615,0.00156491,3.57244,1.12894,1,6.99222,0.01,1.16607,0.327778,0.124798,0.674407
615,0.00156491,3.57244,1.12894,1,6.99222,0.01,1.16607,0.327778,0.124798,0.674407
186,0.125032,3.57228,1.1406,1,6.99222,0.01,1.16607,0.327778,0.124798,0.674407
186,0.125032,3.57228,1.1406,1,6.99222,0.01,1.16607,0.327778,0.124798,0.674407
1044,0.248505,3.57244,1.12893,1,6.99222,0.01,1.16607,0.327778,0.124798,0.674407
1044,0.248505,3.57244,1.12893,1,6.99222,0.01,1.16607,0.327778,0.124798,0.674407
38,0.396318,3.57287,1.08277,1,6.99222,0.01,1.16607,0.327778,0.124798,0.674407
38,0.396318,3.57287,1.08277,1,6.99222,0.01,1.16607,0.327778,0.124798,0.674407
664,0.542431,3.57338,0.994188,1,6.99222,0.01,1.16607,0.327778,0.124798,0.674407
664,0.542431,3.57338,0.994188,1,6.99222,0.01,1.16607,0.327778,0.124798,0.674407
235,0.668793,3.57372,0.859038,1,6.99222,0.01,1.16607,0.327778,0.124798,0.674407
235,0.668793,3.57372,0.859038,1,6.99222,0.01,1.16607,0.327778,0.124798,0.674407
1093,0.757143,3.57375,0.681242,1,6.99222,0.01,1.16607,0.327778,0.124798,0.674407
1093,0.757143,3.57375,0.681242,1,6.99222,0.01,1.16607,0.327778,0.124798,0.674407
60,0.788385,3.57336,0.480132,1,6.99222,0.01,1.16607,0.327778,0.124798,0.674407
1045,-0.522461,3.59605,0.683828,0,7.49222,0.01,1.17786,0.327778,0.124794,0.686191
59,-0.554867,3.59557,0.477415,0,7.49222,0.01,1.17786,0.327778,0.124794,0.686191
187,-0.431828,3.59612,0.866308,0,7.49222,0.01,1.17786,0.327778,0.124794,0.686191
1045,-0.522461,3.59605,0.683828,0,7.49222,0.01,1.17786,0.327778,0.124794,0.686191
616,-0.302238,3.59586,1.00507,0,7.49222,0.01,1.17786,0.327778,0.124794,0.686191
187,-0.431828,3.59612,0.866308,0,7.49222,0.01,1.17786,0.327778,0.124794,0.686191
16,-0.152351,3.59541,1.09601,0,7.49222,0.01,1.17786,0.327778,0.124794,0.686191
616,-0.302238,3.59586,1.00507,0,7.49222,0.01,1.17786,0.327778,0.124794,0.686191
16,-0.152351,3.59541,1.09601,0,7.49222,0.01,1.17786,0.327778,0.124794,0.686191
615,-0.00061798,3.595,1.14336,0,7.49222,0.01,1.17786,0.327778,0.124794,0.686191
615,-0.00061798,3.595,1.14336,0,7.49222,0.01,1.17786,0.327778,0.124794,0.686191
186,0.125053,3.59486,1.1552,0,7.49222,0.01,1.17786,0.327778,0.124794,0.686191
186,0.125053,3.59486,1.1552,0,7.49222,0.01,1.17786,0.327778,0.124794,0.686191
1044,0.250731,3.595,1.14335,0,7.49222,0.01,1.17786,0.327778,0.124794,0.686191
1044,0.250731,3.595,1.14335,0,7.49222,0.01,1.17786,0.327778,0.124794,0.686191
38,0.402469,3.59541,1.096,0,7.49222,0.01,1.17786,0.327778,0.124794,0.686191
38,0.402469,3.59541,1.096,0,7.49222,0.01,1.17786,0.327778,0.124794,0.686191
664,0.552355,3.59585,1.00505,0,7.49222,0.01,1.17786,0.327778,0.124794,0.686191
664,0.552355,3.59585,1.00505,0,7.49222,0.01,1.17786,0.327778,0.124794,0.686191
235,0.681934,3.59611,0.866297,0,7.49222,0.01,1.17786,0.327778,0.124794,0.686191
235,0.681934,3.59611,0.866297,0,7.49222,0.01,1.17786,0.327778,0.124794,0.686191
1093,0.77256,3.59605,0.683829,0,7.49222,0.01,1.17786,0.327778,0.124794,0.686191
1093,0.77256,3.59605,0.683829,0,7.49222,0.01,1.17786,0.327778,0.124794,0.686191
60,0.804981,3.59556,0.477435,0,7.49222,0.01,1.17786,0.327778,0.124794,0.686191
1045,-0.523783,3.59468,0.684679,1,7.49222,0.01,1.17786,0.327778,0.124794,0.686191
59,-0.555895,3.59424,0.478061,1,7.49222,0.01,1.17786,0.327778,0.124794,0.686191
187,-0.432932,3.59469,0.86731,1,7.49222,0.01,1.17786,0.327778,0.124794,0.686191
1045,-0.523783,3.59468,0.684679,1,7.49222,0.01,1.17786,0.327778,0.124794,0.686191
616,-0.303004,3.59438,1.00606,1,7.49222,0.01,1.17786,0.327778,0.124794,0.686191
187,-0.432932,3.59469,0.86731,1,7.49222,0.01,1.17786,0.327778,0.124794,0.686191
16,-0.1528,3.59388,1.09691,1,7.49222,0.01,1.17786,0.327778,0.124794,0.686191
616,-0.303004,3.59438,1.00606,1,7.49222,0.01,1.17786,0.327778,0.124794,0.686191
16,-0.1528,3.59388,1.09691,1,7.49222,0.01,1.17786,0.327778,0.124794,0.686191
615,-0.000811046,3.59345,1.14416,1,7.49222,0.01,1.17786,0.327778,0.124794,0.686191
615,-0.000811046,3.59345,1.14416,1,7.49222,0.01,1.17786,0.327778,0.124794,0.686191
186,0.125041,3.59329,1.15597,1,7.49222,0.01,1.17786,0.327778,0.124794,0.686191
186,0.125041,3.59329,1.15597,1,7.49222,0.01,1.17786,0.327778,0.124794,0.686191
1044,0.250901,3.59345,1.14416,1,7.49222,0.01,1.17786,0.327778,0.124794,0.686191
1044,0.250901,3.59345,1.14416,1,7.49222,0.01,1.17786,0.327778,0.124794,0.686191
38,0.402895,3.59389,1.0969,1,7.49222,0.01,1.17786,0.327778,0.124794,0.686191
38,0.402895,3.59389,1.0969,1,7.49222,0.01,1.17786,0.327778,0.124794,0.686191
664,0.553097,3.59438,1.00605,1,7.49222,0.01,1.17786,0.327778,0.124794,0.686191
664,0.553097,3.59438,1.00605,1,7.49222,0.01,1.17786,0.327778,0.124794,0.686191
235,0.683018,3.59469,0.867304,1,7.49222,0.01,1.17786,0.327778,0.124794,0.686191
235,0.683018,3.59469,0.867304,1,7.49222,0.01,1.17786,0.327778,0.124794,0.686191
1093,0.773862,3.59468,0.684687,1,7.49222,0.01,1.17786,0.327778,0.124794,0.686191
1093,0.773862,3.59468,0.684687,1,7.49222,0.01,1.17786,0.327778,0.124794,0.686191
60,0.80598,3.59423,0.478087,1,7.49222,0.01,1.17786,0.327778,0.124794,0.686191
