id,x,y,z,ablated,v,bulkheadyoungs,nickdepth,nickw,nickc,bbmin
1045,-0.319263,3.43222,0.643967,0,3.49222,0.1,1.02058,0.327778,0.12484,0.528917
59,-0.346302,3.43251,0.498487,0,3.49222,0.1,1.02058,0.327778,0.12484,0.528917
187,-0.262725,3.4316,0.77615,0,3.49222,0.1,1.02058,0.327778,0.12484,0.528917
1045,-0.319263,3.43222,0.643967,0,3.49222,0.1,1.02058,0.327778,0.12484,0.528917
616,-0.180347,3.43083,0.881983,0,3.49222,0.1,1.02058,0.327778,0.12484,0.528917
187,-0.262725,3.4316,0.77615,0,3.49222,0.1,1.02058,0.327778,0.12484,0.528917
16,-0.0811133,3.43008,0.956929,0,3.49222,0.1,1.02058,0.327778,0.12484,0.528917
616,-0.180347,3.43083,0.881983,0,3.49222,0.1,1.02058,0.327778,0.12484,0.528917
16,-0.0811133,3.43008,0.956929,0,3.49222,0.1,1.02058,0.327778,0.12484,0.528917
615,0.0229535,3.42955,0.997947,0,3.49222,0.1,1.02058,0.327778,0.12484,0.528917
615,0.0229535,3.42955,0.997947,0,3.49222,0.1,1.02058,0.327778,0.12484,0.528917
186,0.125029,3.42939,1.01031,0,3.49222,0.1,1.02058,0.327778,0.12484,0.528917
186,0.125029,3.42939,1.01031,0,3.49222,0.1,1.02058,0.327778,0.12484,0.528917
1044,0.227102,3.42955,0.997924,0,3.49222,0.1,1.02058,0.327778,0.12484,0.528917
1044,0.227102,3.42955,0.997924,0,3.49222,0.1,1.02058,0.327778,0.12484,0.528917
38,0.331171,3.43008,0.956915,0,3.49222,0.1,1.02058,0.327778,0.12484,0.528917
38,0.331171,3.43008,0.956915,0,3.49222,0.1,1.02058,0.327778,0.12484,0.528917
664,0.430408,3.43082,0.88198,0,3.49222,0.1,1.02058,0.327778,0.12484,0.528917
664,0.430408,3.43082,0.88198,0,3.49222,0.1,1.02058,0.327778,0.12484,0.528917
235,0.512777,3.4316,0.776146,0,3.49222,0.1,1.02058,0.327778,0.12484,0.528917
235,0.512777,3.4316,0.776146,0,3.49222,0.1,1.02058,0.327778,0.12484,0.528917
1093,0.569291,3.43222,0.643966,0,3.49222,0.1,1.02058,0.327778,0.12484,0.528917
1093,0.569291,3.43222,0.643966,0,3.49222,0.1,1.02058,0.327778,0.12484,0.528917
60,0.596328,3.4325,0.498502,0,3.49222,0.1,1.02058,0.327778,0.12484,0.528917
1045,-0.341958,3.43196,0.650622,1,3.49222,0.1,1.02058,0.327778,0.12484,0.528917
59,-0.36461,3.43233,0.502184,1,3.49222,0.1,1.02058,0.327778,0.12484,0.528917
187,-0.279815,3.43125,0.783136,1,3.49222,0.1,1.02058,0.327778,0.12484,0.528917
1045,-0.341958,3.43196,0.650622,1,3.49222,0.1,1.02058,0.327778,0.12484,0.528917
616,-0.190178,3.43038,0.885819,1,3.49222,0.1,1.02058,0.327778,0.12484,0.528917
187,-0.279815,3.43125,0.783136,1,3.49222,0.1,1.02058,0.327778,0.12484,0.528917
16,-0.085141,3.42956,0.955305,1,3.49222,0.1,1.02058,0.327778,0.12484,0.528917
616,-0.190178,3.43038,0.885819,1,3.49222,0.1,1.02058,0.327778,0.12484,0.528917
16,-0.085141,3.42956,0.955305,1,3.49222,0.1,1.02058,0.327778,0.12484,0.528917
615,0.022171,3.42898,0.990682,1,3.49222,0.1,1.02058,0.327778,0.12484,0.528917
615,0.022171,3.42898,0.990682,1,3.49222,0.1,1.02058,0.327778,0.12484,0.528917
186,0.125047,3.42881,1.00089,1,3.49222,0.1,1.02058,0.327778,0.12484,0.528917
186,0.125047,3.42881,1.00089,1,3.49222,0.1,1.02058,0.327778,0.12484,0.528917
1044,0.227923,3.42898,0.99068,1,3.49222,0.1,1.02058,0.327778,0.12484,0.528917
1044,0.227923,3.42898,0.99068,1,3.49222,0.1,1.02058,0.327778,0.12484,0.528917
38,0.335232,3.42956,0.955292,1,3.49222,0.1,1.02058,0.327778,0.12484,0.528917
38,0.335232,3.42956,0.955292,1,3.49222,0.1,1.02058,0.327778,0.12484,0.528917
664,0.440261,3.43038,0.8858,1,3.49222,0.1,1.02058,0.327778,0.12484,0.528917
664,0.440261,3.43038,0.8858,1,3.49222,0.1,1.02058,0.327778,0.12484,0.528917
235,0.529896,3.43124,0.783125,1,3.49222,0.1,1.02058,0.327778,0.12484,0.528917
235,0.529896,3.43124,0.783125,1,3.49222,0.1,1.02058,0.327778,0.12484,0.528917
1093,0.592034,3.43195,0.650619,1,3.49222,0.1,1.02058,0.327778,0.12484,0.528917
1093,0.592034,3.43195,0.650619,1,3.49222,0.1,1.02058,0.327778,0.12484,0.528917
60,0.614652,3.43232,0.50219,1,3.49222,0.1,1.02058,0.327778,0.12484,0.528917
1045,-0.355334,3.44808,0.651719,0,3.99222,0.1,1.05303,0.327778,0.124832,0.561359
59,-0.382968,3.44819,0.495847,0,3.99222,0.1,1.05303,0.327778,0.124832,0.561359
187,-0.292278,3.44767,0.791785,0,3.99222,0.1,1.05303,0.327778,0.124832,0.561359
1045,-0.355334,3.44808,0.651719,0,3.99222,0.1,1.05303,0.327778,0.124832,0.561359
616,-0.200815,3.44706,0.901847,0,3.99222,0.1,1.05303,0.327778,0.124832,0.561359
187,-0.292278,3.44767,0.791785,0,3.99222,0.1,1.05303,0.327778,0.124832,0.561359
16,-0.0921653,3.44643,0.977518,0,3.99222,0.1,1.05303,0.327778,0.124832,0.561359
616,-0.200815,3.44706,0.901847,0,3.99222,0.1,1.05303,0.327778,0.124832,0.561359
16,-0.0921653,3.44643,0.977518,0,3.99222,0.1,1.05303,0.327778,0.124832,0.561359
615,0.0197596,3.44596,1.01847,0,3.99222,0.1,1.05303,0.327778,0.124832,0.561359
615,0.0197596,3.44596,1.01847,0,3.99222,0.1,1.05303,0.327778,0.124832,0.561359
186,0.125034,3.44582,1.03036,0,3.99222,0.1,1.05303,0.327778,0.124832,0.561359
186,0.125034,3.44582,1.03036,0,3.99222,0.1,1.05303,0.327778,0.124832,0.561359
1044,0.230311,3.44596,1.01847,0,3.99222,0.1,1.05303,0.327778,0.124832,0.561359
1044,0.230311,3.44596,1.01847,0,3.99222,0.1,1.05303,0.327778,0.124832,0.561359
38,0.342238,3.44643,0.97751,0,3.99222,0.1,1.05303,0.327778,0.124832,0.561359
38,0.342238,3.44643,0.97751,0,3.99222,0.1,1.05303,0.327778,0.124832,0.561359
664,0.450885,3.44706,0.901838,0,3.99222,0.1,1.05303,0.327778,0.124832,0.561359
664,0.450885,3.44706,0.901838,0,3.99222,0.1,1.05303,0.327778,0.124832,0.561359
235,0.542334,3.44766,0.791772,0,3.99222,0.1,1.05303,0.327778,0.124832,0.561359
235,0.542334,3.44766,0.791772,0,3.99222,0.1,1.05303,0.327778,0.124832,0.561359
1093,0.605377,3.44808,0.651714,0,3.99222,0.1,1.05303,0.327778,0.124832,0.561359
1093,0.605377,3.44808,0.651714,0,3.99222,0.1,1.05303,0.327778,0.124832,0.561359
60,0.633015,3.44818,0.495857,0,3.99222,0.1,1.05303,0.327778,0.124832,0.561359
1045,-0.374466,3.44763,0.657327,1,3.99222,0.1,1.05303,0.327778,0.124832,0.561359
59,-0.398407,3.44788,0.498685,1,3.99222,0.1,1.05303,0.327778,0.124832,0.561359
187,-0.30718,3.44706,0.798426,1,3.99222,0.1,1.05303,0.327778,0.124832,0.561359
1045,-0.374466,3.44763,0.657327,1,3.99222,0.1,1.05303,0.327778,0.124832,0.561359
616,-0.210044,3.44632,0.906866,1,3.99222,0.1,1.05303,0.327778,0.124832,0.561359
187,-0.30718,3.44706,0.798426,1,3.99222,0.1,1.05303,0.327778,0.124832,0.561359
16,-0.0966871,3.44559,0.979185,1,3.99222,0.1,1.05303,0.327778,0.124832,0.561359
616,-0.210044,3.44632,0.906866,1,3.99222,0.1,1.05303,0.327778,0.124832,0.561359
16,-0.0966871,3.44559,0.979185,1,3.99222,0.1,1.05303,0.327778,0.124832,0.561359
615,0.0185137,3.44506,1.01615,1,3.99222,0.1,1.05303,0.327778,0.124832,0.561359
615,0.0185137,3.44506,1.01615,1,3.99222,0.1,1.05303,0.327778,0.124832,0.561359
186,0.12509,3.4449,1.02675,1,3.99222,0.1,1.05303,0.327778,0.124832,0.561359
186,0.12509,3.4449,1.02675,1,3.99222,0.1,1.05303,0.327778,0.124832,0.561359
1044,0.231664,3.44506,1.01613,1,3.99222,0.1,1.05303,0.327778,0.124832,0.561359
1044,0.231664,3.44506,1.01613,1,3.99222,0.1,1.05303,0.327778,0.124832,0.561359
38,0.346859,3.44558,0.979146,1,3.99222,0.1,1.05303,0.327778,0.124832,0.561359
38,0.346859,3.44558,0.979146,1,3.99222,0.1,1.05303,0.327778,0.124832,0.561359
664,0.460205,3.44631,0.906818,1,3.99222,0.1,1.05303,0.327778,0.124832,0.561359
664,0.460205,3.44631,0.906818,1,3.99222,0.1,1.05303,0.327778,0.124832,0.561359
235,0.557332,3.44704,0.798379,1,3.99222,0.1,1.05303,0.327778,0.124832,0.561359
235,0.557332,3.44704,0.798379,1,3.99222,0.1,1.05303,0.327778,0.124832,0.561359
1093,0.624599,3.44762,0.657281,1,3.99222,0.1,1.05303,0.327778,0.124832,0.561359
1093,0.624599,3.44762,0.657281,1,3.99222,0.1,1.05303,0.327778,0.124832,0.561359
60,0.648514,3.44787,0.49865,1,3.99222,0.1,1.05303,0.327778,0.124832,0.561359
1045,-0.383466,3.46841,0.657653,0,4.49222,0.1,1.08017,0.327778,0.124828,0.588507
59,-0.412293,3.46839,0.492895,0,4.49222,0.1,1.08017,0.327778,0.124828,0.588507
187,-0.315665,3.46813,0.804967,0,4.49222,0.1,1.08017,0.327778,0.124828,0.588507
1045,-0.383466,3.46841,0.657653,0,4.49222,0.1,1.08017,0.327778,0.124828,0.588507
616,-0.217662,3.46763,0.919852,0,4.49222,0.1,1.08017,0.327778,0.124828,0.588507
187,-0.315665,3.46813,0.804967,0,4.49222,0.1,1.08017,0.327778,0.124828,0.588507
16,-0.101933,3.46707,0.997928,0,4.49222,0.1,1.08017,0.327778,0.124828,0.588507
616,-0.217662,3.46763,0.919852,0,4.49222,0.1,1.08017,0.327778,0.124828,0.588507
16,-0.101933,3.46707,0.997928,0,4.49222,0.1,1.08017,0.327778,0.124828,0.588507
615,0.0166985,3.46665,1.03992,0,4.49222,0.1,1.08017,0.327778,0.124828,0.588507
615,0.0166985,3.46665,1.03992,0,4.49222,0.1,1.08017,0.327778,0.124828,0.588507
186,0.125045,3.46651,1.05175,0,4.49222,0.1,1.08017,0.327778,0.124828,0.588507
186,0.125045,3.46651,1.05175,0,4.49222,0.1,1.08017,0.327778,0.124828,0.588507
1044,0.233391,3.46665,1.03991,0,4.49222,0.1,1.08017,0.327778,0.124828,0.588507
1044,0.233391,3.46665,1.03991,0,4.49222,0.1,1.08017,0.327778,0.124828,0.588507
38,0.352023,3.46707,0.997924,0,4.49222,0.1,1.08017,0.327778,0.124828,0.588507
38,0.352023,3.46707,0.997924,0,4.49222,0.1,1.08017,0.327778,0.124828,0.588507
664,0.467747,3.46763,0.919843,0,4.49222,0.1,1.08017,0.327778,0.124828,0.588507
664,0.467747,3.46763,0.919843,0,4.49222,0.1,1.08017,0.327778,0.124828,0.588507
235,0.565738,3.46813,0.804951,0,4.49222,0.1,1.08017,0.327778,0.124828,0.588507
235,0.565738,3.46813,0.804951,0,4.49222,0.1,1.08017,0.327778,0.124828,0.588507
1093,0.633527,3.46841,0.657644,0,4.49222,0.1,1.08017,0.327778,0.124828,0.588507
1093,0.633527,3.46841,0.657644,0,4.49222,0.1,1.08017,0.327778,0.124828,0.588507
60,0.662352,3.46838,0.4929,0,4.49222,0.1,1.08017,0.327778,0.124828,0.588507
1045,-0.401644,3.46789,0.662734,1,4.49222,0.1,1.08017,0.327778,0.124828,0.588507
59,-0.426849,3.46802,0.495243,1,4.49222,0.1,1.08017,0.327778,0.124828,0.588507
187,-0.330184,3.46744,0.811445,1,4.49222,0.1,1.08017,0.327778,0.124828,0.588507
1045,-0.401644,3.46789,0.662734,1,4.49222,0.1,1.08017,0.327778,0.124828,0.588507
616,-0.227031,3.46681,0.925345,1,4.49222,0.1,1.08017,0.327778,0.124828,0.588507
187,-0.330184,3.46744,0.811445,1,4.49222,0.1,1.08017,0.327778,0.124828,0.588507
16,-0.106843,3.46616,1.0008,1,4.49222,0.1,1.08017,0.327778,0.124828,0.588507
616,-0.227031,3.46681,0.925345,1,4.49222,0.1,1.08017,0.327778,0.124828,0.588507
16,-0.106843,3.46616,1.0008,1,4.49222,0.1,1.08017,0.327778,0.124828,0.588507
615,0.0151277,3.46568,1.03955,1,4.49222,0.1,1.08017,0.327778,0.124828,0.588507
615,0.0151277,3.46568,1.03955,1,4.49222,0.1,1.08017,0.327778,0.124828,0.588507
186,0.125101,3.46552,1.05043,1,4.49222,0.1,1.08017,0.327778,0.124828,0.588507
186,0.125101,3.46552,1.05043,1,4.49222,0.1,1.08017,0.327778,0.124828,0.588507
1044,0.235075,3.46567,1.03954,1,4.49222,0.1,1.08017,0.327778,0.124828,0.588507
1044,0.235075,3.46567,1.03954,1,4.49222,0.1,1.08017,0.327778,0.124828,0.588507
38,0.357042,3.46615,1.00077,1,4.49222,0.1,1.08017,0.327778,0.124828,0.588507
38,0.357042,3.46615,1.00077,1,4.49222,0.1,1.08017,0.327778,0.124828,0.588507
664,0.477222,3.4668,0.925311,1,4.49222,0.1,1.08017,0.327778,0.124828,0.588507
664,0.477222,3.4668,0.925311,1,4.49222,0.1,1.08017,0.327778,0.124828,0.588507
235,0.580361,3.46742,0.811408,1,4.49222,0.1,1.08017,0.327778,0.124828,0.588507
235,0.580361,3.46742,0.811408,1,4.49222,0.1,1.08017,0.327778,0.124828,0.588507
1093,0.651806,3.46786,0.662701,1,4.49222,0.1,1.08017,0.327778,0.124828,0.588507
1093,0.651806,3.46786,0.662701,1,4.49222,0.1,1.08017,0.327778,0.124828,0.588507
60,0.677003,3.468,0.495223,1,4.49222,0.1,1.08017,0.327778,0.124828,0.588507
1045,-0.407702,3.49062,0.662926,0,4.99222,0.1,1.10235,0.327778,0.124821,0.610686
59,-0.437801,3.49047,0.490326,0,4.99222,0.1,1.10235,0.327778,0.124821,0.610686
187,-0.335983,3.49045,0.816808,0,4.99222,0.1,1.10235,0.327778,0.124821,0.610686
1045,-0.407702,3.49062,0.662926,0,4.99222,0.1,1.10235,0.327778,0.124821,0.610686
616,-0.232519,3.49004,0.936308,0,4.99222,0.1,1.10235,0.327778,0.124821,0.610686
187,-0.335983,3.49045,0.816808,0,4.99222,0.1,1.10235,0.327778,0.124821,0.610686
16,-0.110764,3.48955,1.01699,0,4.99222,0.1,1.10235,0.327778,0.124821,0.610686
616,-0.232519,3.49004,0.936308,0,4.99222,0.1,1.10235,0.327778,0.124821,0.610686
16,-0.110764,3.48955,1.01699,0,4.99222,0.1,1.10235,0.327778,0.124821,0.610686
615,0.01381,3.48916,1.06016,0,4.99222,0.1,1.10235,0.327778,0.124821,0.610686
615,0.01381,3.48916,1.06016,0,4.99222,0.1,1.10235,0.327778,0.124821,0.610686
186,0.125043,3.48903,1.07204,0,4.99222,0.1,1.10235,0.327778,0.124821,0.610686
186,0.125043,3.48903,1.07204,0,4.99222,0.1,1.10235,0.327778,0.124821,0.610686
1044,0.23628,3.48916,1.06016,0,4.99222,0.1,1.10235,0.327778,0.124821,0.610686
1044,0.23628,3.48916,1.06016,0,4.99222,0.1,1.10235,0.327778,0.124821,0.610686
38,0.360855,3.48955,1.01698,0,4.99222,0.1,1.10235,0.327778,0.124821,0.610686
38,0.360855,3.48955,1.01698,0,4.99222,0.1,1.10235,0.327778,0.124821,0.610686
664,0.482606,3.49004,0.936293,0,4.99222,0.1,1.10235,0.327778,0.124821,0.610686
664,0.482606,3.49004,0.936293,0,4.99222,0.1,1.10235,0.327778,0.124821,0.610686
235,0.586057,3.49045,0.816793,0,4.99222,0.1,1.10235,0.327778,0.124821,0.610686
235,0.586057,3.49045,0.816793,0,4.99222,0.1,1.10235,0.327778,0.124821,0.610686
1093,0.657767,3.49061,0.66292,0,4.99222,0.1,1.10235,0.327778,0.124821,0.610686
1093,0.657767,3.49061,0.66292,0,4.99222,0.1,1.10235,0.327778,0.124821,0.610686
60,0.687866,3.49047,0.490338,0,4.99222,0.1,1.10235,0.327778,0.124821,0.610686
1045,-0.425643,3.49001,0.667456,1,4.99222,0.1,1.10235,0.327778,0.124821,0.610686
59,-0.452082,3.49004,0.492106,1,4.99222,0.1,1.10235,0.327778,0.124821,0.610686
187,-0.350544,3.48968,0.822984,1,4.99222,0.1,1.10235,0.327778,0.124821,0.610686
1045,-0.425643,3.49001,0.667456,1,4.99222,0.1,1.10235,0.327778,0.124821,0.610686
616,-0.242184,3.48914,0.941882,1,4.99222,0.1,1.10235,0.327778,0.124821,0.610686
187,-0.350544,3.48968,0.822984,1,4.99222,0.1,1.10235,0.327778,0.124821,0.610686
16,-0.116054,3.48855,1.02036,1,4.99222,0.1,1.10235,0.327778,0.124821,0.610686
616,-0.242184,3.48914,0.941882,1,4.99222,0.1,1.10235,0.327778,0.124821,0.610686
16,-0.116054,3.48855,1.02036,1,4.99222,0.1,1.10235,0.327778,0.124821,0.610686
615,0.0119273,3.4881,1.06074,1,4.99222,0.1,1.10235,0.327778,0.124821,0.610686
615,0.0119273,3.4881,1.06074,1,4.99222,0.1,1.10235,0.327778,0.124821,0.610686
186,0.125043,3.48795,1.07188,1,4.99222,0.1,1.10235,0.327778,0.124821,0.610686
186,0.125043,3.48795,1.07188,1,4.99222,0.1,1.10235,0.327778,0.124821,0.610686
1044,0.238161,3.4881,1.06074,1,4.99222,0.1,1.10235,0.327778,0.124821,0.610686
1044,0.238161,3.4881,1.06074,1,4.99222,0.1,1.10235,0.327778,0.124821,0.610686
38,0.366141,3.48855,1.02035,1,4.99222,0.1,1.10235,0.327778,0.124821,0.610686
38,0.366141,3.48855,1.02035,1,4.99222,0.1,1.10235,0.327778,0.124821,0.610686
664,0.492265,3.48914,0.941861,1,4.99222,0.1,1.10235,0.327778,0.124821,0.610686
664,0.492265,3.48914,0.941861,1,4.99222,0.1,1.10235,0.327778,0.124821,0.610686
235,0.600614,3.48967,0.822964,1,4.99222,0.1,1.10235,0.327778,0.124821,0.610686
235,0.600614,3.48967,0.822964,1,4.99222,0.1,1.10235,0.327778,0.124821,0.610686
1093,0.675702,3.49001,0.667445,1,4.99222,0.1,1.10235,0.327778,0.124821,0.610686
1093,0.675702,3.49001,0.667445,1,4.99222,0.1,1.10235,0.327778,0.124821,0.610686
60,0.702136,3.49003,0.492108,1,4.99222,0.1,1.10235,0.327778,0.124821,0.610686
1045,-0.429434,3.5134,0.667757,0,5.49222,0.1,1.12168,0.327778,0.124816,0.630009
59,-0.460736,3.51316,0.488048,0,5.49222,0.1,1.12168,0.327778,0.124816,0.630009
187,-0.354264,3.51332,0.827662,0,5.49222,0.1,1.12168,0.327778,0.124816,0.630009
1045,-0.429434,3.5134,0.667757,0,5.49222,0.1,1.12168,0.327778,0.124816,0.630009
616,-0.245993,3.51299,0.951488,0,5.49222,0.1,1.12168,0.327778,0.124816,0.630009
187,-0.354264,3.51332,0.827662,0,5.49222,0.1,1.12168,0.327778,0.124816,0.630009
16,-0.118859,3.51254,1.03472,0,5.49222,0.1,1.12168,0.327778,0.124816,0.630009
616,-0.245993,3.51299,0.951488,0,5.49222,0.1,1.12168,0.327778,0.124816,0.630009
16,-0.118859,3.51254,1.03472,0,5.49222,0.1,1.12168,0.327778,0.124816,0.630009
615,0.0110861,3.51216,1.07908,0,5.49222,0.1,1.12168,0.327778,0.124816,0.630009
615,0.0110861,3.51216,1.07908,0,5.49222,0.1,1.12168,0.327778,0.124816,0.630009
186,0.125045,3.51203,1.09106,0,5.49222,0.1,1.12168,0.327778,0.124816,0.630009
186,0.125045,3.51203,1.09106,0,5.49222,0.1,1.12168,0.327778,0.124816,0.630009
1044,0.239009,3.51216,1.07907,0,5.49222,0.1,1.12168,0.327778,0.124816,0.630009
1044,0.239009,3.51216,1.07907,0,5.49222,0.1,1.12168,0.327778,0.124816,0.630009
38,0.368955,3.51254,1.03471,0,5.49222,0.1,1.12168,0.327778,0.124816,0.630009
38,0.368955,3.51254,1.03471,0,5.49222,0.1,1.12168,0.327778,0.124816,0.630009
664,0.496087,3.51299,0.951474,0,5.49222,0.1,1.12168,0.327778,0.124816,0.630009
664,0.496087,3.51299,0.951474,0,5.49222,0.1,1.12168,0.327778,0.124816,0.630009
235,0.604347,3.51331,0.827649,0,5.49222,0.1,1.12168,0.327778,0.124816,0.630009
235,0.604347,3.51331,0.827649,0,5.49222,0.1,1.12168,0.327778,0.124816,0.630009
1093,0.679507,3.5134,0.667749,0,5.49222,0.1,1.12168,0.327778,0.124816,0.630009
1093,0.679507,3.5134,0.667749,0,5.49222,0.1,1.12168,0.327778,0.124816,0.630009
60,0.710809,3.51315,0.48806,0,5.49222,0.1,1.12168,0.327778,0.124816,0.630009
1045,-0.44736,3.51277,0.671828,1,5.49222,0.1,1.12168,0.327778,0.124816,0.630009
59,-0.474958,3.5127,0.489327,1,5.49222,0.1,1.12168,0.327778,0.124816,0.630009
187,-0.368958,3.51252,0.833571,1,5.49222,0.1,1.12168,0.327778,0.124816,0.630009
1045,-0.44736,3.51277,0.671828,1,5.49222,0.1,1.12168,0.327778,0.124816,0.630009
616,-0.255886,3.51206,0.957054,1,5.49222,0.1,1.12168,0.327778,0.124816,0.630009
187,-0.368958,3.51252,0.833571,1,5.49222,0.1,1.12168,0.327778,0.124816,0.630009
16,-0.124371,3.51151,1.03835,1,5.49222,0.1,1.12168,0.327778,0.124816,0.630009
616,-0.255886,3.51206,0.957054,1,5.49222,0.1,1.12168,0.327778,0.124816,0.630009
16,-0.124371,3.51151,1.03835,1,5.49222,0.1,1.12168,0.327778,0.124816,0.630009
615,0.00908099,3.51107,1.08019,1,5.49222,0.1,1.12168,0.327778,0.124816,0.630009
615,0.00908099,3.51107,1.08019,1,5.49222,0.1,1.12168,0.327778,0.124816,0.630009
186,0.125152,3.51092,1.09156,1,5.49222,0.1,1.12168,0.327778,0.124816,0.630009
186,0.125152,3.51092,1.09156,1,5.49222,0.1,1.12168,0.327778,0.124816,0.630009
1044,0.241226,3.51107,1.08018,1,5.49222,0.1,1.12168,0.327778,0.124816,0.630009
1044,0.241226,3.51107,1.08018,1,5.49222,0.1,1.12168,0.327778,0.124816,0.630009
38,0.374675,3.51149,1.03832,1,5.49222,0.1,1.12168,0.327778,0.124816,0.630009
38,0.374675,3.51149,1.03832,1,5.49222,0.1,1.12168,0.327778,0.124816,0.630009
664,0.506175,3.51203,0.956999,1,5.49222,0.1,1.12168,0.327778,0.124816,0.630009
664,0.506175,3.51203,0.956999,1,5.49222,0.1,1.12168,0.327778,0.124816,0.630009
235,0.619225,3.51249,0.833506,1,5.49222,0.1,1.12168,0.327778,0.124816,0.630009
235,0.619225,3.51249,0.833506,1,5.49222,0.1,1.12168,0.327778,0.124816,0.630009
1093,0.69761,3.51273,0.671766,1,5.49222,0.1,1.12168,0.327778,0.124816,0.630009
1093,0.69761,3.51273,0.671766,1,5.49222,0.1,1.12168,0.327778,0.124816,0.630009
60,0.725187,3.51266,0.489275,1,5.49222,0.1,1.12168,0.327778,0.124816,0.630009
1045,-0.449364,3.53613,0.672204,0,5.99222,0.1,1.13896,0.327778,0.124812,0.647297
59,-0.481821,3.53581,0.485951,0,5.99222,0.1,1.13896,0.327778,0.124812,0.647297
187,-0.371075,3.53612,0.837701,0,5.99222,0.1,1.13896,0.327778,0.124812,0.647297
1045,-0.449364,3.53613,0.672204,0,5.99222,0.1,1.13896,0.327778,0.124812,0.647297
616,-0.25845,3.53584,0.965602,0,5.99222,0.1,1.13896,0.327778,0.124812,0.647297
187,-0.371075,3.53612,0.837701,0,5.99222,0.1,1.13896,0.327778,0.124812,0.647297
16,-0.126398,3.53542,1.05128,0,5.99222,0.1,1.13896,0.327778,0.124812,0.647297
616,-0.25845,3.53584,0.965602,0,5.99222,0.1,1.13896,0.327778,0.124812,0.647297
16,-0.126398,3.53542,1.05128,0,5.99222,0.1,1.13896,0.327778,0.124812,0.647297
615,0.00848957,3.53505,1.0968,0,5.99222,0.1,1.13896,0.327778,0.124812,0.647297
615,0.00848957,3.53505,1.0968,0,5.99222,0.1,1.13896,0.327778,0.124812,0.647297
186,0.12505,3.53492,1.10891,0,5.99222,0.1,1.13896,0.327778,0.124812,0.647297
186,0.12505,3.53492,1.10891,0,5.99222,0.1,1.13896,0.327778,0.124812,0.647297
1044,0.241615,3.53505,1.09679,0,5.99222,0.1,1.13896,0.327778,0.124812,0.647297
1044,0.241615,3.53505,1.09679,0,5.99222,0.1,1.13896,0.327778,0.124812,0.647297
38,0.376505,3.53542,1.05127,0,5.99222,0.1,1.13896,0.327778,0.124812,0.647297
38,0.376505,3.53542,1.05127,0,5.99222,0.1,1.13896,0.327778,0.124812,0.647297
664,0.50855,3.53584,0.965581,0,5.99222,0.1,1.13896,0.327778,0.124812,0.647297
664,0.50855,3.53584,0.965581,0,5.99222,0.1,1.13896,0.327778,0.124812,0.647297
235,0.621166,3.53611,0.837682,0,5.99222,0.1,1.13896,0.327778,0.124812,0.647297
235,0.621166,3.53611,0.837682,0,5.99222,0.1,1.13896,0.327778,0.124812,0.647297
1093,0.699444,3.53612,0.672192,0,5.99222,0.1,1.13896,0.327778,0.124812,0.647297
1093,0.699444,3.53612,0.672192,0,5.99222,0.1,1.13896,0.327778,0.124812,0.647297
60,0.7319,3.5358,0.485958,0,5.99222,0.1,1.13896,0.327778,0.124812,0.647297
1045,-0.467499,3.53545,0.675775,1,5.99222,0.1,1.13896,0.327778,0.124812,0.647297
59,-0.496175,3.53529,0.486687,1,5.99222,0.1,1.13896,0.327778,0.124812,0.647297
187,-0.38609,3.53529,0.843259,1,5.99222,0.1,1.13896,0.327778,0.124812,0.647297
1045,-0.467499,3.53545,0.675775,1,5.99222,0.1,1.13896,0.327778,0.124812,0.647297
616,-0.268732,3.53489,0.971011,1,5.99222,0.1,1.13896,0.327778,0.124812,0.647297
187,-0.38609,3.53529,0.843259,1,5.99222,0.1,1.13896,0.327778,0.124812,0.647297
16,-0.132301,3.53437,1.05496,1,5.99222,0.1,1.13896,0.327778,0.124812,0.647297
616,-0.268732,3.53489,0.971011,1,5.99222,0.1,1.13896,0.327778,0.124812,0.647297
16,-0.132301,3.53437,1.05496,1,5.99222,0.1,1.13896,0.327778,0.124812,0.647297
615,0.0061724,3.53396,1.09818,1,5.99222,0.1,1.13896,0.327778,0.124812,0.647297
615,0.0061724,3.53396,1.09818,1,5.99222,0.1,1.13896,0.327778,0.124812,0.647297
186,0.125034,3.53381,1.10977,1,5.99222,0.1,1.13896,0.327778,0.124812,0.647297
186,0.125034,3.53381,1.10977,1,5.99222,0.1,1.13896,0.327778,0.124812,0.647297
1044,0.243899,3.53396,1.09818,1,5.99222,0.1,1.13896,0.327778,0.124812,0.647297
1044,0.243899,3.53396,1.09818,1,5.99222,0.1,1.13896,0.327778,0.124812,0.647297
38,0.382374,3.53438,1.05495,1,5.99222,0.1,1.13896,0.327778,0.124812,0.647297
38,0.382374,3.53438,1.05495,1,5.99222,0.1,1.13896,0.327778,0.124812,0.647297
664,0.518799,3.53489,0.970996,1,5.99222,0.1,1.13896,0.327778,0.124812,0.647297
664,0.518799,3.53489,0.970996,1,5.99222,0.1,1.13896,0.327778,0.124812,0.647297
235,0.636148,3.53529,0.843246,1,5.99222,0.1,1.13896,0.327778,0.124812,0.647297
235,0.636148,3.53529,0.843246,1,5.99222,0.1,1.13896,0.327778,0.124812,0.647297
1093,0.717553,3.53545,0.675775,1,5.99222,0.1,1.13896,0.327778,0.124812,0.647297
1093,0.717553,3.53545,0.675775,1,5.99222,0.1,1.13896,0.327778,0.124812,0.647297
60,0.746231,3.53529,0.486703,1,5.99222,0.1,1.13896,0.327778,0.124812,0.647297
1045,-0.467885,3.55847,0.676353,0,6.49222,0.1,1.15422,0.327778,0.124807,0.662556
59,-0.50142,3.55808,0.484004,0,6.49222,0.1,1.15422,0.327778,0.124807,0.662556
187,-0.386728,3.55852,0.847085,0,6.49222,0.1,1.15422,0.327778,0.124807,0.662556
1045,-0.467885,3.55847,0.676353,0,6.49222,0.1,1.15422,0.327778,0.124807,0.662556
616,-0.270089,3.55829,0.978829,0,6.49222,0.1,1.15422,0.327778,0.124807,0.662556
187,-0.386728,3.55852,0.847085,0,6.49222,0.1,1.15422,0.327778,0.124807,0.662556
16,-0.133488,3.55789,1.06686,0,6.49222,0.1,1.15422,0.327778,0.124807,0.662556
616,-0.270089,3.55829,0.978829,0,6.49222,0.1,1.15422,0.327778,0.124807,0.662556
16,-0.133488,3.55789,1.06686,0,6.49222,0.1,1.15422,0.327778,0.124807,0.662556
615,0.00599933,3.55753,1.1135,0,6.49222,0.1,1.15422,0.327778,0.124807,0.662556
615,0.00599933,3.55753,1.1135,0,6.49222,0.1,1.15422,0.327778,0.124807,0.662556
186,0.125051,3.5574,1.12575,0,6.49222,0.1,1.15422,0.327778,0.124807,0.662556
186,0.125051,3.5574,1.12575,0,6.49222,0.1,1.15422,0.327778,0.124807,0.662556
1044,0.244107,3.55753,1.11349,0,6.49222,0.1,1.15422,0.327778,0.124807,0.662556
1044,0.244107,3.55753,1.11349,0,6.49222,0.1,1.15422,0.327778,0.124807,0.662556
38,0.383598,3.55789,1.06684,0,6.49222,0.1,1.15422,0.327778,0.124807,0.662556
38,0.383598,3.55789,1.06684,0,6.49222,0.1,1.15422,0.327778,0.124807,0.662556
664,0.520194,3.55829,0.978811,0,6.49222,0.1,1.15422,0.327778,0.124807,0.662556
664,0.520194,3.55829,0.978811,0,6.49222,0.1,1.15422,0.327778,0.124807,0.662556
235,0.636824,3.55852,0.847067,0,6.49222,0.1,1.15422,0.327778,0.124807,0.662556
235,0.636824,3.55852,0.847067,0,6.49222,0.1,1.15422,0.327778,0.124807,0.662556
1093,0.71797,3.55847,0.676345,0,6.49222,0.1,1.15422,0.327778,0.124807,0.662556
1093,0.71797,3.55847,0.676345,0,6.49222,0.1,1.15422,0.327778,0.124807,0.662556
60,0.751504,3.55808,0.484016,0,6.49222,0.1,1.15422,0.327778,0.124807,0.662556
1045,-0.486169,3.55778,0.679521,1,6.49222,0.1,1.15422,0.327778,0.124807,0.662556
59,-0.515875,3.55754,0.4843,1,6.49222,0.1,1.15422,0.327778,0.124807,0.662556
187,-0.401953,3.55769,0.852351,1,6.49222,0.1,1.15422,0.327778,0.124807,0.662556
1045,-0.486169,3.55778,0.679521,1,6.49222,0.1,1.15422,0.327778,0.124807,0.662556
616,-0.280608,3.55734,0.984086,1,6.49222,0.1,1.15422,0.327778,0.124807,0.662556
187,-0.401953,3.55769,0.852351,1,6.49222,0.1,1.15422,0.327778,0.124807,0.662556
16,-0.139608,3.55686,1.07053,1,6.49222,0.1,1.15422,0.327778,0.124807,0.662556
616,-0.280608,3.55734,0.984086,1,6.49222,0.1,1.15422,0.327778,0.124807,0.662556
16,-0.139608,3.55686,1.07053,1,6.49222,0.1,1.15422,0.327778,0.124807,0.662556
615,0.00353226,3.55645,1.11502,1,6.49222,0.1,1.15422,0.327778,0.124807,0.662556
615,0.00353226,3.55645,1.11502,1,6.49222,0.1,1.15422,0.327778,0.124807,0.662556
186,0.125045,3.55631,1.12682,1,6.49222,0.1,1.15422,0.327778,0.124807,0.662556
186,0.125045,3.55631,1.12682,1,6.49222,0.1,1.15422,0.327778,0.124807,0.662556
1044,0.246564,3.55646,1.11501,1,6.49222,0.1,1.15422,0.327778,0.124807,0.662556
1044,0.246564,3.55646,1.11501,1,6.49222,0.1,1.15422,0.327778,0.124807,0.662556
38,0.389708,3.55686,1.07051,1,6.49222,0.1,1.15422,0.327778,0.124807,0.662556
38,0.389708,3.55686,1.07051,1,6.49222,0.1,1.15422,0.327778,0.124807,0.662556
664,0.530703,3.55734,0.98406,1,6.49222,0.1,1.15422,0.327778,0.124807,0.662556
664,0.530703,3.55734,0.98406,1,6.49222,0.1,1.15422,0.327778,0.124807,0.662556
235,0.652039,3.55769,0.852327,1,6.49222,0.1,1.15422,0.327778,0.124807,0.662556
235,0.652039,3.55769,0.852327,1,6.49222,0.1,1.15422,0.327778,0.124807,0.662556
1093,0.736249,3.55778,0.679508,1,6.49222,0.1,1.15422,0.327778,0.124807,0.662556
1093,0.736249,3.55778,0.679508,1,6.49222,0.1,1.15422,0.327778,0.124807,0.662556
60,0.765953,3.55754,0.484303,1,6.49222,0.1,1.15422,0.327778,0.124807,0.662556
1045,-0.485229,3.5803,0.680262,0,6.99222,0.1,1.16739,0.327778,0.124802,0.675724
59,-0.519785,3.57985,0.482196,0,6.99222,0.1,1.16739,0.327778,0.124802,0.675724
187,-0.40141,3.5804,0.855918,0,6.99222,0.1,1.16739,0.327778,0.124802,0.675724
1045,-0.485229,3.5803,0.680262,0,6.99222,0.1,1.16739,0.327778,0.124802,0.675724
616,-0.28103,3.5802,0.991297,0,6.99222,0.1,1.16739,0.327778,0.124802,0.675724
187,-0.40141,3.5804,0.855918,0,6.99222,0.1,1.16739,0.327778,0.124802,0.675724
16,-0.140184,3.57981,1.08157,0,6.99222,0.1,1.16739,0.327778,0.124802,0.675724
616,-0.28103,3.5802,0.991297,0,6.99222,0.1,1.16739,0.327778,0.124802,0.675724
16,-0.140184,3.57981,1.08157,0,6.99222,0.1,1.16739,0.327778,0.124802,0.675724
615,0.003611,3.57946,1.12929,0,6.99222,0.1,1.16739,0.327778,0.124802,0.675724
615,0.003611,3.57946,1.12929,0,6.99222,0.1,1.16739,0.327778,0.124802,0.675724
186,0.125051,3.57933,1.14168,0,6.99222,0.1,1.16739,0.327778,0.124802,0.675724
186,0.125051,3.57933,1.14168,0,6.99222,0.1,1.16739,0.327778,0.124802,0.675724
1044,0.246498,3.57946,1.12928,0,6.99222,0.1,1.16739,0.327778,0.124802,0.675724
1044,0.246498,3.57946,1.12928,0,6.99222,0.1,1.16739,0.327778,0.124802,0.675724
38,0.390296,3.57981,1.08156,0,6.99222,0.1,1.16739,0.327778,0.124802,0.675724
38,0.390296,3.57981,1.08156,0,6.99222,0.1,1.16739,0.327778,0.124802,0.675724
664,0.531138,3.58019,0.991279,0,6.99222,0.1,1.16739,0.327778,0.124802,0.675724
664,0.531138,3.58019,0.991279,0,6.99222,0.1,1.16739,0.327778,0.124802,0.675724
235,0.651507,3.58039,0.855902,0,6.99222,0.1,1.16739,0.327778,0.124802,0.675724
235,0.651507,3.58039,0.855902,0,6.99222,0.1,1.16739,0.327778,0.124802,0.675724
1093,0.735319,3.5803,0.680258,0,6.99222,0.1,1.16739,0.327778,0.124802,0.675724
1093,0.735319,3.5803,0.680258,0,6.99222,0.1,1.16739,0.327778,0.124802,0.675724
60,0.769874,3.57985,0.482211,0,6.99222,0.1,1.16739,0.327778,0.124802,0.675724
1045,-0.503737,3.57959,0.683051,1,6.99222,0.1,1.16739,0.327778,0.124802,0.675724
59,-0.534409,3.57927,0.482079,1,6.99222,0.1,1.16739,0.327778,0.124802,0.675724
187,-0.416912,3.57956,0.860909,1,6.99222,0.1,1.16739,0.327778,0.124802,0.675724
1045,-0.503737,3.57959,0.683051,1,6.99222,0.1,1.16739,0.327778,0.124802,0.675724
616,-0.291848,3.57926,0.9964,1,6.99222,0.1,1.16739,0.327778,0.124802,0.675724
187,-0.416912,3.57956,0.860909,1,6.99222,0.1,1.16739,0.327778,0.124802,0.675724
16,-0.146577,3.5788,1.08521,1,6.99222,0.1,1.16739,0.327778,0.124802,0.675724
616,-0.291848,3.57926,0.9964,1,6.99222,0.1,1.16739,0.327778,0.124802,0.675724
16,-0.146577,3.5788,1.08521,1,6.99222,0.1,1.16739,0.327778,0.124802,0.675724
615,0.000935135,3.5784,1.13091,1,6.99222,0.1,1.16739,0.327778,0.124802,0.675724
615,0.000935135,3.5784,1.13091,1,6.99222,0.1,1.16739,0.327778,0.124802,0.675724
186,0.124981,3.57826,1.14291,1,6.99222,0.1,1.16739,0.327778,0.124802,0.675724
186,0.124981,3.57826,1.14291,1,6.99222,0.1,1.16739,0.327778,0.124802,0.675724
1044,0.249032,3.57841,1.13091,1,6.99222,0.1,1.16739,0.327778,0.124802,0.675724
1044,0.249032,3.57841,1.13091,1,6.99222,0.1,1.16739,0.327778,0.124802,0.675724
38,0.39655,3.57881,1.08522,1,6.99222,0.1,1.16739,0.327778,0.124802,0.675724
38,0.39655,3.57881,1.08522,1,6.99222,0.1,1.16739,0.327778,0.124802,0.675724
664,0.541822,3.57927,0.996418,1,6.99222,0.1,1.16739,0.327778,0.124802,0.675724
664,0.541822,3.57927,0.996418,1,6.99222,0.1,1.16739,0.327778,0.124802,0.675724
235,0.666882,3.57957,0.860938,1,6.99222,0.1,1.16739,0.327778,0.124802,0.675724
235,0.666882,3.57957,0.860938,1,6.99222,0.1,1.16739,0.327778,0.124802,0.675724
1093,0.75371,3.5796,0.683099,1,6.99222,0.1,1.16739,0.327778,0.124802,0.675724
1093,0.75371,3.5796,0.683099,1,6.99222,0.1,1.16739,0.327778,0.124802,0.675724
60,0.784398,3.57929,0.482147,1,6.99222,0.1,1.16739,0.327778,0.124802,0.675724
1045,-0.501587,3.60154,0.683981,0,7.49222,0.1,1.17949,0.327778,0.124796,0.687821
59,-0.537112,3.60104,0.480517,0,7.49222,0.1,1.17949,0.327778,0.124796,0.687821
187,-0.415275,3.60168,0.8643,0,7.49222,0.1,1.17949,0.327778,0.124796,0.687821
1045,-0.501587,3.60154,0.683981,0,7.49222,0.1,1.17949,0.327778,0.124796,0.687821
616,-0.291387,3.60151,1.00313,0,7.49222,0.1,1.17949,0.327778,0.124796,0.687821
187,-0.415275,3.60168,0.8643,0,7.49222,0.1,1.17949,0.327778,0.124796,0.687821
16,-0.146546,3.60113,1.09556,0,7.49222,0.1,1.17949,0.327778,0.124796,0.687821
616,-0.291387,3.60151,1.00313,0,7.49222,0.1,1.17949,0.327778,0.124796,0.687821
16,-0.146546,3.60113,1.09556,0,7.49222,0.1,1.17949,0.327778,0.124796,0.687821
615,0.00131069,3.60078,1.14432,0,7.49222,0.1,1.17949,0.327778,0.124796,0.687821
615,0.00131069,3.60078,1.14432,0,7.49222,0.1,1.17949,0.327778,0.124796,0.687821
186,0.12505,3.60064,1.15685,0,7.49222,0.1,1.17949,0.327778,0.124796,0.687821
186,0.12505,3.60064,1.15685,0,7.49222,0.1,1.17949,0.327778,0.124796,0.687821
1044,0.248796,3.60078,1.14431,0,7.49222,0.1,1.17949,0.327778,0.124796,0.687821
1044,0.248796,3.60078,1.14431,0,7.49222,0.1,1.17949,0.327778,0.124796,0.687821
38,0.396657,3.60113,1.09555,0,7.49222,0.1,1.17949,0.327778,0.124796,0.687821
38,0.396657,3.60113,1.09555,0,7.49222,0.1,1.17949,0.327778,0.124796,0.687821
664,0.541495,3.6015,1.00312,0,7.49222,0.1,1.17949,0.327778,0.124796,0.687821
664,0.541495,3.6015,1.00312,0,7.49222,0.1,1.17949,0.327778,0.124796,0.687821
235,0.665375,3.60168,0.86429,0,7.49222,0.1,1.17949,0.327778,0.124796,0.687821
235,0.665375,3.60168,0.86429,0,7.49222,0.1,1.17949,0.327778,0.124796,0.687821
1093,0.751679,3.60154,0.683983,0,7.49222,0.1,1.17949,0.327778,0.124796,0.687821
1093,0.751679,3.60154,0.683983,0,7.49222,0.1,1.17949,0.327778,0.124796,0.687821
60,0.787206,3.60104,0.480539,0,7.49222,0.1,1.17949,0.327778,0.124796,0.687821
1045,-0.520367,3.60084,0.686422,1,7.49222,0.1,1.17949,0.327778,0.124796,0.687821
59,-0.551952,3.60045,0.480003,1,7.49222,0.1,1.17949,0.327778,0.124796,0.687821
187,-0.43105,3.60086,0.869033,1,7.49222,0.1,1.17949,0.327778,0.124796,0.687821
1045,-0.520367,3.60084,0.686422,1,7.49222,0.1,1.17949,0.327778,0.124796,0.687821
616,-0.302453,3.6006,1.00807,1,7.49222,0.1,1.17949,0.327778,0.124796,0.687821
187,-0.43105,3.60086,0.869033,1,7.49222,0.1,1.17949,0.327778,0.124796,0.687821
16,-0.153139,3.60016,1.09911,1,7.49222,0.1,1.17949,0.327778,0.124796,0.687821
616,-0.302453,3.6006,1.00807,1,7.49222,0.1,1.17949,0.327778,0.124796,0.687821
16,-0.153139,3.60016,1.09911,1,7.49222,0.1,1.17949,0.327778,0.124796,0.687821
615,-0.0014976,3.59977,1.14593,1,7.49222,0.1,1.17949,0.327778,0.124796,0.687821
615,-0.0014976,3.59977,1.14593,1,7.49222,0.1,1.17949,0.327778,0.124796,0.687821
186,0.124977,3.59962,1.15813,1,7.49222,0.1,1.17949,0.327778,0.124796,0.687821
186,0.124977,3.59962,1.15813,1,7.49222,0.1,1.17949,0.327778,0.124796,0.687821
1044,0.251458,3.59977,1.14593,1,7.49222,0.1,1.17949,0.327778,0.124796,0.687821
1044,0.251458,3.59977,1.14593,1,7.49222,0.1,1.17949,0.327778,0.124796,0.687821
38,0.403105,3.60017,1.09912,1,7.49222,0.1,1.17949,0.327778,0.124796,0.687821
38,0.403105,3.60017,1.09912,1,7.49222,0.1,1.17949,0.327778,0.124796,0.687821
664,0.552421,3.60061,1.00809,1,7.49222,0.1,1.17949,0.327778,0.124796,0.687821
664,0.552421,3.60061,1.00809,1,7.49222,0.1,1.17949,0.327778,0.124796,0.687821
235,0.681017,3.60088,0.869069,1,7.49222,0.1,1.17949,0.327778,0.124796,0.687821
235,0.681017,3.60088,0.869069,1,7.49222,0.1,1.17949,0.327778,0.124796,0.687821
1093,0.770339,3.60085,0.686479,1,7.49222,0.1,1.17949,0.327778,0.124796,0.687821
1093,0.770339,3.60085,0.686479,1,7.49222,0.1,1.17949,0.327778,0.124796,0.687821
60,0.801941,3.60046,0.48008,1,7.49222,0.1,1.17949,0.327778,0.124796,0.687821
