id,x,y,z,ablated,v,bulkheadyoungs,nickdepth,nickw,nickc,bbmin
1045,-0.29453,3.43262,0.641006,0,3.49222,0.316,1.00987,0.327778,0.124843,0.518202
59,-0.32248,3.43286,0.496872,0,3.49222,0.316,1.00987,0.327778,0.124843,0.518202
187,-0.24417,3.43216,0.773748,0,3.49222,0.316,1.00987,0.327778,0.124843,0.518202
1045,-0.29453,3.43262,0.641006,0,3.49222,0.316,1.00987,0.327778,0.124843,0.518202
616,-0.169447,3.43159,0.882984,0,3.49222,0.316,1.00987,0.327778,0.124843,0.518202
187,-0.24417,3.43216,0.773748,0,3.49222,0.316,1.00987,0.327778,0.124843,0.518202
16,-0.0770539,3.43104,0.963998,0,3.49222,0.316,1.00987,0.327778,0.124843,0.518202
616,-0.169447,3.43159,0.882984,0,3.49222,0.316,1.00987,0.327778,0.124843,0.518202
16,-0.0770539,3.43104,0.963998,0,3.49222,0.316,1.00987,0.327778,0.124843,0.518202
615,0.0237318,3.43065,1.00928,0,3.49222,0.316,1.00987,0.327778,0.124843,0.518202
615,0.0237318,3.43065,1.00928,0,3.49222,0.316,1.00987,0.327778,0.124843,0.518202
186,0.125026,3.43053,1.02309,0,3.49222,0.316,1.00987,0.327778,0.124843,0.518202
186,0.125026,3.43053,1.02309,0,3.49222,0.316,1.00987,0.327778,0.124843,0.518202
1044,0.226324,3.43065,1.00927,0,3.49222,0.316,1.00987,0.327778,0.124843,0.518202
1044,0.226324,3.43065,1.00927,0,3.49222,0.316,1.00987,0.327778,0.124843,0.518202
38,0.327109,3.43104,0.963983,0,3.49222,0.316,1.00987,0.327778,0.124843,0.518202
38,0.327109,3.43104,0.963983,0,3.49222,0.316,1.00987,0.327778,0.124843,0.518202
664,0.419496,3.43159,0.882975,0,3.49222,0.316,1.00987,0.327778,0.124843,0.518202
664,0.419496,3.43159,0.882975,0,3.49222,0.316,1.00987,0.327778,0.124843,0.518202
235,0.49421,3.43216,0.773746,0,3.49222,0.316,1.00987,0.327778,0.124843,0.518202
235,0.49421,3.43216,0.773746,0,3.49222,0.316,1.00987,0.327778,0.124843,0.518202
1093,0.544556,3.43261,0.641011,0,3.49222,0.316,1.00987,0.327778,0.124843,0.518202
1093,0.544556,3.43261,0.641011,0,3.49222,0.316,1.00987,0.327778,0.124843,0.518202
60,0.572511,3.43286,0.496896,0,3.49222,0.316,1.00987,0.327778,0.124843,0.518202
1045,-0.338409,3.43234,0.65114,1,3.49222,0.316,1.00987,0.327778,0.124843,0.518202
59,-0.360374,3.43259,0.5021,1,3.49222,0.316,1.00987,0.327778,0.124843,0.518202
187,-0.277984,3.43184,0.78482,1,3.49222,0.316,1.00987,0.327778,0.124843,0.518202
1045,-0.338409,3.43234,0.65114,1,3.49222,0.316,1.00987,0.327778,0.124843,0.518202
616,-0.190013,3.43122,0.889156,1,3.49222,0.316,1.00987,0.327778,0.124843,0.518202
187,-0.277984,3.43184,0.78482,1,3.49222,0.316,1.00987,0.327778,0.124843,0.518202
16,-0.0861079,3.43059,0.960422,1,3.49222,0.316,1.00987,0.327778,0.124843,0.518202
616,-0.190013,3.43122,0.889156,1,3.49222,0.316,1.00987,0.327778,0.124843,0.518202
16,-0.0861079,3.43059,0.960422,1,3.49222,0.316,1.00987,0.327778,0.124843,0.518202
615,0.0216529,3.43015,0.993896,1,3.49222,0.316,1.00987,0.327778,0.124843,0.518202
615,0.0216529,3.43015,0.993896,1,3.49222,0.316,1.00987,0.327778,0.124843,0.518202
186,0.125027,3.43,0.998002,1,3.49222,0.316,1.00987,0.327778,0.124843,0.518202
186,0.125027,3.43,0.998002,1,3.49222,0.316,1.00987,0.327778,0.124843,0.518202
1044,0.228399,3.43015,0.993878,1,3.49222,0.316,1.00987,0.327778,0.124843,0.518202
1044,0.228399,3.43015,0.993878,1,3.49222,0.316,1.00987,0.327778,0.124843,0.518202
38,0.336169,3.43059,0.960425,1,3.49222,0.316,1.00987,0.327778,0.124843,0.518202
38,0.336169,3.43059,0.960425,1,3.49222,0.316,1.00987,0.327778,0.124843,0.518202
664,0.440055,3.43122,0.889133,1,3.49222,0.316,1.00987,0.327778,0.124843,0.518202
664,0.440055,3.43122,0.889133,1,3.49222,0.316,1.00987,0.327778,0.124843,0.518202
235,0.528021,3.43184,0.784798,1,3.49222,0.316,1.00987,0.327778,0.124843,0.518202
235,0.528021,3.43184,0.784798,1,3.49222,0.316,1.00987,0.327778,0.124843,0.518202
1093,0.588431,3.43234,0.651124,1,3.49222,0.316,1.00987,0.327778,0.124843,0.518202
1093,0.588431,3.43234,0.651124,1,3.49222,0.316,1.00987,0.327778,0.124843,0.518202
60,0.610402,3.43258,0.502101,1,3.49222,0.316,1.00987,0.327778,0.124843,0.518202
1045,-0.328355,3.45127,0.649536,0,3.99222,0.316,1.04256,0.327778,0.124836,0.550898
59,-0.357977,3.4514,0.496049,0,3.99222,0.316,1.04256,0.327778,0.124836,0.550898
187,-0.271676,3.45094,0.78905,0,3.99222,0.316,1.04256,0.327778,0.124836,0.550898
1045,-0.328355,3.45127,0.649536,0,3.99222,0.316,1.04256,0.327778,0.124836,0.550898
616,-0.188204,3.45046,0.9016,0,3.99222,0.316,1.04256,0.327778,0.124836,0.550898
187,-0.271676,3.45094,0.78905,0,3.99222,0.316,1.04256,0.327778,0.124836,0.550898
16,-0.0865642,3.44996,0.982205,0,3.99222,0.316,1.04256,0.327778,0.124836,0.550898
616,-0.188204,3.45046,0.9016,0,3.99222,0.316,1.04256,0.327778,0.124836,0.550898
16,-0.0865642,3.44996,0.982205,0,3.99222,0.316,1.04256,0.327778,0.124836,0.550898
615,0.0211919,3.44959,1.02679,0,3.99222,0.316,1.04256,0.327778,0.124836,0.550898
615,0.0211919,3.44959,1.02679,0,3.99222,0.316,1.04256,0.327778,0.124836,0.550898
186,0.125032,3.44947,1.04,0,3.99222,0.316,1.04256,0.327778,0.124836,0.550898
186,0.125032,3.44947,1.04,0,3.99222,0.316,1.04256,0.327778,0.124836,0.550898
1044,0.228867,3.44959,1.02677,0,3.99222,0.316,1.04256,0.327778,0.124836,0.550898
1044,0.228867,3.44959,1.02677,0,3.99222,0.316,1.04256,0.327778,0.124836,0.550898
38,0.336619,3.44995,0.982184,0,3.99222,0.316,1.04256,0.327778,0.124836,0.550898
38,0.336619,3.44995,0.982184,0,3.99222,0.316,1.04256,0.327778,0.124836,0.550898
664,0.438267,3.45046,0.901592,0,3.99222,0.316,1.04256,0.327778,0.124836,0.550898
664,0.438267,3.45046,0.901592,0,3.99222,0.316,1.04256,0.327778,0.124836,0.550898
235,0.521719,3.45093,0.789032,0,3.99222,0.316,1.04256,0.327778,0.124836,0.550898
235,0.521719,3.45093,0.789032,0,3.99222,0.316,1.04256,0.327778,0.124836,0.550898
1093,0.578402,3.45126,0.649535,0,3.99222,0.316,1.04256,0.327778,0.124836,0.550898
1093,0.578402,3.45126,0.649535,0,3.99222,0.316,1.04256,0.327778,0.124836,0.550898
60,0.608024,3.45139,0.496064,0,3.99222,0.316,1.04256,0.327778,0.124836,0.550898
1045,-0.371884,3.45048,0.658491,1,3.99222,0.316,1.04256,0.327778,0.124836,0.550898
59,-0.394411,3.45068,0.499261,1,3.99222,0.316,1.04256,0.327778,0.124836,0.550898
187,-0.306389,3.45005,0.800531,1,3.99222,0.316,1.04256,0.327778,0.124836,0.550898
1045,-0.371884,3.45048,0.658491,1,3.99222,0.316,1.04256,0.327778,0.124836,0.550898
616,-0.210608,3.44949,0.910104,1,3.99222,0.316,1.04256,0.327778,0.124836,0.550898
187,-0.306389,3.45005,0.800531,1,3.99222,0.316,1.04256,0.327778,0.124836,0.550898
16,-0.0979116,3.44891,0.983188,1,3.99222,0.316,1.04256,0.327778,0.124836,0.550898
616,-0.210608,3.44949,0.910104,1,3.99222,0.316,1.04256,0.327778,0.124836,0.550898
16,-0.0979116,3.44891,0.983188,1,3.99222,0.316,1.04256,0.327778,0.124836,0.550898
615,0.01793,3.44848,1.01773,1,3.99222,0.316,1.04256,0.327778,0.124836,0.550898
615,0.01793,3.44848,1.01773,1,3.99222,0.316,1.04256,0.327778,0.124836,0.550898
186,0.125064,3.44834,1.028,1,3.99222,0.316,1.04256,0.327778,0.124836,0.550898
186,0.125064,3.44834,1.028,1,3.99222,0.316,1.04256,0.327778,0.124836,0.550898
1044,0.232196,3.44848,1.01771,1,3.99222,0.316,1.04256,0.327778,0.124836,0.550898
1044,0.232196,3.44848,1.01771,1,3.99222,0.316,1.04256,0.327778,0.124836,0.550898
38,0.348031,3.44891,0.983145,1,3.99222,0.316,1.04256,0.327778,0.124836,0.550898
38,0.348031,3.44891,0.983145,1,3.99222,0.316,1.04256,0.327778,0.124836,0.550898
664,0.460725,3.44948,0.910063,1,3.99222,0.316,1.04256,0.327778,0.124836,0.550898
664,0.460725,3.44948,0.910063,1,3.99222,0.316,1.04256,0.327778,0.124836,0.550898
235,0.556498,3.45004,0.800491,1,3.99222,0.316,1.04256,0.327778,0.124836,0.550898
235,0.556498,3.45004,0.800491,1,3.99222,0.316,1.04256,0.327778,0.124836,0.550898
1093,0.621981,3.45047,0.658456,1,3.99222,0.316,1.04256,0.327778,0.124836,0.550898
1093,0.621981,3.45047,0.658456,1,3.99222,0.316,1.04256,0.327778,0.124836,0.550898
60,0.644499,3.45066,0.499242,1,3.99222,0.316,1.04256,0.327778,0.124836,0.550898
1045,-0.355148,3.4736,0.656317,0,4.49222,0.316,1.06938,0.327778,0.124829,0.577711
59,-0.386419,3.4736,0.494538,0,4.49222,0.316,1.06938,0.327778,0.124829,0.577711
187,-0.2938,3.47338,0.80227,0,4.49222,0.316,1.06938,0.327778,0.124829,0.577711
1045,-0.355148,3.4736,0.656317,0,4.49222,0.316,1.06938,0.327778,0.124829,0.577711
616,-0.203893,3.473,0.918825,0,4.49222,0.316,1.06938,0.327778,0.124829,0.577711
187,-0.2938,3.47338,0.80227,0,4.49222,0.316,1.06938,0.327778,0.124829,0.577711
16,-0.0953061,3.47256,1.00089,0,4.49222,0.316,1.06938,0.327778,0.124829,0.577711
616,-0.203893,3.473,0.918825,0,4.49222,0.316,1.06938,0.327778,0.124829,0.577711
16,-0.0953061,3.47256,1.00089,0,4.49222,0.316,1.06938,0.327778,0.124829,0.577711
615,0.01859,3.47221,1.04593,0,4.49222,0.316,1.06938,0.327778,0.124829,0.577711
615,0.01859,3.47221,1.04593,0,4.49222,0.316,1.06938,0.327778,0.124829,0.577711
186,0.125034,3.47211,1.059,0,4.49222,0.316,1.06938,0.327778,0.124829,0.577711
186,0.125034,3.47211,1.059,0,4.49222,0.316,1.06938,0.327778,0.124829,0.577711
1044,0.231483,3.47222,1.04593,0,4.49222,0.316,1.06938,0.327778,0.124829,0.577711
1044,0.231483,3.47222,1.04593,0,4.49222,0.316,1.06938,0.327778,0.124829,0.577711
38,0.345391,3.47256,1.00089,0,4.49222,0.316,1.06938,0.327778,0.124829,0.577711
38,0.345391,3.47256,1.00089,0,4.49222,0.316,1.06938,0.327778,0.124829,0.577711
664,0.453968,3.473,0.918826,0,4.49222,0.316,1.06938,0.327778,0.124829,0.577711
664,0.453968,3.473,0.918826,0,4.49222,0.316,1.06938,0.327778,0.124829,0.577711
235,0.543862,3.47338,0.802263,0,4.49222,0.316,1.06938,0.327778,0.124829,0.577711
235,0.543862,3.47338,0.802263,0,4.49222,0.316,1.06938,0.327778,0.124829,0.577711
1093,0.605198,3.47359,0.656321,0,4.49222,0.316,1.06938,0.327778,0.124829,0.577711
1093,0.605198,3.47359,0.656321,0,4.49222,0.316,1.06938,0.327778,0.124829,0.577711
60,0.63647,3.4736,0.494563,0,4.49222,0.316,1.06938,0.327778,0.124829,0.577711
1045,-0.39909,3.47251,0.664312,1,4.49222,0.316,1.06938,0.327778,0.124829,0.577711
59,-0.42269,3.47262,0.49636,1,4.49222,0.316,1.06938,0.327778,0.124829,0.577711
187,-0.329572,3.47217,0.813767,1,4.49222,0.316,1.06938,0.327778,0.124829,0.577711
1045,-0.39909,3.47251,0.664312,1,4.49222,0.316,1.06938,0.327778,0.124829,0.577711
616,-0.227753,3.47168,0.928497,1,4.49222,0.316,1.06938,0.327778,0.124829,0.577711
187,-0.329572,3.47217,0.813767,1,4.49222,0.316,1.06938,0.327778,0.124829,0.577711
16,-0.108162,3.47115,1.00425,1,4.49222,0.316,1.06938,0.327778,0.124829,0.577711
616,-0.227753,3.47168,0.928497,1,4.49222,0.316,1.06938,0.327778,0.124829,0.577711
16,-0.108162,3.47115,1.00425,1,4.49222,0.316,1.06938,0.327778,0.124829,0.577711
615,0.0142946,3.47075,1.04067,1,4.49222,0.316,1.06938,0.327778,0.124829,0.577711
615,0.0142946,3.47075,1.04067,1,4.49222,0.316,1.06938,0.327778,0.124829,0.577711
186,0.12506,3.47062,1.05155,1,4.49222,0.316,1.06938,0.327778,0.124829,0.577711
186,0.12506,3.47062,1.05155,1,4.49222,0.316,1.06938,0.327778,0.124829,0.577711
1044,0.235827,3.47075,1.04067,1,4.49222,0.316,1.06938,0.327778,0.124829,0.577711
1044,0.235827,3.47075,1.04067,1,4.49222,0.316,1.06938,0.327778,0.124829,0.577711
38,0.358281,3.47115,1.00423,1,4.49222,0.316,1.06938,0.327778,0.124829,0.577711
38,0.358281,3.47115,1.00423,1,4.49222,0.316,1.06938,0.327778,0.124829,0.577711
664,0.477861,3.47168,0.928469,1,4.49222,0.316,1.06938,0.327778,0.124829,0.577711
664,0.477861,3.47168,0.928469,1,4.49222,0.316,1.06938,0.327778,0.124829,0.577711
235,0.579666,3.47216,0.813737,1,4.49222,0.316,1.06938,0.327778,0.124829,0.577711
235,0.579666,3.47216,0.813737,1,4.49222,0.316,1.06938,0.327778,0.124829,0.577711
1093,0.649172,3.4725,0.664289,1,4.49222,0.316,1.06938,0.327778,0.124829,0.577711
1093,0.649172,3.4725,0.664289,1,4.49222,0.316,1.06938,0.327778,0.124829,0.577711
60,0.672765,3.47261,0.496354,1,4.49222,0.316,1.06938,0.327778,0.124829,0.577711
1045,-0.378255,3.4973,0.66221,0,4.99222,0.316,1.09178,0.327778,0.124824,0.600109
59,-0.411198,3.49722,0.493031,0,4.99222,0.316,1.09178,0.327778,0.124824,0.600109
187,-0.31298,3.49717,0.814087,0,4.99222,0.316,1.09178,0.327778,0.124824,0.600109
1045,-0.378255,3.4973,0.66221,0,4.99222,0.316,1.09178,0.327778,0.124824,0.600109
616,-0.217732,3.49685,0.934634,0,4.99222,0.316,1.09178,0.327778,0.124824,0.600109
187,-0.31298,3.49717,0.814087,0,4.99222,0.316,1.09178,0.327778,0.124824,0.600109
16,-0.103313,3.49645,1.01865,0,4.99222,0.316,1.09178,0.327778,0.124824,0.600109
616,-0.217732,3.49685,0.934634,0,4.99222,0.316,1.09178,0.327778,0.124824,0.600109
16,-0.103313,3.49645,1.01865,0,4.99222,0.316,1.09178,0.327778,0.124824,0.600109
615,0.0160643,3.49613,1.06454,0,4.99222,0.316,1.09178,0.327778,0.124824,0.600109
615,0.0160643,3.49613,1.06454,0,4.99222,0.316,1.09178,0.327778,0.124824,0.600109
186,0.125037,3.49602,1.07764,0,4.99222,0.316,1.09178,0.327778,0.124824,0.600109
186,0.125037,3.49602,1.07764,0,4.99222,0.316,1.09178,0.327778,0.124824,0.600109
1044,0.234011,3.49613,1.06452,0,4.99222,0.316,1.09178,0.327778,0.124824,0.600109
1044,0.234011,3.49613,1.06452,0,4.99222,0.316,1.09178,0.327778,0.124824,0.600109
38,0.353392,3.49645,1.01864,0,4.99222,0.316,1.09178,0.327778,0.124824,0.600109
38,0.353392,3.49645,1.01864,0,4.99222,0.316,1.09178,0.327778,0.124824,0.600109
664,0.467806,3.49685,0.934621,0,4.99222,0.316,1.09178,0.327778,0.124824,0.600109
664,0.467806,3.49685,0.934621,0,4.99222,0.316,1.09178,0.327778,0.124824,0.600109
235,0.563045,3.49716,0.814081,0,4.99222,0.316,1.09178,0.327778,0.124824,0.600109
235,0.563045,3.49716,0.814081,0,4.99222,0.316,1.09178,0.327778,0.124824,0.600109
1093,0.628314,3.49729,0.662211,0,4.99222,0.316,1.09178,0.327778,0.124824,0.600109
1093,0.628314,3.49729,0.662211,0,4.99222,0.316,1.09178,0.327778,0.124824,0.600109
60,0.661255,3.49721,0.493051,0,4.99222,0.316,1.09178,0.327778,0.124824,0.600109
1045,-0.422995,3.49603,0.669292,1,4.99222,0.316,1.09178,0.327778,0.124824,0.600109
59,-0.447753,3.49606,0.493591,1,4.99222,0.316,1.09178,0.327778,0.124824,0.600109
187,-0.349889,3.49578,0.825376,1,4.99222,0.316,1.09178,0.327778,0.124824,0.600109
1045,-0.422995,3.49603,0.669292,1,4.99222,0.316,1.09178,0.327778,0.124824,0.600109
616,-0.242875,3.49537,0.944874,1,4.99222,0.316,1.09178,0.327778,0.124824,0.600109
187,-0.349889,3.49578,0.825376,1,4.99222,0.316,1.09178,0.327778,0.124824,0.600109
16,-0.117373,3.49489,1.02339,1,4.99222,0.316,1.09178,0.327778,0.124824,0.600109
616,-0.242875,3.49537,0.944874,1,4.99222,0.316,1.09178,0.327778,0.124824,0.600109
16,-0.117373,3.49489,1.02339,1,4.99222,0.316,1.09178,0.327778,0.124824,0.600109
615,0.0109481,3.49451,1.06159,1,4.99222,0.316,1.09178,0.327778,0.124824,0.600109
615,0.0109481,3.49451,1.06159,1,4.99222,0.316,1.09178,0.327778,0.124824,0.600109
186,0.125068,3.49438,1.07294,1,4.99222,0.316,1.09178,0.327778,0.124824,0.600109
186,0.125068,3.49438,1.07294,1,4.99222,0.316,1.09178,0.327778,0.124824,0.600109
1044,0.23919,3.49451,1.06159,1,4.99222,0.316,1.09178,0.327778,0.124824,0.600109
1044,0.23919,3.49451,1.06159,1,4.99222,0.316,1.09178,0.327778,0.124824,0.600109
38,0.36751,3.49489,1.02338,1,4.99222,0.316,1.09178,0.327778,0.124824,0.600109
38,0.36751,3.49489,1.02338,1,4.99222,0.316,1.09178,0.327778,0.124824,0.600109
664,0.493,3.49536,0.944851,1,4.99222,0.316,1.09178,0.327778,0.124824,0.600109
664,0.493,3.49536,0.944851,1,4.99222,0.316,1.09178,0.327778,0.124824,0.600109
235,0.599999,3.49577,0.825351,1,4.99222,0.316,1.09178,0.327778,0.124824,0.600109
235,0.599999,3.49577,0.825351,1,4.99222,0.316,1.09178,0.327778,0.124824,0.600109
1093,0.6731,3.49602,0.66928,1,4.99222,0.316,1.09178,0.327778,0.124824,0.600109
1093,0.6731,3.49602,0.66928,1,4.99222,0.316,1.09178,0.327778,0.124824,0.600109
60,0.697862,3.49604,0.493597,1,4.99222,0.316,1.09178,0.327778,0.124824,0.600109
1045,-0.398909,3.52126,0.667535,0,5.49222,0.316,1.11117,0.327778,0.124819,0.619501
59,-0.433433,3.52109,0.491615,0,5.49222,0.316,1.11117,0.327778,0.124819,0.619501
187,-0.330204,3.52121,0.824906,0,5.49222,0.316,1.11117,0.327778,0.124819,0.619501
1045,-0.398909,3.52126,0.667535,0,5.49222,0.316,1.11117,0.327778,0.124819,0.619501
616,-0.230308,3.52096,0.949306,0,5.49222,0.316,1.11117,0.327778,0.124819,0.619501
187,-0.330204,3.52121,0.824906,0,5.49222,0.316,1.11117,0.327778,0.124819,0.619501
16,-0.110744,3.5206,1.03543,0,5.49222,0.316,1.11117,0.327778,0.124819,0.619501
616,-0.230308,3.52096,0.949306,0,5.49222,0.316,1.11117,0.327778,0.124819,0.619501
16,-0.110744,3.5206,1.03543,0,5.49222,0.316,1.11117,0.327778,0.124819,0.619501
615,0.0136211,3.5203,1.08228,0,5.49222,0.316,1.11117,0.327778,0.124819,0.619501
615,0.0136211,3.5203,1.08228,0,5.49222,0.316,1.11117,0.327778,0.124819,0.619501
186,0.125037,3.52019,1.09548,0,5.49222,0.316,1.11117,0.327778,0.124819,0.619501
186,0.125037,3.52019,1.09548,0,5.49222,0.316,1.11117,0.327778,0.124819,0.619501
1044,0.236458,3.5203,1.08227,0,5.49222,0.316,1.11117,0.327778,0.124819,0.619501
1044,0.236458,3.5203,1.08227,0,5.49222,0.316,1.11117,0.327778,0.124819,0.619501
38,0.360832,3.5206,1.03543,0,5.49222,0.316,1.11117,0.327778,0.124819,0.619501
38,0.360832,3.5206,1.03543,0,5.49222,0.316,1.11117,0.327778,0.124819,0.619501
664,0.480395,3.52096,0.949301,0,5.49222,0.316,1.11117,0.327778,0.124819,0.619501
664,0.480395,3.52096,0.949301,0,5.49222,0.316,1.11117,0.327778,0.124819,0.619501
235,0.580278,3.52121,0.824898,0,5.49222,0.316,1.11117,0.327778,0.124819,0.619501
235,0.580278,3.52121,0.824898,0,5.49222,0.316,1.11117,0.327778,0.124819,0.619501
1093,0.648977,3.52126,0.667539,0,5.49222,0.316,1.11117,0.327778,0.124819,0.619501
1093,0.648977,3.52126,0.667539,0,5.49222,0.316,1.11117,0.327778,0.124819,0.619501
60,0.683499,3.52109,0.491642,0,5.49222,0.316,1.11117,0.327778,0.124819,0.619501
1045,-0.444689,3.51982,0.67378,1,5.49222,0.316,1.11117,0.327778,0.124819,0.619501
59,-0.470589,3.51975,0.491049,1,5.49222,0.316,1.11117,0.327778,0.124819,0.619501
187,-0.368362,3.51966,0.835931,1,5.49222,0.316,1.11117,0.327778,0.124819,0.619501
1045,-0.444689,3.51982,0.67378,1,5.49222,0.316,1.11117,0.327778,0.124819,0.619501
616,-0.256701,3.51931,0.959864,1,5.49222,0.316,1.11117,0.327778,0.124819,0.619501
187,-0.368362,3.51966,0.835931,1,5.49222,0.316,1.11117,0.327778,0.124819,0.619501
16,-0.125892,3.51887,1.04105,1,5.49222,0.316,1.11117,0.327778,0.124819,0.619501
616,-0.256701,3.51931,0.959864,1,5.49222,0.316,1.11117,0.327778,0.124819,0.619501
16,-0.125892,3.51887,1.04105,1,5.49222,0.316,1.11117,0.327778,0.124819,0.619501
615,0.00776695,3.51851,1.08085,1,5.49222,0.316,1.11117,0.327778,0.124819,0.619501
615,0.00776695,3.51851,1.08085,1,5.49222,0.316,1.11117,0.327778,0.124819,0.619501
186,0.125037,3.51838,1.09261,1,5.49222,0.316,1.11117,0.327778,0.124819,0.619501
186,0.125037,3.51838,1.09261,1,5.49222,0.316,1.11117,0.327778,0.124819,0.619501
1044,0.24231,3.51851,1.08086,1,5.49222,0.316,1.11117,0.327778,0.124819,0.619501
1044,0.24231,3.51851,1.08086,1,5.49222,0.316,1.11117,0.327778,0.124819,0.619501
38,0.37597,3.51887,1.04104,1,5.49222,0.316,1.11117,0.327778,0.124819,0.619501
38,0.37597,3.51887,1.04104,1,5.49222,0.316,1.11117,0.327778,0.124819,0.619501
664,0.506768,3.51931,0.959849,1,5.49222,0.316,1.11117,0.327778,0.124819,0.619501
664,0.506768,3.51931,0.959849,1,5.49222,0.316,1.11117,0.327778,0.124819,0.619501
235,0.61842,3.51965,0.835919,1,5.49222,0.316,1.11117,0.327778,0.124819,0.619501
235,0.61842,3.51965,0.835919,1,5.49222,0.316,1.11117,0.327778,0.124819,0.619501
1093,0.694746,3.51981,0.673781,1,5.49222,0.316,1.11117,0.327778,0.124819,0.619501
1093,0.694746,3.51981,0.673781,1,5.49222,0.316,1.11117,0.327778,0.124819,0.619501
60,0.720648,3.51975,0.491068,1,5.49222,0.316,1.11117,0.327778,0.124819,0.619501
1045,-0.417792,3.54494,0.672406,0,5.99222,0.316,1.12825,0.327778,0.124813,0.636585
59,-0.453775,3.54469,0.490271,0,5.99222,0.316,1.12825,0.327778,0.124813,0.636585
187,-0.34601,3.54495,0.834917,0,5.99222,0.316,1.12825,0.327778,0.124813,0.636585
1045,-0.417792,3.54494,0.672406,0,5.99222,0.316,1.12825,0.327778,0.124813,0.636585
616,-0.24193,3.54475,0.962997,0,5.99222,0.316,1.12825,0.327778,0.124813,0.636585
187,-0.34601,3.54495,0.834917,0,5.99222,0.316,1.12825,0.327778,0.124813,0.636585
16,-0.1177,3.54442,1.05125,0,5.99222,0.316,1.12825,0.327778,0.124813,0.636585
616,-0.24193,3.54475,0.962997,0,5.99222,0.316,1.12825,0.327778,0.124813,0.636585
16,-0.1177,3.54442,1.05125,0,5.99222,0.316,1.12825,0.327778,0.124813,0.636585
615,0.0112624,3.54413,1.09911,0,5.99222,0.316,1.12825,0.327778,0.124813,0.636585
615,0.0112624,3.54413,1.09911,0,5.99222,0.316,1.12825,0.327778,0.124813,0.636585
186,0.125037,3.54402,1.11246,0,5.99222,0.316,1.12825,0.327778,0.124813,0.636585
186,0.125037,3.54402,1.11246,0,5.99222,0.316,1.12825,0.327778,0.124813,0.636585
1044,0.238816,3.54413,1.0991,0,5.99222,0.316,1.12825,0.327778,0.124813,0.636585
1044,0.238816,3.54413,1.0991,0,5.99222,0.316,1.12825,0.327778,0.124813,0.636585
38,0.367784,3.54442,1.05124,0,5.99222,0.316,1.12825,0.327778,0.124813,0.636585
38,0.367784,3.54442,1.05124,0,5.99222,0.316,1.12825,0.327778,0.124813,0.636585
664,0.492011,3.54475,0.962989,0,5.99222,0.316,1.12825,0.327778,0.124813,0.636585
664,0.492011,3.54475,0.962989,0,5.99222,0.316,1.12825,0.327778,0.124813,0.636585
235,0.596086,3.54494,0.834913,0,5.99222,0.316,1.12825,0.327778,0.124813,0.636585
235,0.596086,3.54494,0.834913,0,5.99222,0.316,1.12825,0.327778,0.124813,0.636585
1093,0.667859,3.54493,0.672414,0,5.99222,0.316,1.12825,0.327778,0.124813,0.636585
1093,0.667859,3.54493,0.672414,0,5.99222,0.316,1.12825,0.327778,0.124813,0.636585
60,0.703844,3.54468,0.4903,0,5.99222,0.316,1.12825,0.327778,0.124813,0.636585
1045,-0.464593,3.54338,0.677913,1,5.99222,0.316,1.12825,0.327778,0.124813,0.636585
59,-0.491614,3.54323,0.488699,1,5.99222,0.316,1.12825,0.327778,0.124813,0.636585
187,-0.385289,3.5433,0.845659,1,5.99222,0.316,1.12825,0.327778,0.124813,0.636585
1045,-0.464593,3.54338,0.677913,1,5.99222,0.316,1.12825,0.327778,0.124813,0.636585
616,-0.269384,3.54302,0.973722,1,5.99222,0.316,1.12825,0.327778,0.124813,0.636585
187,-0.385289,3.5433,0.845659,1,5.99222,0.316,1.12825,0.327778,0.124813,0.636585
16,-0.133724,3.54261,1.05744,1,5.99222,0.316,1.12825,0.327778,0.124813,0.636585
616,-0.269384,3.54302,0.973722,1,5.99222,0.316,1.12825,0.327778,0.124813,0.636585
16,-0.133724,3.54261,1.05744,1,5.99222,0.316,1.12825,0.327778,0.124813,0.636585
615,0.00484831,3.54226,1.09871,1,5.99222,0.316,1.12825,0.327778,0.124813,0.636585
615,0.00484831,3.54226,1.09871,1,5.99222,0.316,1.12825,0.327778,0.124813,0.636585
186,0.125093,3.54214,1.11083,1,5.99222,0.316,1.12825,0.327778,0.124813,0.636585
186,0.125093,3.54214,1.11083,1,5.99222,0.316,1.12825,0.327778,0.124813,0.636585
1044,0.245341,3.54226,1.09871,1,5.99222,0.316,1.12825,0.327778,0.124813,0.636585
1044,0.245341,3.54226,1.09871,1,5.99222,0.316,1.12825,0.327778,0.124813,0.636585
38,0.383913,3.54261,1.05742,1,5.99222,0.316,1.12825,0.327778,0.124813,0.636585
38,0.383913,3.54261,1.05742,1,5.99222,0.316,1.12825,0.327778,0.124813,0.636585
664,0.519554,3.54301,0.973682,1,5.99222,0.316,1.12825,0.327778,0.124813,0.636585
664,0.519554,3.54301,0.973682,1,5.99222,0.316,1.12825,0.327778,0.124813,0.636585
235,0.635446,3.54328,0.845622,1,5.99222,0.316,1.12825,0.327778,0.124813,0.636585
235,0.635446,3.54328,0.845622,1,5.99222,0.316,1.12825,0.327778,0.124813,0.636585
1093,0.714756,3.54336,0.67789,1,5.99222,0.316,1.12825,0.327778,0.124813,0.636585
1093,0.714756,3.54336,0.67789,1,5.99222,0.316,1.12825,0.327778,0.124813,0.636585
60,0.741778,3.54321,0.488692,1,5.99222,0.316,1.12825,0.327778,0.124813,0.636585
1045,-0.435281,3.56807,0.676921,0,6.49222,0.316,1.14381,0.327778,0.124806,0.652141
59,-0.472623,3.56775,0.488989,0,6.49222,0.316,1.14381,0.327778,0.124806,0.652141
187,-0.3607,3.56814,0.84427,0,6.49222,0.316,1.14381,0.327778,0.124806,0.652141
1045,-0.435281,3.56807,0.676921,0,6.49222,0.316,1.14381,0.327778,0.124806,0.652141
616,-0.252792,3.56799,0.975874,0,6.49222,0.316,1.14381,0.327778,0.124806,0.652141
187,-0.3607,3.56814,0.84427,0,6.49222,0.316,1.14381,0.327778,0.124806,0.652141
16,-0.124266,3.56768,1.06622,0,6.49222,0.316,1.14381,0.327778,0.124806,0.652141
616,-0.252792,3.56799,0.975874,0,6.49222,0.316,1.14381,0.327778,0.124806,0.652141
16,-0.124266,3.56768,1.06622,0,6.49222,0.316,1.14381,0.327778,0.124806,0.652141
615,0.00898361,3.56739,1.1151,0,6.49222,0.316,1.14381,0.327778,0.124806,0.652141
615,0.00898361,3.56739,1.1151,0,6.49222,0.316,1.14381,0.327778,0.124806,0.652141
186,0.125037,3.56729,1.1286,0,6.49222,0.316,1.14381,0.327778,0.124806,0.652141
186,0.125037,3.56729,1.1286,0,6.49222,0.316,1.14381,0.327778,0.124806,0.652141
1044,0.241094,3.5674,1.11509,0,6.49222,0.316,1.14381,0.327778,0.124806,0.652141
1044,0.241094,3.5674,1.11509,0,6.49222,0.316,1.14381,0.327778,0.124806,0.652141
38,0.374344,3.56768,1.06621,0,6.49222,0.316,1.14381,0.327778,0.124806,0.652141
38,0.374344,3.56768,1.06621,0,6.49222,0.316,1.14381,0.327778,0.124806,0.652141
664,0.502868,3.56798,0.975863,0,6.49222,0.316,1.14381,0.327778,0.124806,0.652141
664,0.502868,3.56798,0.975863,0,6.49222,0.316,1.14381,0.327778,0.124806,0.652141
235,0.610775,3.56814,0.844267,0,6.49222,0.316,1.14381,0.327778,0.124806,0.652141
235,0.610775,3.56814,0.844267,0,6.49222,0.316,1.14381,0.327778,0.124806,0.652141
1093,0.685353,3.56807,0.676931,0,6.49222,0.316,1.14381,0.327778,0.124806,0.652141
1093,0.685353,3.56807,0.676931,0,6.49222,0.316,1.14381,0.327778,0.124806,0.652141
60,0.722698,3.56775,0.489023,0,6.49222,0.316,1.14381,0.327778,0.124806,0.652141
1045,-0.483108,3.56646,0.681767,1,6.49222,0.316,1.14381,0.327778,0.124806,0.652141
59,-0.511211,3.56622,0.486529,1,6.49222,0.316,1.14381,0.327778,0.124806,0.652141
187,-0.401059,3.56645,0.854727,1,6.49222,0.316,1.14381,0.327778,0.124806,0.652141
1045,-0.483108,3.56646,0.681767,1,6.49222,0.316,1.14381,0.327778,0.124806,0.652141
616,-0.281257,3.56622,0.986673,1,6.49222,0.316,1.14381,0.327778,0.124806,0.652141
187,-0.401059,3.56645,0.854727,1,6.49222,0.316,1.14381,0.327778,0.124806,0.652141
16,-0.141138,3.56585,1.07282,1,6.49222,0.316,1.14381,0.327778,0.124806,0.652141
616,-0.281257,3.56622,0.986673,1,6.49222,0.316,1.14381,0.327778,0.124806,0.652141
16,-0.141138,3.56585,1.07282,1,6.49222,0.316,1.14381,0.327778,0.124806,0.652141
615,0.00199089,3.56551,1.11548,1,6.49222,0.316,1.14381,0.327778,0.124806,0.652141
615,0.00199089,3.56551,1.11548,1,6.49222,0.316,1.14381,0.327778,0.124806,0.652141
186,0.125051,3.56539,1.12792,1,6.49222,0.316,1.14381,0.327778,0.124806,0.652141
186,0.125051,3.56539,1.12792,1,6.49222,0.316,1.14381,0.327778,0.124806,0.652141
1044,0.248116,3.56551,1.11547,1,6.49222,0.316,1.14381,0.327778,0.124806,0.652141
1044,0.248116,3.56551,1.11547,1,6.49222,0.316,1.14381,0.327778,0.124806,0.652141
38,0.39125,3.56585,1.0728,1,6.49222,0.316,1.14381,0.327778,0.124806,0.652141
38,0.39125,3.56585,1.0728,1,6.49222,0.316,1.14381,0.327778,0.124806,0.652141
664,0.531369,3.56622,0.986654,1,6.49222,0.316,1.14381,0.327778,0.124806,0.652141
664,0.531369,3.56622,0.986654,1,6.49222,0.316,1.14381,0.327778,0.124806,0.652141
235,0.651168,3.56644,0.854716,1,6.49222,0.316,1.14381,0.327778,0.124806,0.652141
235,0.651168,3.56644,0.854716,1,6.49222,0.316,1.14381,0.327778,0.124806,0.652141
1093,0.733225,3.56645,0.681773,1,6.49222,0.316,1.14381,0.327778,0.124806,0.652141
1093,0.733225,3.56645,0.681773,1,6.49222,0.316,1.14381,0.327778,0.124806,0.652141
60,0.761336,3.56621,0.486553,1,6.49222,0.316,1.14381,0.327778,0.124806,0.652141
1045,-0.451634,3.5906,0.68116,0,6.99222,0.316,1.15786,0.327778,0.124801,0.666189
59,-0.490256,3.59022,0.487779,0,6.99222,0.316,1.15786,0.327778,0.124801,0.666189
187,-0.374462,3.59072,0.853079,0,6.99222,0.316,1.15786,0.327778,0.124801,0.666189
1045,-0.451634,3.5906,0.68116,0,6.99222,0.316,1.15786,0.327778,0.124801,0.666189
616,-0.263008,3.5906,0.988043,0,6.99222,0.316,1.15786,0.327778,0.124801,0.666189
187,-0.374462,3.59072,0.853079,0,6.99222,0.316,1.15786,0.327778,0.124801,0.666189
16,-0.13048,3.59031,1.08043,0,6.99222,0.316,1.15786,0.327778,0.124801,0.666189
616,-0.263008,3.5906,0.988043,0,6.99222,0.316,1.15786,0.327778,0.124801,0.666189
16,-0.13048,3.59031,1.08043,0,6.99222,0.316,1.15786,0.327778,0.124801,0.666189
615,0.0067858,3.59004,1.13031,0,6.99222,0.316,1.15786,0.327778,0.124801,0.666189
615,0.0067858,3.59004,1.13031,0,6.99222,0.316,1.15786,0.327778,0.124801,0.666189
186,0.125035,3.58993,1.14398,0,6.99222,0.316,1.15786,0.327778,0.124801,0.666189
186,0.125035,3.58993,1.14398,0,6.99222,0.316,1.15786,0.327778,0.124801,0.666189
1044,0.243291,3.59004,1.13031,0,6.99222,0.316,1.15786,0.327778,0.124801,0.666189
1044,0.243291,3.59004,1.13031,0,6.99222,0.316,1.15786,0.327778,0.124801,0.666189
38,0.380567,3.59032,1.08043,0,6.99222,0.316,1.15786,0.327778,0.124801,0.666189
38,0.380567,3.59032,1.08043,0,6.99222,0.316,1.15786,0.327778,0.124801,0.666189
664,0.513093,3.5906,0.988044,0,6.99222,0.316,1.15786,0.327778,0.124801,0.666189
664,0.513093,3.5906,0.988044,0,6.99222,0.316,1.15786,0.327778,0.124801,0.666189
235,0.624543,3.59071,0.853085,0,6.99222,0.316,1.15786,0.327778,0.124801,0.666189
235,0.624543,3.59071,0.853085,0,6.99222,0.316,1.15786,0.327778,0.124801,0.666189
1093,0.701713,3.59059,0.681178,0,6.99222,0.316,1.15786,0.327778,0.124801,0.666189
1093,0.701713,3.59059,0.681178,0,6.99222,0.316,1.15786,0.327778,0.124801,0.666189
60,0.740339,3.59021,0.487823,0,6.99222,0.316,1.15786,0.327778,0.124801,0.666189
1045,-0.500502,3.5889,0.685408,1,6.99222,0.316,1.15786,0.327778,0.124801,0.666189
59,-0.529634,3.58858,0.484505,1,6.99222,0.316,1.15786,0.327778,0.124801,0.666189
187,-0.41587,3.58896,0.863273,1,6.99222,0.316,1.15786,0.327778,0.124801,0.666189
1045,-0.500502,3.5889,0.685408,1,6.99222,0.316,1.15786,0.327778,0.124801,0.666189
616,-0.292405,3.58878,0.998878,1,6.99222,0.316,1.15786,0.327778,0.124801,0.666189
187,-0.41587,3.58896,0.863273,1,6.99222,0.316,1.15786,0.327778,0.124801,0.666189
16,-0.148092,3.58843,1.08732,1,6.99222,0.316,1.15786,0.327778,0.124801,0.666189
616,-0.292405,3.58878,0.998878,1,6.99222,0.316,1.15786,0.327778,0.124801,0.666189
16,-0.148092,3.58843,1.08732,1,6.99222,0.316,1.15786,0.327778,0.124801,0.666189
615,-0.000680438,3.5881,1.13126,1,6.99222,0.316,1.15786,0.327778,0.124801,0.666189
615,-0.000680438,3.5881,1.13126,1,6.99222,0.316,1.15786,0.327778,0.124801,0.666189
186,0.125071,3.58798,1.14403,1,6.99222,0.316,1.15786,0.327778,0.124801,0.666189
186,0.125071,3.58798,1.14403,1,6.99222,0.316,1.15786,0.327778,0.124801,0.666189
1044,0.250826,3.5881,1.13127,1,6.99222,0.316,1.15786,0.327778,0.124801,0.666189
1044,0.250826,3.5881,1.13127,1,6.99222,0.316,1.15786,0.327778,0.124801,0.666189
38,0.39824,3.58843,1.08732,1,6.99222,0.316,1.15786,0.327778,0.124801,0.666189
38,0.39824,3.58843,1.08732,1,6.99222,0.316,1.15786,0.327778,0.124801,0.666189
664,0.542542,3.58877,0.998869,1,6.99222,0.316,1.15786,0.327778,0.124801,0.666189
664,0.542542,3.58877,0.998869,1,6.99222,0.316,1.15786,0.327778,0.124801,0.666189
235,0.665997,3.58894,0.863271,1,6.99222,0.316,1.15786,0.327778,0.124801,0.666189
235,0.665997,3.58894,0.863271,1,6.99222,0.316,1.15786,0.327778,0.124801,0.666189
1093,0.750643,3.58888,0.685425,1,6.99222,0.316,1.15786,0.327778,0.124801,0.666189
1093,0.750643,3.58888,0.685425,1,6.99222,0.316,1.15786,0.327778,0.124801,0.666189
60,0.779789,3.58856,0.484541,1,6.99222,0.316,1.15786,0.327778,0.124801,0.666189
1045,-0.467059,3.61245,0.685155,0,7.49222,0.316,1.17031,0.327778,0.124796,0.678644
59,-0.506889,3.61201,0.486617,0,7.49222,0.316,1.17031,0.327778,0.124796,0.678644
187,-0.387467,3.61261,0.861419,0,7.49222,0.316,1.17031,0.327778,0.124796,0.678644
1045,-0.467059,3.61245,0.685155,0,7.49222,0.316,1.17031,0.327778,0.124796,0.678644
616,-0.272691,3.61253,0.999601,0,7.49222,0.316,1.17031,0.327778,0.124796,0.678644
187,-0.387467,3.61261,0.861419,0,7.49222,0.316,1.17031,0.327778,0.124796,0.678644
16,-0.136401,3.61227,1.09397,0,7.49222,0.316,1.17031,0.327778,0.124796,0.678644
616,-0.272691,3.61253,0.999601,0,7.49222,0.316,1.17031,0.327778,0.124796,0.678644
16,-0.136401,3.61227,1.09397,0,7.49222,0.316,1.17031,0.327778,0.124796,0.678644
615,0.00465748,3.61199,1.14483,0,7.49222,0.316,1.17031,0.327778,0.124796,0.678644
615,0.00465748,3.61199,1.14483,0,7.49222,0.316,1.17031,0.327778,0.124796,0.678644
186,0.125033,3.61188,1.15867,0,7.49222,0.316,1.17031,0.327778,0.124796,0.678644
186,0.125033,3.61188,1.15867,0,7.49222,0.316,1.17031,0.327778,0.124796,0.678644
1044,0.245417,3.61199,1.14482,0,7.49222,0.316,1.17031,0.327778,0.124796,0.678644
1044,0.245417,3.61199,1.14482,0,7.49222,0.316,1.17031,0.327778,0.124796,0.678644
38,0.386481,3.61227,1.09397,0,7.49222,0.316,1.17031,0.327778,0.124796,0.678644
38,0.386481,3.61227,1.09397,0,7.49222,0.316,1.17031,0.327778,0.124796,0.678644
664,0.522773,3.61253,0.999602,0,7.49222,0.316,1.17031,0.327778,0.124796,0.678644
664,0.522773,3.61253,0.999602,0,7.49222,0.316,1.17031,0.327778,0.124796,0.678644
235,0.637548,3.61261,0.861432,0,7.49222,0.316,1.17031,0.327778,0.124796,0.678644
235,0.637548,3.61261,0.861432,0,7.49222,0.316,1.17031,0.327778,0.124796,0.678644
1093,0.717141,3.61244,0.68518,0,7.49222,0.316,1.17031,0.327778,0.124796,0.678644
1093,0.717141,3.61244,0.68518,0,7.49222,0.316,1.17031,0.327778,0.124796,0.678644
60,0.756979,3.61201,0.486671,0,7.49222,0.316,1.17031,0.327778,0.124796,0.678644
1045,-0.51702,3.61063,0.688835,1,7.49222,0.316,1.17031,0.327778,0.124796,0.678644
59,-0.547129,3.61025,0.482586,1,7.49222,0.316,1.17031,0.327778,0.124796,0.678644
187,-0.429975,3.61076,0.871337,1,7.49222,0.316,1.17031,0.327778,0.124796,0.678644
1045,-0.51702,3.61063,0.688835,1,7.49222,0.316,1.17031,0.327778,0.124796,0.678644
616,-0.303092,3.61063,1.01042,1,7.49222,0.316,1.17031,0.327778,0.124796,0.678644
187,-0.429975,3.61076,0.871337,1,7.49222,0.316,1.17031,0.327778,0.124796,0.678644
16,-0.154845,3.61031,1.10107,1,7.49222,0.316,1.17031,0.327778,0.124796,0.678644
616,-0.303092,3.61063,1.01042,1,7.49222,0.316,1.17031,0.327778,0.124796,0.678644
16,-0.154845,3.61031,1.10107,1,7.49222,0.316,1.17031,0.327778,0.124796,0.678644
615,-0.00339411,3.60999,1.14623,1,7.49222,0.316,1.17031,0.327778,0.124796,0.678644
615,-0.00339411,3.60999,1.14623,1,7.49222,0.316,1.17031,0.327778,0.124796,0.678644
186,0.124942,3.60987,1.1593,1,7.49222,0.316,1.17031,0.327778,0.124796,0.678644
186,0.124942,3.60987,1.1593,1,7.49222,0.316,1.17031,0.327778,0.124796,0.678644
1044,0.253283,3.61,1.14624,1,7.49222,0.316,1.17031,0.327778,0.124796,0.678644
1044,0.253283,3.61,1.14624,1,7.49222,0.316,1.17031,0.327778,0.124796,0.678644
38,0.404742,3.61032,1.10111,1,7.49222,0.316,1.17031,0.327778,0.124796,0.678644
38,0.404742,3.61032,1.10111,1,7.49222,0.316,1.17031,0.327778,0.124796,0.678644
664,0.552992,3.61064,1.01048,1,7.49222,0.316,1.17031,0.327778,0.124796,0.678644
664,0.552992,3.61064,1.01048,1,7.49222,0.316,1.17031,0.327778,0.124796,0.678644
235,0.679876,3.61078,0.871412,1,7.49222,0.316,1.17031,0.327778,0.124796,0.678644
235,0.679876,3.61078,0.871412,1,7.49222,0.316,1.17031,0.327778,0.124796,0.678644
1093,0.76693,3.61065,0.688936,1,7.49222,0.316,1.17031,0.327778,0.124796,0.678644
1093,0.76693,3.61065,0.688936,1,7.49222,0.316,1.17031,0.327778,0.124796,0.678644
60,0.797071,3.61027,0.482716,1,7.49222,0.316,1.17031,0.327778,0.124796,0.678644
