id,x,y,z,ablated,v,bulkheadyoungs,nickdepth,nickw,nickc,bbmin
1045,-0.271501,3.43317,0.639527,0,3.49222,1,1.00217,0.327778,0.124846,0.510505
59,-0.297776,3.43343,0.495995,0,3.49222,1,1.00217,0.327778,0.124846,0.510505
187,-0.226128,3.43282,0.772286,0,3.49222,1,1.00217,0.327778,0.124846,0.510505
1045,-0.271501,3.43317,0.639527,0,3.49222,1,1.00217,0.327778,0.124846,0.510505
616,-0.157704,3.43243,0.883453,0,3.49222,1,1.00217,0.327778,0.124846,0.510505
187,-0.226128,3.43282,0.772286,0,3.49222,1,1.00217,0.327778,0.124846,0.510505
16,-0.0722513,3.43208,0.969321,0,3.49222,1,1.00217,0.327778,0.124846,0.510505
616,-0.157704,3.43243,0.883453,0,3.49222,1,1.00217,0.327778,0.124846,0.510505
16,-0.0722513,3.43208,0.969321,0,3.49222,1,1.00217,0.327778,0.124846,0.510505
615,0.0247535,3.43183,1.01837,0,3.49222,1,1.00217,0.327778,0.124846,0.510505
615,0.0247535,3.43183,1.01837,0,3.49222,1,1.00217,0.327778,0.124846,0.510505
186,0.12502,3.43175,1.03371,0,3.49222,1,1.00217,0.327778,0.124846,0.510505
186,0.12502,3.43175,1.03371,0,3.49222,1,1.00217,0.327778,0.124846,0.510505
1044,0.225286,3.43182,1.01832,0,3.49222,1,1.00217,0.327778,0.124846,0.510505
1044,0.225286,3.43182,1.01832,0,3.49222,1,1.00217,0.327778,0.124846,0.510505
38,0.322295,3.43207,0.969323,0,3.49222,1,1.00217,0.327778,0.124846,0.510505
38,0.322295,3.43207,0.969323,0,3.49222,1,1.00217,0.327778,0.124846,0.510505
664,0.407763,3.43242,0.883459,0,3.49222,1,1.00217,0.327778,0.124846,0.510505
664,0.407763,3.43242,0.883459,0,3.49222,1,1.00217,0.327778,0.124846,0.510505
235,0.476176,3.43282,0.772301,0,3.49222,1,1.00217,0.327778,0.124846,0.510505
235,0.476176,3.43282,0.772301,0,3.49222,1,1.00217,0.327778,0.124846,0.510505
1093,0.5215,3.43316,0.639541,0,3.49222,1,1.00217,0.327778,0.124846,0.510505
1093,0.5215,3.43316,0.639541,0,3.49222,1,1.00217,0.327778,0.124846,0.510505
60,0.547804,3.43341,0.496016,0,3.49222,1,1.00217,0.327778,0.124846,0.510505
1045,-0.333915,3.43312,0.652414,1,3.49222,1,1.00217,0.327778,0.124846,0.510505
59,-0.35551,3.43326,0.503163,1,3.49222,1,1.00217,0.327778,0.124846,0.510505
187,-0.274892,3.43283,0.786435,1,3.49222,1,1.00217,0.327778,0.124846,0.510505
1045,-0.333915,3.43312,0.652414,1,3.49222,1,1.00217,0.327778,0.124846,0.510505
616,-0.188323,3.43243,0.891267,1,3.49222,1,1.00217,0.327778,0.124846,0.510505
187,-0.274892,3.43283,0.786435,1,3.49222,1,1.00217,0.327778,0.124846,0.510505
16,-0.0860246,3.432,0.963832,1,3.49222,1,1.00217,0.327778,0.124846,0.510505
616,-0.188323,3.43243,0.891267,1,3.49222,1,1.00217,0.327778,0.124846,0.510505
16,-0.0860246,3.432,0.963832,1,3.49222,1,1.00217,0.327778,0.124846,0.510505
615,0.0219213,3.43167,0.994017,1,3.49222,1,1.00217,0.327778,0.124846,0.510505
615,0.0219213,3.43167,0.994017,1,3.49222,1,1.00217,0.327778,0.124846,0.510505
186,0.125037,3.43154,0.993209,1,3.49222,1,1.00217,0.327778,0.124846,0.510505
186,0.125037,3.43154,0.993209,1,3.49222,1,1.00217,0.327778,0.124846,0.510505
1044,0.228147,3.43167,0.994065,1,3.49222,1,1.00217,0.327778,0.124846,0.510505
1044,0.228147,3.43167,0.994065,1,3.49222,1,1.00217,0.327778,0.124846,0.510505
38,0.336081,3.432,0.963846,1,3.49222,1,1.00217,0.327778,0.124846,0.510505
38,0.336081,3.432,0.963846,1,3.49222,1,1.00217,0.327778,0.124846,0.510505
664,0.438385,3.43242,0.891288,1,3.49222,1,1.00217,0.327778,0.124846,0.510505
664,0.438385,3.43242,0.891288,1,3.49222,1,1.00217,0.327778,0.124846,0.510505
235,0.524927,3.43282,0.786437,1,3.49222,1,1.00217,0.327778,0.124846,0.510505
235,0.524927,3.43282,0.786437,1,3.49222,1,1.00217,0.327778,0.124846,0.510505
1093,0.58393,3.43311,0.652419,1,3.49222,1,1.00217,0.327778,0.124846,0.510505
1093,0.58393,3.43311,0.652419,1,3.49222,1,1.00217,0.327778,0.124846,0.510505
60,0.605554,3.43326,0.503189,1,3.49222,1,1.00217,0.327778,0.124846,0.510505
1045,-0.296886,3.45415,0.647935,0,3.99222,1,1.02987,0.327778,0.12484,0.538202
59,-0.325842,3.45454,0.496496,0,3.99222,1,1.02987,0.327778,0.12484,0.538202
187,-0.246891,3.45384,0.786171,0,3.99222,1,1.02987,0.327778,0.12484,0.538202
1045,-0.296886,3.45415,0.647935,0,3.99222,1,1.02987,0.327778,0.12484,0.538202
616,-0.171976,3.45352,0.900159,0,3.99222,1,1.02987,0.327778,0.12484,0.538202
187,-0.246891,3.45384,0.786171,0,3.99222,1,1.02987,0.327778,0.12484,0.538202
16,-0.0790766,3.45326,0.985537,0,3.99222,1,1.02987,0.327778,0.12484,0.538202
616,-0.171976,3.45352,0.900159,0,3.99222,1,1.02987,0.327778,0.12484,0.538202
16,-0.0790766,3.45326,0.985537,0,3.99222,1,1.02987,0.327778,0.12484,0.538202
615,0.0230975,3.45308,1.03377,0,3.99222,1,1.02987,0.327778,0.12484,0.538202
615,0.0230975,3.45308,1.03377,0,3.99222,1,1.02987,0.327778,0.12484,0.538202
186,0.125008,3.45302,1.04862,0,3.99222,1,1.02987,0.327778,0.12484,0.538202
186,0.125008,3.45302,1.04862,0,3.99222,1,1.02987,0.327778,0.12484,0.538202
1044,0.226922,3.45308,1.03377,0,3.99222,1,1.02987,0.327778,0.12484,0.538202
1044,0.226922,3.45308,1.03377,0,3.99222,1,1.02987,0.327778,0.12484,0.538202
38,0.329104,3.45327,0.985564,0,3.99222,1,1.02987,0.327778,0.12484,0.538202
38,0.329104,3.45327,0.985564,0,3.99222,1,1.02987,0.327778,0.12484,0.538202
664,0.42201,3.45353,0.900151,0,3.99222,1,1.02987,0.327778,0.12484,0.538202
664,0.42201,3.45353,0.900151,0,3.99222,1,1.02987,0.327778,0.12484,0.538202
235,0.496965,3.45383,0.786171,0,3.99222,1,1.02987,0.327778,0.12484,0.538202
235,0.496965,3.45383,0.786171,0,3.99222,1,1.02987,0.327778,0.12484,0.538202
1093,0.546922,3.45414,0.647934,0,3.99222,1,1.02987,0.327778,0.12484,0.538202
1093,0.546922,3.45414,0.647934,0,3.99222,1,1.02987,0.327778,0.12484,0.538202
60,0.575874,3.45454,0.496504,0,3.99222,1,1.02987,0.327778,0.12484,0.538202
1045,-0.36657,3.45456,0.660717,1,3.99222,1,1.02987,0.327778,0.12484,0.538202
59,-0.387277,3.4546,0.501457,1,3.99222,1,1.02987,0.327778,0.12484,0.538202
187,-0.303426,3.45438,0.802796,1,3.99222,1,1.02987,0.327778,0.12484,0.538202
1045,-0.36657,3.45456,0.660717,1,3.99222,1,1.02987,0.327778,0.12484,0.538202
616,-0.209714,3.45408,0.912608,1,3.99222,1,1.02987,0.327778,0.12484,0.538202
187,-0.303426,3.45438,0.802796,1,3.99222,1,1.02987,0.327778,0.12484,0.538202
16,-0.098719,3.45372,0.986038,1,3.99222,1,1.02987,0.327778,0.12484,0.538202
616,-0.209714,3.45408,0.912608,1,3.99222,1,1.02987,0.327778,0.12484,0.538202
16,-0.098719,3.45372,0.986038,1,3.99222,1,1.02987,0.327778,0.12484,0.538202
615,0.0168788,3.45341,1.01619,1,3.99222,1,1.02987,0.327778,0.12484,0.538202
615,0.0168788,3.45341,1.01619,1,3.99222,1,1.02987,0.327778,0.12484,0.538202
186,0.125068,3.45328,1.01604,1,3.99222,1,1.02987,0.327778,0.12484,0.538202
186,0.125068,3.45328,1.01604,1,3.99222,1,1.02987,0.327778,0.12484,0.538202
1044,0.23325,3.45341,1.01622,1,3.99222,1,1.02987,0.327778,0.12484,0.538202
1044,0.23325,3.45341,1.01622,1,3.99222,1,1.02987,0.327778,0.12484,0.538202
38,0.348842,3.45371,0.986056,1,3.99222,1,1.02987,0.327778,0.12484,0.538202
38,0.348842,3.45371,0.986056,1,3.99222,1,1.02987,0.327778,0.12484,0.538202
664,0.459823,3.45407,0.912613,1,3.99222,1,1.02987,0.327778,0.12484,0.538202
664,0.459823,3.45407,0.912613,1,3.99222,1,1.02987,0.327778,0.12484,0.538202
235,0.55351,3.45437,0.802791,1,3.99222,1,1.02987,0.327778,0.12484,0.538202
235,0.55351,3.45437,0.802791,1,3.99222,1,1.02987,0.327778,0.12484,0.538202
1093,0.616626,3.45455,0.660712,1,3.99222,1,1.02987,0.327778,0.12484,0.538202
1093,0.616626,3.45455,0.660712,1,3.99222,1,1.02987,0.327778,0.12484,0.538202
60,0.637324,3.45459,0.501479,1,3.99222,1,1.02987,0.327778,0.12484,0.538202
1045,-0.317823,3.47976,0.655903,0,4.49222,1,1.05373,0.327778,0.124833,0.562068
59,-0.349463,3.48,0.497495,0,4.49222,1,1.05373,0.327778,0.124833,0.562068
187,-0.264163,3.47956,0.799267,0,4.49222,1,1.05373,0.327778,0.124833,0.562068
1045,-0.317823,3.47976,0.655903,0,4.49222,1,1.05373,0.327778,0.124833,0.562068
616,-0.184113,3.4793,0.916349,0,4.49222,1,1.05373,0.327778,0.124833,0.562068
187,-0.264163,3.47956,0.799267,0,4.49222,1,1.05373,0.327778,0.124833,0.562068
16,-0.0853911,3.47905,1.00244,0,4.49222,1,1.05373,0.327778,0.124833,0.562068
616,-0.184113,3.4793,0.916349,0,4.49222,1,1.05373,0.327778,0.124833,0.562068
16,-0.0853911,3.47905,1.00244,0,4.49222,1,1.05373,0.327778,0.124833,0.562068
615,0.0214684,3.47887,1.05069,0,4.49222,1,1.05373,0.327778,0.124833,0.562068
615,0.0214684,3.47887,1.05069,0,4.49222,1,1.05373,0.327778,0.124833,0.562068
186,0.125024,3.4788,1.0655,0,4.49222,1,1.05373,0.327778,0.124833,0.562068
186,0.125024,3.4788,1.0655,0,4.49222,1,1.05373,0.327778,0.124833,0.562068
1044,0.228588,3.47887,1.0507,0,4.49222,1,1.05373,0.327778,0.124833,0.562068
1044,0.228588,3.47887,1.0507,0,4.49222,1,1.05373,0.327778,0.124833,0.562068
38,0.335464,3.47905,1.00246,0,4.49222,1,1.05373,0.327778,0.124833,0.562068
38,0.335464,3.47905,1.00246,0,4.49222,1,1.05373,0.327778,0.124833,0.562068
664,0.434179,3.4793,0.916365,0,4.49222,1,1.05373,0.327778,0.124833,0.562068
664,0.434179,3.4793,0.916365,0,4.49222,1,1.05373,0.327778,0.124833,0.562068
235,0.514214,3.47955,0.799241,0,4.49222,1,1.05373,0.327778,0.124833,0.562068
235,0.514214,3.47955,0.799241,0,4.49222,1,1.05373,0.327778,0.124833,0.562068
1093,0.567882,3.47975,0.655884,0,4.49222,1,1.05373,0.327778,0.124833,0.562068
1093,0.567882,3.47975,0.655884,0,4.49222,1,1.05373,0.327778,0.124833,0.562068
60,0.599519,3.48002,0.497522,0,4.49222,1,1.05373,0.327778,0.124833,0.562068
1045,-0.39314,3.47936,0.667518,1,4.49222,1,1.05373,0.327778,0.124833,0.562068
59,-0.414305,3.4793,0.499779,1,4.49222,1,1.05373,0.327778,0.124833,0.562068
187,-0.32635,3.47929,0.816575,1,4.49222,1,1.05373,0.327778,0.124833,0.562068
1045,-0.39314,3.47936,0.667518,1,4.49222,1,1.05373,0.327778,0.124833,0.562068
616,-0.226777,3.47907,0.930979,1,4.49222,1,1.05373,0.327778,0.124833,0.562068
187,-0.32635,3.47929,0.816575,1,4.49222,1,1.05373,0.327778,0.124833,0.562068
16,-0.109003,3.47877,1.00624,1,4.49222,1,1.05373,0.327778,0.124833,0.562068
616,-0.226777,3.47907,0.930979,1,4.49222,1,1.05373,0.327778,0.124833,0.562068
16,-0.109003,3.47877,1.00624,1,4.49222,1,1.05373,0.327778,0.124833,0.562068
615,0.0128699,3.47849,1.03767,1,4.49222,1,1.05373,0.327778,0.124833,0.562068
615,0.0128699,3.47849,1.03767,1,4.49222,1,1.05373,0.327778,0.124833,0.562068
186,0.125028,3.47836,1.03915,1,4.49222,1,1.05373,0.327778,0.124833,0.562068
186,0.125028,3.47836,1.03915,1,4.49222,1,1.05373,0.327778,0.124833,0.562068
1044,0.237186,3.47849,1.03767,1,4.49222,1,1.05373,0.327778,0.124833,0.562068
1044,0.237186,3.47849,1.03767,1,4.49222,1,1.05373,0.327778,0.124833,0.562068
38,0.359044,3.47876,1.00619,1,4.49222,1,1.05373,0.327778,0.124833,0.562068
38,0.359044,3.47876,1.00619,1,4.49222,1,1.05373,0.327778,0.124833,0.562068
664,0.476828,3.47906,0.93095,1,4.49222,1,1.05373,0.327778,0.124833,0.562068
664,0.476828,3.47906,0.93095,1,4.49222,1,1.05373,0.327778,0.124833,0.562068
235,0.576404,3.47927,0.816554,1,4.49222,1,1.05373,0.327778,0.124833,0.562068
235,0.576404,3.47927,0.816554,1,4.49222,1,1.05373,0.327778,0.124833,0.562068
1093,0.643198,3.47934,0.667509,1,4.49222,1,1.05373,0.327778,0.124833,0.562068
1093,0.643198,3.47934,0.667509,1,4.49222,1,1.05373,0.327778,0.124833,0.562068
60,0.664356,3.47929,0.499794,1,4.49222,1,1.05373,0.327778,0.124833,0.562068
1045,-0.337021,3.50637,0.662908,0,4.99222,1,1.07451,0.327778,0.124832,0.582844
59,-0.371167,3.50647,0.498183,0,4.99222,1,1.07451,0.327778,0.124832,0.582844
187,-0.279879,3.50622,0.811067,0,4.99222,1,1.07451,0.327778,0.124832,0.582844
1045,-0.337021,3.50637,0.662908,0,4.99222,1,1.07451,0.327778,0.124832,0.582844
616,-0.195332,3.50601,0.931339,0,4.99222,1,1.07451,0.327778,0.124832,0.582844
187,-0.279879,3.50622,0.811067,0,4.99222,1,1.07451,0.327778,0.124832,0.582844
16,-0.0916925,3.50578,1.01882,0,4.99222,1,1.07451,0.327778,0.124832,0.582844
616,-0.195332,3.50601,0.931339,0,4.99222,1,1.07451,0.327778,0.124832,0.582844
16,-0.0916925,3.50578,1.01882,0,4.99222,1,1.07451,0.327778,0.124832,0.582844
615,0.0196009,3.5056,1.06765,0,4.99222,1,1.07451,0.327778,0.124832,0.582844
615,0.0196009,3.5056,1.06765,0,4.99222,1,1.07451,0.327778,0.124832,0.582844
186,0.125032,3.50556,1.08252,0,4.99222,1,1.07451,0.327778,0.124832,0.582844
186,0.125032,3.50556,1.08252,0,4.99222,1,1.07451,0.327778,0.124832,0.582844
1044,0.230467,3.50561,1.06765,0,4.99222,1,1.07451,0.327778,0.124832,0.582844
1044,0.230467,3.50561,1.06765,0,4.99222,1,1.07451,0.327778,0.124832,0.582844
38,0.34176,3.50578,1.01883,0,4.99222,1,1.07451,0.327778,0.124832,0.582844
38,0.34176,3.50578,1.01883,0,4.99222,1,1.07451,0.327778,0.124832,0.582844
664,0.445404,3.50602,0.93135,0,4.99222,1,1.07451,0.327778,0.124832,0.582844
664,0.445404,3.50602,0.93135,0,4.99222,1,1.07451,0.327778,0.124832,0.582844
235,0.529955,3.50621,0.811065,0,4.99222,1,1.07451,0.327778,0.124832,0.582844
235,0.529955,3.50621,0.811065,0,4.99222,1,1.07451,0.327778,0.124832,0.582844
1093,0.587078,3.50633,0.6629,0,4.99222,1,1.07451,0.327778,0.124832,0.582844
1093,0.587078,3.50633,0.6629,0,4.99222,1,1.07451,0.327778,0.124832,0.582844
60,0.621217,3.50648,0.498204,0,4.99222,1,1.07451,0.327778,0.124832,0.582844
1045,-0.416353,3.50515,0.673428,1,4.99222,1,1.07451,0.327778,0.124832,0.582844
59,-0.438439,3.50499,0.498212,1,4.99222,1,1.07451,0.327778,0.124832,0.582844
187,-0.346272,3.50518,0.828741,1,4.99222,1,1.07451,0.327778,0.124832,0.582844
1045,-0.416353,3.50515,0.673428,1,4.99222,1,1.07451,0.327778,0.124832,0.582844
616,-0.241648,3.50504,0.947468,1,4.99222,1,1.07451,0.327778,0.124832,0.582844
187,-0.346272,3.50518,0.828741,1,4.99222,1,1.07451,0.327778,0.124832,0.582844
16,-0.118072,3.50478,1.02487,1,4.99222,1,1.07451,0.327778,0.124832,0.582844
616,-0.241648,3.50504,0.947468,1,4.99222,1,1.07451,0.327778,0.124832,0.582844
16,-0.118072,3.50478,1.02487,1,4.99222,1,1.07451,0.327778,0.124832,0.582844
615,0.009378,3.50452,1.05778,1,4.99222,1,1.07451,0.327778,0.124832,0.582844
615,0.009378,3.50452,1.05778,1,4.99222,1,1.07451,0.327778,0.124832,0.582844
186,0.125211,3.50439,1.06055,1,4.99222,1,1.07451,0.327778,0.124832,0.582844
186,0.125211,3.50439,1.06055,1,4.99222,1,1.07451,0.327778,0.124832,0.582844
1044,0.241043,3.50451,1.05775,1,4.99222,1,1.07451,0.327778,0.124832,0.582844
1044,0.241043,3.50451,1.05775,1,4.99222,1,1.07451,0.327778,0.124832,0.582844
38,0.36847,3.50476,1.02475,1,4.99222,1,1.07451,0.327778,0.124832,0.582844
38,0.36847,3.50476,1.02475,1,4.99222,1,1.07451,0.327778,0.124832,0.582844
664,0.492038,3.505,0.947347,1,4.99222,1,1.07451,0.327778,0.124832,0.582844
664,0.492038,3.505,0.947347,1,4.99222,1,1.07451,0.327778,0.124832,0.582844
235,0.596668,3.50512,0.828631,1,4.99222,1,1.07451,0.327778,0.124832,0.582844
235,0.596668,3.50512,0.828631,1,4.99222,1,1.07451,0.327778,0.124832,0.582844
1093,0.666759,3.50509,0.673322,1,4.99222,1,1.07451,0.327778,0.124832,0.582844
1093,0.666759,3.50509,0.673322,1,4.99222,1,1.07451,0.327778,0.124832,0.582844
60,0.688814,3.50494,0.498123,1,4.99222,1,1.07451,0.327778,0.124832,0.582844
1045,-0.354197,3.53271,0.668863,0,5.49222,1,1.09322,0.327778,0.124817,0.601555
59,-0.390663,3.53271,0.498359,0,5.49222,1,1.09322,0.327778,0.124817,0.601555
187,-0.294097,3.53264,0.821524,0,5.49222,1,1.09322,0.327778,0.124817,0.601555
1045,-0.354197,3.53271,0.668863,0,5.49222,1,1.09322,0.327778,0.124817,0.601555
616,-0.205601,3.5325,0.944923,0,5.49222,1,1.09322,0.327778,0.124817,0.601555
187,-0.294097,3.53264,0.821524,0,5.49222,1,1.09322,0.327778,0.124817,0.601555
16,-0.0975706,3.53229,1.03397,0,5.49222,1,1.09322,0.327778,0.124817,0.601555
616,-0.205601,3.5325,0.944923,0,5.49222,1,1.09322,0.327778,0.124817,0.601555
16,-0.0975706,3.53229,1.03397,0,5.49222,1,1.09322,0.327778,0.124817,0.601555
615,0.0177538,3.53212,1.08363,0,5.49222,1,1.09322,0.327778,0.124817,0.601555
615,0.0177538,3.53212,1.08363,0,5.49222,1,1.09322,0.327778,0.124817,0.601555
186,0.125037,3.53206,1.09873,0,5.49222,1,1.09322,0.327778,0.124817,0.601555
186,0.125037,3.53206,1.09873,0,5.49222,1,1.09322,0.327778,0.124817,0.601555
1044,0.232303,3.53211,1.08362,0,5.49222,1,1.09322,0.327778,0.124817,0.601555
1044,0.232303,3.53211,1.08362,0,5.49222,1,1.09322,0.327778,0.124817,0.601555
38,0.347627,3.53228,1.03396,0,5.49222,1,1.09322,0.327778,0.124817,0.601555
38,0.347627,3.53228,1.03396,0,5.49222,1,1.09322,0.327778,0.124817,0.601555
664,0.455654,3.53248,0.944916,0,5.49222,1,1.09322,0.327778,0.124817,0.601555
664,0.455654,3.53248,0.944916,0,5.49222,1,1.09322,0.327778,0.124817,0.601555
235,0.54414,3.53262,0.821522,0,5.49222,1,1.09322,0.327778,0.124817,0.601555
235,0.54414,3.53262,0.821522,0,5.49222,1,1.09322,0.327778,0.124817,0.601555
1093,0.604235,3.53265,0.66888,0,5.49222,1,1.09322,0.327778,0.124817,0.601555
1093,0.604235,3.53265,0.66888,0,5.49222,1,1.09322,0.327778,0.124817,0.601555
60,0.640702,3.5327,0.498399,0,5.49222,1,1.09322,0.327778,0.124817,0.601555
1045,-0.437551,3.53087,0.678607,1,5.49222,1,1.09322,0.327778,0.124817,0.601555
59,-0.460742,3.53062,0.496638,1,5.49222,1,1.09322,0.327778,0.124817,0.601555
187,-0.364439,3.53099,0.839612,1,5.49222,1,1.09322,0.327778,0.124817,0.601555
1045,-0.437551,3.53087,0.678607,1,5.49222,1,1.09322,0.327778,0.124817,0.601555
616,-0.255343,3.53094,0.962396,1,5.49222,1,1.09322,0.327778,0.124817,0.601555
187,-0.364439,3.53099,0.839612,1,5.49222,1,1.09322,0.327778,0.124817,0.601555
16,-0.126648,3.53072,1.04204,1,5.49222,1,1.09322,0.327778,0.124817,0.601555
616,-0.255343,3.53094,0.962396,1,5.49222,1,1.09322,0.327778,0.124817,0.601555
16,-0.126648,3.53072,1.04204,1,5.49222,1,1.09322,0.327778,0.124817,0.601555
615,0.00584578,3.53048,1.07647,1,5.49222,1,1.09322,0.327778,0.124817,0.601555
615,0.00584578,3.53048,1.07647,1,5.49222,1,1.09322,0.327778,0.124817,0.601555
186,0.125118,3.53036,1.08034,1,5.49222,1,1.09322,0.327778,0.124817,0.601555
186,0.125118,3.53036,1.08034,1,5.49222,1,1.09322,0.327778,0.124817,0.601555
1044,0.244393,3.53048,1.07647,1,5.49222,1,1.09322,0.327778,0.124817,0.601555
1044,0.244393,3.53048,1.07647,1,5.49222,1,1.09322,0.327778,0.124817,0.601555
38,0.376874,3.53071,1.04195,1,5.49222,1,1.09322,0.327778,0.124817,0.601555
38,0.376874,3.53071,1.04195,1,5.49222,1,1.09322,0.327778,0.124817,0.601555
664,0.505564,3.53091,0.962301,1,5.49222,1,1.09322,0.327778,0.124817,0.601555
664,0.505564,3.53091,0.962301,1,5.49222,1,1.09322,0.327778,0.124817,0.601555
235,0.61467,3.53096,0.839528,1,5.49222,1,1.09322,0.327778,0.124817,0.601555
235,0.61467,3.53096,0.839528,1,5.49222,1,1.09322,0.327778,0.124817,0.601555
1093,0.6878,3.53083,0.678534,1,5.49222,1,1.09322,0.327778,0.124817,0.601555
1093,0.6878,3.53083,0.678534,1,5.49222,1,1.09322,0.327778,0.124817,0.601555
60,0.710985,3.53059,0.496583,1,5.49222,1,1.09322,0.327778,0.124817,0.601555
1045,-0.370096,3.55828,0.674427,0,5.99222,1,1.11025,0.327778,0.124821,0.618583
59,-0.40865,3.55819,0.498513,0,5.99222,1,1.11025,0.327778,0.124821,0.618583
187,-0.307256,3.55829,0.831335,0,5.99222,1,1.11025,0.327778,0.124821,0.618583
1045,-0.370096,3.55828,0.674427,0,5.99222,1,1.11025,0.327778,0.124821,0.618583
616,-0.215198,3.55819,0.957786,0,5.99222,1,1.11025,0.327778,0.124821,0.618583
187,-0.307256,3.55829,0.831335,0,5.99222,1,1.11025,0.327778,0.124821,0.618583
16,-0.103216,3.558,1.0485,0,5.99222,1,1.11025,0.327778,0.124821,0.618583
616,-0.215198,3.55819,0.957786,0,5.99222,1,1.11025,0.327778,0.124821,0.618583
16,-0.103216,3.558,1.0485,0,5.99222,1,1.11025,0.327778,0.124821,0.618583
615,0.0158899,3.55783,1.09904,0,5.99222,1,1.11025,0.327778,0.124821,0.618583
615,0.0158899,3.55783,1.09904,0,5.99222,1,1.11025,0.327778,0.124821,0.618583
186,0.12504,3.55777,1.11441,0,5.99222,1,1.11025,0.327778,0.124821,0.618583
186,0.12504,3.55777,1.11441,0,5.99222,1,1.11025,0.327778,0.124821,0.618583
1044,0.234177,3.55783,1.09904,0,5.99222,1,1.11025,0.327778,0.124821,0.618583
1044,0.234177,3.55783,1.09904,0,5.99222,1,1.11025,0.327778,0.124821,0.618583
38,0.353286,3.558,1.0485,0,5.99222,1,1.11025,0.327778,0.124821,0.618583
38,0.353286,3.558,1.0485,0,5.99222,1,1.11025,0.327778,0.124821,0.618583
664,0.465269,3.55818,0.95777,0,5.99222,1,1.11025,0.327778,0.124821,0.618583
664,0.465269,3.55818,0.95777,0,5.99222,1,1.11025,0.327778,0.124821,0.618583
235,0.557319,3.55828,0.83133,0,5.99222,1,1.11025,0.327778,0.124821,0.618583
235,0.557319,3.55828,0.83133,0,5.99222,1,1.11025,0.327778,0.124821,0.618583
1093,0.620152,3.55824,0.674441,0,5.99222,1,1.11025,0.327778,0.124821,0.618583
1093,0.620152,3.55824,0.674441,0,5.99222,1,1.11025,0.327778,0.124821,0.618583
60,0.658716,3.5582,0.498548,0,5.99222,1,1.11025,0.327778,0.124821,0.618583
1045,-0.457169,3.55603,0.683266,1,5.99222,1,1.11025,0.327778,0.124821,0.618583
59,-0.481521,3.55568,0.495078,1,5.99222,1,1.11025,0.327778,0.124821,0.618583
187,-0.381212,3.55624,0.849532,1,5.99222,1,1.11025,0.327778,0.124821,0.618583
1045,-0.457169,3.55603,0.683266,1,5.99222,1,1.11025,0.327778,0.124821,0.618583
616,-0.268024,3.55626,0.976123,1,5.99222,1,1.11025,0.327778,0.124821,0.618583
187,-0.381212,3.55624,0.849532,1,5.99222,1,1.11025,0.327778,0.124821,0.618583
16,-0.134667,3.5561,1.05798,1,5.99222,1,1.11025,0.327778,0.124821,0.618583
616,-0.268024,3.55626,0.976123,1,5.99222,1,1.11025,0.327778,0.124821,0.618583
16,-0.134667,3.5561,1.05798,1,5.99222,1,1.11025,0.327778,0.124821,0.618583
615,0.00248226,3.55588,1.09387,1,5.99222,1,1.11025,0.327778,0.124821,0.618583
615,0.00248226,3.55588,1.09387,1,5.99222,1,1.11025,0.327778,0.124821,0.618583
186,0.12501,3.55576,1.09866,1,5.99222,1,1.11025,0.327778,0.124821,0.618583
186,0.12501,3.55576,1.09866,1,5.99222,1,1.11025,0.327778,0.124821,0.618583
1044,0.247538,3.55588,1.09387,1,5.99222,1,1.11025,0.327778,0.124821,0.618583
1044,0.247538,3.55588,1.09387,1,5.99222,1,1.11025,0.327778,0.124821,0.618583
38,0.384685,3.55609,1.05794,1,5.99222,1,1.11025,0.327778,0.124821,0.618583
38,0.384685,3.55609,1.05794,1,5.99222,1,1.11025,0.327778,0.124821,0.618583
664,0.518057,3.55625,0.976108,1,5.99222,1,1.11025,0.327778,0.124821,0.618583
664,0.518057,3.55625,0.976108,1,5.99222,1,1.11025,0.327778,0.124821,0.618583
235,0.631257,3.55623,0.849529,1,5.99222,1,1.11025,0.327778,0.124821,0.618583
235,0.631257,3.55623,0.849529,1,5.99222,1,1.11025,0.327778,0.124821,0.618583
1093,0.70722,3.55601,0.683276,1,5.99222,1,1.11025,0.327778,0.124821,0.618583
1093,0.70722,3.55601,0.683276,1,5.99222,1,1.11025,0.327778,0.124821,0.618583
60,0.73158,3.55567,0.495115,1,5.99222,1,1.11025,0.327778,0.124821,0.618583
1045,-0.384917,3.58298,0.679566,0,6.49222,1,1.12535,0.327778,0.124825,0.633681
59,-0.425425,3.58285,0.498569,0,6.49222,1,1.12535,0.327778,0.124825,0.633681
187,-0.319576,3.58306,0.840512,0,6.49222,1,1.12535,0.327778,0.124825,0.633681
1045,-0.384917,3.58298,0.679566,0,6.49222,1,1.12535,0.327778,0.124825,0.633681
616,-0.224227,3.583,0.969885,0,6.49222,1,1.12535,0.327778,0.124825,0.633681
187,-0.319576,3.58306,0.840512,0,6.49222,1,1.12535,0.327778,0.124825,0.633681
16,-0.108556,3.58284,1.06226,0,6.49222,1,1.12535,0.327778,0.124825,0.633681
616,-0.224227,3.583,0.969885,0,6.49222,1,1.12535,0.327778,0.124825,0.633681
16,-0.108556,3.58284,1.06226,0,6.49222,1,1.12535,0.327778,0.124825,0.633681
615,0.0140914,3.58268,1.11367,0,6.49222,1,1.12535,0.327778,0.124825,0.633681
615,0.0140914,3.58268,1.11367,0,6.49222,1,1.12535,0.327778,0.124825,0.633681
186,0.125034,3.58262,1.12929,0,6.49222,1,1.12535,0.327778,0.124825,0.633681
186,0.125034,3.58262,1.12929,0,6.49222,1,1.12535,0.327778,0.124825,0.633681
1044,0.235989,3.58268,1.11366,0,6.49222,1,1.12535,0.327778,0.124825,0.633681
1044,0.235989,3.58268,1.11366,0,6.49222,1,1.12535,0.327778,0.124825,0.633681
38,0.358639,3.58283,1.06225,0,6.49222,1,1.12535,0.327778,0.124825,0.633681
38,0.358639,3.58283,1.06225,0,6.49222,1,1.12535,0.327778,0.124825,0.633681
664,0.474308,3.58299,0.969884,0,6.49222,1,1.12535,0.327778,0.124825,0.633681
664,0.474308,3.58299,0.969884,0,6.49222,1,1.12535,0.327778,0.124825,0.633681
235,0.569656,3.58304,0.840518,0,6.49222,1,1.12535,0.327778,0.124825,0.633681
235,0.569656,3.58304,0.840518,0,6.49222,1,1.12535,0.327778,0.124825,0.633681
1093,0.634991,3.58296,0.679577,0,6.49222,1,1.12535,0.327778,0.124825,0.633681
1093,0.634991,3.58296,0.679577,0,6.49222,1,1.12535,0.327778,0.124825,0.633681
60,0.675506,3.58286,0.498607,0,6.49222,1,1.12535,0.327778,0.124825,0.633681
1045,-0.475197,3.58053,0.6877,1,6.49222,1,1.12535,0.327778,0.124825,0.633681
59,-0.500728,3.58008,0.493744,1,6.49222,1,1.12535,0.327778,0.124825,0.633681
187,-0.396625,3.58083,0.858879,1,6.49222,1,1.12535,0.327778,0.124825,0.633681
1045,-0.475197,3.58053,0.6877,1,6.49222,1,1.12535,0.327778,0.124825,0.633681
616,-0.279671,3.58091,0.989074,1,6.49222,1,1.12535,0.327778,0.124825,0.633681
187,-0.396625,3.58083,0.858879,1,6.49222,1,1.12535,0.327778,0.124825,0.633681
16,-0.141988,3.58078,1.07305,1,6.49222,1,1.12535,0.327778,0.124825,0.633681
616,-0.279671,3.58091,0.989074,1,6.49222,1,1.12535,0.327778,0.124825,0.633681
16,-0.141988,3.58078,1.07305,1,6.49222,1,1.12535,0.327778,0.124825,0.633681
615,-0.000498476,3.58057,1.11026,1,6.49222,1,1.12535,0.327778,0.124825,0.633681
615,-0.000498476,3.58057,1.11026,1,6.49222,1,1.12535,0.327778,0.124825,0.633681
186,0.125121,3.58045,1.11584,1,6.49222,1,1.12535,0.327778,0.124825,0.633681
186,0.125121,3.58045,1.11584,1,6.49222,1,1.12535,0.327778,0.124825,0.633681
1044,0.250748,3.58056,1.11026,1,6.49222,1,1.12535,0.327778,0.124825,0.633681
1044,0.250748,3.58056,1.11026,1,6.49222,1,1.12535,0.327778,0.124825,0.633681
38,0.392236,3.58076,1.07296,1,6.49222,1,1.12535,0.327778,0.124825,0.633681
38,0.392236,3.58076,1.07296,1,6.49222,1,1.12535,0.327778,0.124825,0.633681
664,0.529912,3.58088,0.988973,1,6.49222,1,1.12535,0.327778,0.124825,0.633681
664,0.529912,3.58088,0.988973,1,6.49222,1,1.12535,0.327778,0.124825,0.633681
235,0.646883,3.58078,0.858794,1,6.49222,1,1.12535,0.327778,0.124825,0.633681
235,0.646883,3.58078,0.858794,1,6.49222,1,1.12535,0.327778,0.124825,0.633681
1093,0.725503,3.58047,0.687636,1,6.49222,1,1.12535,0.327778,0.124825,0.633681
1093,0.725503,3.58047,0.687636,1,6.49222,1,1.12535,0.327778,0.124825,0.633681
60,0.751044,3.58005,0.493693,1,6.49222,1,1.12535,0.327778,0.124825,0.633681
1045,-0.398846,3.60699,0.684394,0,6.99222,1,1.13913,0.327778,0.124816,0.647467
59,-0.441184,3.6068,0.498621,0,6.99222,1,1.13913,0.327778,0.124816,0.647467
187,-0.331189,3.60713,0.849165,0,6.99222,1,1.13913,0.327778,0.124816,0.647467
1045,-0.398846,3.60699,0.684394,0,6.99222,1,1.13913,0.327778,0.124816,0.647467
616,-0.232809,3.60711,0.981367,0,6.99222,1,1.13913,0.327778,0.124816,0.647467
187,-0.331189,3.60713,0.849165,0,6.99222,1,1.13913,0.327778,0.124816,0.647467
16,-0.113718,3.60697,1.07542,0,6.99222,1,1.13913,0.327778,0.124816,0.647467
616,-0.232809,3.60711,0.981367,0,6.99222,1,1.13913,0.327778,0.124816,0.647467
16,-0.113718,3.60697,1.07542,0,6.99222,1,1.13913,0.327778,0.124816,0.647467
615,0.0123001,3.60681,1.12769,0,6.99222,1,1.13913,0.327778,0.124816,0.647467
615,0.0123001,3.60681,1.12769,0,6.99222,1,1.13913,0.327778,0.124816,0.647467
186,0.125035,3.60675,1.14353,0,6.99222,1,1.13913,0.327778,0.124816,0.647467
186,0.125035,3.60675,1.14353,0,6.99222,1,1.13913,0.327778,0.124816,0.647467
1044,0.237776,3.60682,1.12767,0,6.99222,1,1.13913,0.327778,0.124816,0.647467
1044,0.237776,3.60682,1.12767,0,6.99222,1,1.13913,0.327778,0.124816,0.647467
38,0.363793,3.60697,1.07541,0,6.99222,1,1.13913,0.327778,0.124816,0.647467
38,0.363793,3.60697,1.07541,0,6.99222,1,1.13913,0.327778,0.124816,0.647467
664,0.482879,3.6071,0.981365,0,6.99222,1,1.13913,0.327778,0.124816,0.647467
664,0.482879,3.6071,0.981365,0,6.99222,1,1.13913,0.327778,0.124816,0.647467
235,0.581266,3.6071,0.849177,0,6.99222,1,1.13913,0.327778,0.124816,0.647467
235,0.581266,3.6071,0.849177,0,6.99222,1,1.13913,0.327778,0.124816,0.647467
1093,0.648924,3.60697,0.684422,0,6.99222,1,1.13913,0.327778,0.124816,0.647467
1093,0.648924,3.60697,0.684422,0,6.99222,1,1.13913,0.327778,0.124816,0.647467
60,0.691271,3.60677,0.498675,0,6.99222,1,1.13913,0.327778,0.124816,0.647467
1045,-0.49229,3.60415,0.691787,1,6.99222,1,1.13913,0.327778,0.124816,0.647467
59,-0.518995,3.60364,0.492418,1,6.99222,1,1.13913,0.327778,0.124816,0.647467
187,-0.411231,3.60454,0.867565,1,6.99222,1,1.13913,0.327778,0.124816,0.647467
1045,-0.49229,3.60415,0.691787,1,6.99222,1,1.13913,0.327778,0.124816,0.647467
616,-0.290772,3.6047,1.00117,1,6.99222,1,1.13913,0.327778,0.124816,0.647467
187,-0.411231,3.60454,0.867565,1,6.99222,1,1.13913,0.327778,0.124816,0.647467
16,-0.149084,3.60461,1.08721,1,6.99222,1,1.13913,0.327778,0.124816,0.647467
616,-0.290772,3.6047,1.00117,1,6.99222,1,1.13913,0.327778,0.124816,0.647467
16,-0.149084,3.60461,1.08721,1,6.99222,1,1.13913,0.327778,0.124816,0.647467
615,-0.00353291,3.60442,1.12573,1,6.99222,1,1.13913,0.327778,0.124816,0.647467
615,-0.00353291,3.60442,1.12573,1,6.99222,1,1.13913,0.327778,0.124816,0.647467
186,0.125041,3.6043,1.13199,1,6.99222,1,1.13913,0.327778,0.124816,0.647467
186,0.125041,3.6043,1.13199,1,6.99222,1,1.13913,0.327778,0.124816,0.647467
1044,0.253599,3.60442,1.12578,1,6.99222,1,1.13913,0.327778,0.124816,0.647467
1044,0.253599,3.60442,1.12578,1,6.99222,1,1.13913,0.327778,0.124816,0.647467
38,0.399148,3.6046,1.08724,1,6.99222,1,1.13913,0.327778,0.124816,0.647467
38,0.399148,3.6046,1.08724,1,6.99222,1,1.13913,0.327778,0.124816,0.647467
664,0.540803,3.60469,1.00115,1,6.99222,1,1.13913,0.327778,0.124816,0.647467
664,0.540803,3.60469,1.00115,1,6.99222,1,1.13913,0.327778,0.124816,0.647467
235,0.66125,3.60453,0.867559,1,6.99222,1,1.13913,0.327778,0.124816,0.647467
235,0.66125,3.60453,0.867559,1,6.99222,1,1.13913,0.327778,0.124816,0.647467
1093,0.742356,3.60414,0.691813,1,6.99222,1,1.13913,0.327778,0.124816,0.647467
1093,0.742356,3.60414,0.691813,1,6.99222,1,1.13913,0.327778,0.124816,0.647467
60,0.769096,3.60363,0.492465,1,6.99222,1,1.13913,0.327778,0.124816,0.647467
1045,-0.412058,3.63005,0.688866,0,7.49222,1,1.15221,0.327778,0.124817,0.660542
59,-0.456059,3.6298,0.498526,0,7.49222,1,1.15221,0.327778,0.124817,0.660542
187,-0.342229,3.63022,0.857331,0,7.49222,1,1.15221,0.327778,0.124817,0.660542
1045,-0.412058,3.63005,0.688866,0,7.49222,1,1.15221,0.327778,0.124817,0.660542
616,-0.24099,3.63025,0.99229,0,7.49222,1,1.15221,0.327778,0.124817,0.660542
187,-0.342229,3.63022,0.857331,0,7.49222,1,1.15221,0.327778,0.124817,0.660542
16,-0.118674,3.63014,1.08803,0,7.49222,1,1.15221,0.327778,0.124817,0.660542
616,-0.24099,3.63025,0.99229,0,7.49222,1,1.15221,0.327778,0.124817,0.660542
16,-0.118674,3.63014,1.08803,0,7.49222,1,1.15221,0.327778,0.124817,0.660542
615,0.0105412,3.62999,1.1412,0,7.49222,1,1.15221,0.327778,0.124817,0.660542
615,0.0105412,3.62999,1.1412,0,7.49222,1,1.15221,0.327778,0.124817,0.660542
186,0.12504,3.62993,1.1573,0,7.49222,1,1.15221,0.327778,0.124817,0.660542
186,0.12504,3.62993,1.1573,0,7.49222,1,1.15221,0.327778,0.124817,0.660542
1044,0.239539,3.62999,1.14119,0,7.49222,1,1.15221,0.327778,0.124817,0.660542
1044,0.239539,3.62999,1.14119,0,7.49222,1,1.15221,0.327778,0.124817,0.660542
38,0.368757,3.63013,1.08802,0,7.49222,1,1.15221,0.327778,0.124817,0.660542
38,0.368757,3.63013,1.08802,0,7.49222,1,1.15221,0.327778,0.124817,0.660542
664,0.491076,3.63024,0.992291,0,7.49222,1,1.15221,0.327778,0.124817,0.660542
664,0.491076,3.63024,0.992291,0,7.49222,1,1.15221,0.327778,0.124817,0.660542
235,0.592311,3.63021,0.857345,0,7.49222,1,1.15221,0.327778,0.124817,0.660542
235,0.592311,3.63021,0.857345,0,7.49222,1,1.15221,0.327778,0.124817,0.660542
1093,0.662146,3.63003,0.68889,0,7.49222,1,1.15221,0.327778,0.124817,0.660542
1093,0.662146,3.63003,0.68889,0,7.49222,1,1.15221,0.327778,0.124817,0.660542
60,0.706158,3.62978,0.498575,0,7.49222,1,1.15221,0.327778,0.124817,0.660542
1045,-0.508364,3.62705,0.695651,1,7.49222,1,1.15221,0.327778,0.124817,0.660542
59,-0.536212,3.62645,0.491162,1,7.49222,1,1.15221,0.327778,0.124817,0.660542
187,-0.424945,3.62752,0.875776,1,7.49222,1,1.15221,0.327778,0.124817,0.660542
1045,-0.508364,3.62705,0.695651,1,7.49222,1,1.15221,0.327778,0.124817,0.660542
616,-0.301188,3.62773,1.01262,1,7.49222,1,1.15221,0.327778,0.124817,0.660542
187,-0.424945,3.62752,0.875776,1,7.49222,1,1.15221,0.327778,0.124817,0.660542
16,-0.155728,3.62767,1.10067,1,7.49222,1,1.15221,0.327778,0.124817,0.660542
616,-0.301188,3.62773,1.01262,1,7.49222,1,1.15221,0.327778,0.124817,0.660542
16,-0.155728,3.62767,1.10067,1,7.49222,1,1.15221,0.327778,0.124817,0.660542
615,-0.00633177,3.62749,1.1404,1,7.49222,1,1.15221,0.327778,0.124817,0.660542
615,-0.00633177,3.62749,1.1404,1,7.49222,1,1.15221,0.327778,0.124817,0.660542
186,0.125079,3.62738,1.14728,1,7.49222,1,1.15221,0.327778,0.124817,0.660542
186,0.125079,3.62738,1.14728,1,7.49222,1,1.15221,0.327778,0.124817,0.660542
1044,0.256466,3.62749,1.14045,1,7.49222,1,1.15221,0.327778,0.124817,0.660542
1044,0.256466,3.62749,1.14045,1,7.49222,1,1.15221,0.327778,0.124817,0.660542
38,0.405855,3.62767,1.1007,1,7.49222,1,1.15221,0.327778,0.124817,0.660542
38,0.405855,3.62767,1.1007,1,7.49222,1,1.15221,0.327778,0.124817,0.660542
664,0.551285,3.62771,1.01262,1,7.49222,1,1.15221,0.327778,0.124817,0.660542
664,0.551285,3.62771,1.01262,1,7.49222,1,1.15221,0.327778,0.124817,0.660542
235,0.675019,3.6275,0.875783,1,7.49222,1,1.15221,0.327778,0.124817,0.660542
235,0.675019,3.6275,0.875783,1,7.49222,1,1.15221,0.327778,0.124817,0.660542
1093,0.758464,3.62703,0.695688,1,7.49222,1,1.15221,0.327778,0.124817,0.660542
1093,0.758464,3.62703,0.695688,1,7.49222,1,1.15221,0.327778,0.124817,0.660542
60,0.786348,3.62643,0.491224,1,7.49222,1,1.15221,0.327778,0.124817,0.660542
