id,x,y,z,ablated,v,bulkheadyoungs,nickdepth,nickw,nickc,bbmin
1045,-0.260303,3.4321,0.63931,0,3.49222,2.15,0.998912,0.327778,0.124844,0.507246
59,-0.284268,3.43245,0.49604,0,3.49222,2.15,0.998912,0.327778,0.124844,0.507246
187,-0.21746,3.43177,0.771774,0,3.49222,2.15,0.998912,0.327778,0.124844,0.507246
1045,-0.260303,3.4321,0.63931,0,3.49222,2.15,0.998912,0.327778,0.124844,0.507246
616,-0.152,3.43145,0.883426,0,3.49222,2.15,0.998912,0.327778,0.124844,0.507246
187,-0.21746,3.43177,0.771774,0,3.49222,2.15,0.998912,0.327778,0.124844,0.507246
16,-0.0698562,3.4312,0.971043,0,3.49222,2.15,0.998912,0.327778,0.124844,0.507246
616,-0.152,3.43145,0.883426,0,3.49222,2.15,0.998912,0.327778,0.124844,0.507246
16,-0.0698562,3.4312,0.971043,0,3.49222,2.15,0.998912,0.327778,0.124844,0.507246
615,0.0253286,3.43103,1.02122,0,3.49222,2.15,0.998912,0.327778,0.124844,0.507246
615,0.0253286,3.43103,1.02122,0,3.49222,2.15,0.998912,0.327778,0.124844,0.507246
186,0.125016,3.43099,1.03719,0,3.49222,2.15,0.998912,0.327778,0.124844,0.507246
186,0.125016,3.43099,1.03719,0,3.49222,2.15,0.998912,0.327778,0.124844,0.507246
1044,0.224679,3.43103,1.02121,0,3.49222,2.15,0.998912,0.327778,0.124844,0.507246
1044,0.224679,3.43103,1.02121,0,3.49222,2.15,0.998912,0.327778,0.124844,0.507246
38,0.319863,3.43119,0.971079,0,3.49222,2.15,0.998912,0.327778,0.124844,0.507246
38,0.319863,3.43119,0.971079,0,3.49222,2.15,0.998912,0.327778,0.124844,0.507246
664,0.402028,3.43145,0.883457,0,3.49222,2.15,0.998912,0.327778,0.124844,0.507246
664,0.402028,3.43145,0.883457,0,3.49222,2.15,0.998912,0.327778,0.124844,0.507246
235,0.467476,3.43178,0.771785,0,3.49222,2.15,0.998912,0.327778,0.124844,0.507246
235,0.467476,3.43178,0.771785,0,3.49222,2.15,0.998912,0.327778,0.124844,0.507246
1093,0.510322,3.4321,0.639301,0,3.49222,2.15,0.998912,0.327778,0.124844,0.507246
1093,0.510322,3.4321,0.639301,0,3.49222,2.15,0.998912,0.327778,0.124844,0.507246
60,0.5343,3.43242,0.49605,0,3.49222,2.15,0.998912,0.327778,0.124844,0.507246
1045,-0.329913,3.43262,0.653655,1,3.49222,2.15,0.998912,0.327778,0.124844,0.507246
59,-0.351241,3.43268,0.504963,1,3.49222,2.15,0.998912,0.327778,0.124844,0.507246
187,-0.271622,3.43243,0.787024,1,3.49222,2.15,0.998912,0.327778,0.124844,0.507246
1045,-0.329913,3.43262,0.653655,1,3.49222,2.15,0.998912,0.327778,0.124844,0.507246
616,-0.185988,3.43214,0.891271,1,3.49222,2.15,0.998912,0.327778,0.124844,0.507246
187,-0.271622,3.43243,0.787024,1,3.49222,2.15,0.998912,0.327778,0.124844,0.507246
16,-0.0848793,3.43181,0.963746,1,3.49222,2.15,0.998912,0.327778,0.124844,0.507246
616,-0.185988,3.43214,0.891271,1,3.49222,2.15,0.998912,0.327778,0.124844,0.507246
16,-0.0848793,3.43181,0.963746,1,3.49222,2.15,0.998912,0.327778,0.124844,0.507246
615,0.0223786,3.43157,0.992455,1,3.49222,2.15,0.998912,0.327778,0.124844,0.507246
615,0.0223786,3.43157,0.992455,1,3.49222,2.15,0.998912,0.327778,0.124844,0.507246
186,0.125064,3.43149,0.989585,1,3.49222,2.15,0.998912,0.327778,0.124844,0.507246
186,0.125064,3.43149,0.989585,1,3.49222,2.15,0.998912,0.327778,0.124844,0.507246
1044,0.227746,3.43157,0.992501,1,3.49222,2.15,0.998912,0.327778,0.124844,0.507246
1044,0.227746,3.43157,0.992501,1,3.49222,2.15,0.998912,0.327778,0.124844,0.507246
38,0.334996,3.43181,0.96375,1,3.49222,2.15,0.998912,0.327778,0.124844,0.507246
38,0.334996,3.43181,0.96375,1,3.49222,2.15,0.998912,0.327778,0.124844,0.507246
664,0.43606,3.43213,0.891212,1,3.49222,2.15,0.998912,0.327778,0.124844,0.507246
664,0.43606,3.43213,0.891212,1,3.49222,2.15,0.998912,0.327778,0.124844,0.507246
235,0.521664,3.43242,0.786955,1,3.49222,2.15,0.998912,0.327778,0.124844,0.507246
235,0.521664,3.43242,0.786955,1,3.49222,2.15,0.998912,0.327778,0.124844,0.507246
1093,0.579942,3.43261,0.653608,1,3.49222,2.15,0.998912,0.327778,0.124844,0.507246
1093,0.579942,3.43261,0.653608,1,3.49222,2.15,0.998912,0.327778,0.124844,0.507246
60,0.60129,3.43267,0.504932,1,3.49222,2.15,0.998912,0.327778,0.124844,0.507246
1045,-0.279054,3.45389,0.647704,0,3.99222,2.15,1.02266,0.327778,0.124835,0.530989
59,-0.305495,3.45443,0.497319,0,3.99222,2.15,1.02266,0.327778,0.124835,0.530989
187,-0.232624,3.45359,0.784814,0,3.99222,2.15,1.02266,0.327778,0.124835,0.530989
1045,-0.279054,3.45389,0.647704,0,3.99222,2.15,1.02266,0.327778,0.124835,0.530989
616,-0.162087,3.4534,0.898763,0,3.99222,2.15,1.02266,0.327778,0.124835,0.530989
187,-0.232624,3.45359,0.784814,0,3.99222,2.15,1.02266,0.327778,0.124835,0.530989
16,-0.0743519,3.45334,0.986211,0,3.99222,2.15,1.02266,0.327778,0.124835,0.530989
616,-0.162087,3.4534,0.898763,0,3.99222,2.15,1.02266,0.327778,0.124835,0.530989
16,-0.0743519,3.45334,0.986211,0,3.99222,2.15,1.02266,0.327778,0.124835,0.530989
615,0.0243572,3.45334,1.03615,0,3.99222,2.15,1.02266,0.327778,0.124835,0.530989
615,0.0243572,3.45334,1.03615,0,3.99222,2.15,1.02266,0.327778,0.124835,0.530989
186,0.125008,3.45337,1.05185,0,3.99222,2.15,1.02266,0.327778,0.124835,0.530989
186,0.125008,3.45337,1.05185,0,3.99222,2.15,1.02266,0.327778,0.124835,0.530989
1044,0.225683,3.45334,1.03617,0,3.99222,2.15,1.02266,0.327778,0.124835,0.530989
1044,0.225683,3.45334,1.03617,0,3.99222,2.15,1.02266,0.327778,0.124835,0.530989
38,0.32442,3.45335,0.986202,0,3.99222,2.15,1.02266,0.327778,0.124835,0.530989
38,0.32442,3.45335,0.986202,0,3.99222,2.15,1.02266,0.327778,0.124835,0.530989
664,0.412147,3.45339,0.898744,0,3.99222,2.15,1.02266,0.327778,0.124835,0.530989
664,0.412147,3.45339,0.898744,0,3.99222,2.15,1.02266,0.327778,0.124835,0.530989
235,0.482678,3.45359,0.784795,0,3.99222,2.15,1.02266,0.327778,0.124835,0.530989
235,0.482678,3.45359,0.784795,0,3.99222,2.15,1.02266,0.327778,0.124835,0.530989
1093,0.529047,3.4539,0.647689,0,3.99222,2.15,1.02266,0.327778,0.124835,0.530989
1093,0.529047,3.4539,0.647689,0,3.99222,2.15,1.02266,0.327778,0.124835,0.530989
60,0.555524,3.45442,0.497326,0,3.99222,2.15,1.02266,0.327778,0.124835,0.530989
1045,-0.359981,3.45666,0.663354,1,3.99222,2.15,1.02266,0.327778,0.124835,0.530989
59,-0.380229,3.45667,0.505236,1,3.99222,2.15,1.02266,0.327778,0.124835,0.530989
187,-0.297757,3.45656,0.803796,1,3.99222,2.15,1.02266,0.327778,0.124835,0.530989
1045,-0.359981,3.45666,0.663354,1,3.99222,2.15,1.02266,0.327778,0.124835,0.530989
616,-0.205405,3.45636,0.912065,1,3.99222,2.15,1.02266,0.327778,0.124835,0.530989
187,-0.297757,3.45656,0.803796,1,3.99222,2.15,1.02266,0.327778,0.124835,0.530989
16,-0.0961924,3.45609,0.984588,1,3.99222,2.15,1.02266,0.327778,0.124835,0.530989
616,-0.205405,3.45636,0.912065,1,3.99222,2.15,1.02266,0.327778,0.124835,0.530989
16,-0.0961924,3.45609,0.984588,1,3.99222,2.15,1.02266,0.327778,0.124835,0.530989
615,0.0181596,3.45585,1.01161,1,3.99222,2.15,1.02266,0.327778,0.124835,0.530989
615,0.0181596,3.45585,1.01161,1,3.99222,2.15,1.02266,0.327778,0.124835,0.530989
186,0.125036,3.45574,1.00819,1,3.99222,2.15,1.02266,0.327778,0.124835,0.530989
186,0.125036,3.45574,1.00819,1,3.99222,2.15,1.02266,0.327778,0.124835,0.530989
1044,0.231905,3.45586,1.01163,1,3.99222,2.15,1.02266,0.327778,0.124835,0.530989
1044,0.231905,3.45586,1.01163,1,3.99222,2.15,1.02266,0.327778,0.124835,0.530989
38,0.346235,3.45609,0.984551,1,3.99222,2.15,1.02266,0.327778,0.124835,0.530989
38,0.346235,3.45609,0.984551,1,3.99222,2.15,1.02266,0.327778,0.124835,0.530989
664,0.455444,3.45636,0.912041,1,3.99222,2.15,1.02266,0.327778,0.124835,0.530989
664,0.455444,3.45636,0.912041,1,3.99222,2.15,1.02266,0.327778,0.124835,0.530989
235,0.547791,3.45656,0.803783,1,3.99222,2.15,1.02266,0.327778,0.124835,0.530989
235,0.547791,3.45656,0.803783,1,3.99222,2.15,1.02266,0.327778,0.124835,0.530989
1093,0.610006,3.45666,0.663352,1,3.99222,2.15,1.02266,0.327778,0.124835,0.530989
1093,0.610006,3.45666,0.663352,1,3.99222,2.15,1.02266,0.327778,0.124835,0.530989
60,0.630251,3.45667,0.505256,1,3.99222,2.15,1.02266,0.327778,0.124835,0.530989
1045,-0.295096,3.48161,0.656475,0,4.49222,2.15,1.04383,0.327778,0.12484,0.552159
59,-0.324686,3.48207,0.500407,0,4.49222,2.15,1.04383,0.327778,0.12484,0.552159
187,-0.245853,3.48138,0.797509,0,4.49222,2.15,1.04383,0.327778,0.12484,0.552159
1045,-0.295096,3.48161,0.656475,0,4.49222,2.15,1.04383,0.327778,0.12484,0.552159
616,-0.17139,3.48124,0.913895,0,4.49222,2.15,1.04383,0.327778,0.12484,0.552159
187,-0.245853,3.48138,0.797509,0,4.49222,2.15,1.04383,0.327778,0.12484,0.552159
16,-0.0789738,3.48117,1.0017,0,4.49222,2.15,1.04383,0.327778,0.12484,0.552159
616,-0.17139,3.48124,0.913895,0,4.49222,2.15,1.04383,0.327778,0.12484,0.552159
16,-0.0789738,3.48117,1.0017,0,4.49222,2.15,1.04383,0.327778,0.12484,0.552159
615,0.0233087,3.48113,1.05139,0,4.49222,2.15,1.04383,0.327778,0.12484,0.552159
615,0.0233087,3.48113,1.05139,0,4.49222,2.15,1.04383,0.327778,0.12484,0.552159
186,0.125044,3.48115,1.06703,0,4.49222,2.15,1.04383,0.327778,0.12484,0.552159
186,0.125044,3.48115,1.06703,0,4.49222,2.15,1.04383,0.327778,0.12484,0.552159
1044,0.226737,3.48114,1.05134,0,4.49222,2.15,1.04383,0.327778,0.12484,0.552159
1044,0.226737,3.48114,1.05134,0,4.49222,2.15,1.04383,0.327778,0.12484,0.552159
38,0.328977,3.48116,1.00175,0,4.49222,2.15,1.04383,0.327778,0.12484,0.552159
38,0.328977,3.48116,1.00175,0,4.49222,2.15,1.04383,0.327778,0.12484,0.552159
664,0.421387,3.48124,0.913963,0,4.49222,2.15,1.04383,0.327778,0.12484,0.552159
664,0.421387,3.48124,0.913963,0,4.49222,2.15,1.04383,0.327778,0.12484,0.552159
235,0.495829,3.48137,0.797555,0,4.49222,2.15,1.04383,0.327778,0.12484,0.552159
235,0.495829,3.48137,0.797555,0,4.49222,2.15,1.04383,0.327778,0.12484,0.552159
1093,0.545151,3.4816,0.656503,0,4.49222,2.15,1.04383,0.327778,0.12484,0.552159
1093,0.545151,3.4816,0.656503,0,4.49222,2.15,1.04383,0.327778,0.12484,0.552159
60,0.574731,3.48209,0.500402,0,4.49222,2.15,1.04383,0.327778,0.12484,0.552159
1045,-0.385181,3.48442,0.671392,1,4.49222,2.15,1.04383,0.327778,0.12484,0.552159
59,-0.405388,3.48433,0.505225,1,4.49222,2.15,1.04383,0.327778,0.12484,0.552159
187,-0.319682,3.48443,0.818156,1,4.49222,2.15,1.04383,0.327778,0.12484,0.552159
1045,-0.385181,3.48442,0.671392,1,4.49222,2.15,1.04383,0.327778,0.12484,0.552159
616,-0.221794,3.48432,0.930354,1,4.49222,2.15,1.04383,0.327778,0.12484,0.552159
187,-0.319682,3.48443,0.818156,1,4.49222,2.15,1.04383,0.327778,0.12484,0.552159
16,-0.106056,3.48411,1.00382,1,4.49222,2.15,1.04383,0.327778,0.12484,0.552159
616,-0.221794,3.48432,0.930354,1,4.49222,2.15,1.04383,0.327778,0.12484,0.552159
16,-0.106056,3.48411,1.00382,1,4.49222,2.15,1.04383,0.327778,0.12484,0.552159
615,0.0142007,3.48389,1.0311,1,4.49222,2.15,1.04383,0.327778,0.12484,0.552159
615,0.0142007,3.48389,1.0311,1,4.49222,2.15,1.04383,0.327778,0.12484,0.552159
186,0.12505,3.48376,1.02868,1,4.49222,2.15,1.04383,0.327778,0.12484,0.552159
186,0.12505,3.48376,1.02868,1,4.49222,2.15,1.04383,0.327778,0.12484,0.552159
1044,0.235882,3.48389,1.03119,1,4.49222,2.15,1.04383,0.327778,0.12484,0.552159
1044,0.235882,3.48389,1.03119,1,4.49222,2.15,1.04383,0.327778,0.12484,0.552159
38,0.356125,3.48411,1.00388,1,4.49222,2.15,1.04383,0.327778,0.12484,0.552159
38,0.356125,3.48411,1.00388,1,4.49222,2.15,1.04383,0.327778,0.12484,0.552159
664,0.471833,3.48432,0.930379,1,4.49222,2.15,1.04383,0.327778,0.12484,0.552159
664,0.471833,3.48432,0.930379,1,4.49222,2.15,1.04383,0.327778,0.12484,0.552159
235,0.569677,3.48443,0.818161,1,4.49222,2.15,1.04383,0.327778,0.12484,0.552159
235,0.569677,3.48443,0.818161,1,4.49222,2.15,1.04383,0.327778,0.12484,0.552159
1093,0.635154,3.48442,0.671411,1,4.49222,2.15,1.04383,0.327778,0.12484,0.552159
1093,0.635154,3.48442,0.671411,1,4.49222,2.15,1.04383,0.327778,0.12484,0.552159
60,0.655349,3.48433,0.505282,1,4.49222,2.15,1.04383,0.327778,0.12484,0.552159
1045,-0.309854,3.51016,0.664136,0,4.99222,2.15,1.0632,0.327778,0.12484,0.571536
59,-0.342406,3.51052,0.502643,0,4.99222,2.15,1.0632,0.327778,0.12484,0.571536
187,-0.257867,3.51001,0.809017,0,4.99222,2.15,1.0632,0.327778,0.12484,0.571536
1045,-0.309854,3.51016,0.664136,0,4.99222,2.15,1.0632,0.327778,0.12484,0.571536
616,-0.179937,3.50992,0.928046,0,4.99222,2.15,1.0632,0.327778,0.12484,0.571536
187,-0.257867,3.51001,0.809017,0,4.99222,2.15,1.0632,0.327778,0.12484,0.571536
16,-0.0835442,3.50985,1.01675,0,4.99222,2.15,1.0632,0.327778,0.12484,0.571536
616,-0.179937,3.50992,0.928046,0,4.99222,2.15,1.0632,0.327778,0.12484,0.571536
16,-0.0835442,3.50985,1.01675,0,4.99222,2.15,1.0632,0.327778,0.12484,0.571536
615,0.0219958,3.50984,1.06681,0,4.99222,2.15,1.0632,0.327778,0.12484,0.571536
615,0.0219958,3.50984,1.06681,0,4.99222,2.15,1.0632,0.327778,0.12484,0.571536
186,0.125007,3.50986,1.08271,0,4.99222,2.15,1.0632,0.327778,0.12484,0.571536
186,0.125007,3.50986,1.08271,0,4.99222,2.15,1.0632,0.327778,0.12484,0.571536
1044,0.228034,3.50984,1.06683,0,4.99222,2.15,1.0632,0.327778,0.12484,0.571536
1044,0.228034,3.50984,1.06683,0,4.99222,2.15,1.0632,0.327778,0.12484,0.571536
38,0.333644,3.50986,1.01674,0,4.99222,2.15,1.0632,0.327778,0.12484,0.571536
38,0.333644,3.50986,1.01674,0,4.99222,2.15,1.0632,0.327778,0.12484,0.571536
664,0.43005,3.50993,0.927968,0,4.99222,2.15,1.0632,0.327778,0.12484,0.571536
664,0.43005,3.50993,0.927968,0,4.99222,2.15,1.0632,0.327778,0.12484,0.571536
235,0.507956,3.51002,0.808972,0,4.99222,2.15,1.0632,0.327778,0.12484,0.571536
235,0.507956,3.51002,0.808972,0,4.99222,2.15,1.0632,0.327778,0.12484,0.571536
1093,0.559901,3.51016,0.664126,0,4.99222,2.15,1.0632,0.327778,0.12484,0.571536
1093,0.559901,3.51016,0.664126,0,4.99222,2.15,1.0632,0.327778,0.12484,0.571536
60,0.592434,3.51054,0.50264,0,4.99222,2.15,1.0632,0.327778,0.12484,0.571536
1045,-0.409526,3.51187,0.678181,1,4.99222,2.15,1.0632,0.327778,0.12484,0.571536
59,-0.429674,3.51168,0.504786,1,4.99222,2.15,1.0632,0.327778,0.12484,0.571536
187,-0.341605,3.512,0.831031,1,4.99222,2.15,1.0632,0.327778,0.12484,0.571536
1045,-0.409526,3.51187,0.678181,1,4.99222,2.15,1.0632,0.327778,0.12484,0.571536
616,-0.239268,3.51198,0.947474,1,4.99222,2.15,1.0632,0.327778,0.12484,0.571536
187,-0.341605,3.512,0.831031,1,4.99222,2.15,1.0632,0.327778,0.12484,0.571536
16,-0.118123,3.51183,1.02291,1,4.99222,2.15,1.0632,0.327778,0.12484,0.571536
616,-0.239268,3.51198,0.947474,1,4.99222,2.15,1.0632,0.327778,0.12484,0.571536
16,-0.118123,3.51183,1.02291,1,4.99222,2.15,1.0632,0.327778,0.12484,0.571536
615,0.00756953,3.51163,1.05112,1,4.99222,2.15,1.0632,0.327778,0.12484,0.571536
615,0.00756953,3.51163,1.05112,1,4.99222,2.15,1.0632,0.327778,0.12484,0.571536
186,0.125073,3.51149,1.04898,1,4.99222,2.15,1.0632,0.327778,0.12484,0.571536
186,0.125073,3.51149,1.04898,1,4.99222,2.15,1.0632,0.327778,0.12484,0.571536
1044,0.24255,3.51163,1.05118,1,4.99222,2.15,1.0632,0.327778,0.12484,0.571536
1044,0.24255,3.51163,1.05118,1,4.99222,2.15,1.0632,0.327778,0.12484,0.571536
38,0.368246,3.51183,1.02297,1,4.99222,2.15,1.0632,0.327778,0.12484,0.571536
38,0.368246,3.51183,1.02297,1,4.99222,2.15,1.0632,0.327778,0.12484,0.571536
664,0.489365,3.51198,0.947499,1,4.99222,2.15,1.0632,0.327778,0.12484,0.571536
664,0.489365,3.51198,0.947499,1,4.99222,2.15,1.0632,0.327778,0.12484,0.571536
235,0.591654,3.51199,0.831039,1,4.99222,2.15,1.0632,0.327778,0.12484,0.571536
235,0.591654,3.51199,0.831039,1,4.99222,2.15,1.0632,0.327778,0.12484,0.571536
1093,0.659543,3.51187,0.678204,1,4.99222,2.15,1.0632,0.327778,0.12484,0.571536
1093,0.659543,3.51187,0.678204,1,4.99222,2.15,1.0632,0.327778,0.12484,0.571536
60,0.679696,3.51167,0.504851,1,4.99222,2.15,1.0632,0.327778,0.12484,0.571536
1045,-0.323728,3.53679,0.670873,0,5.49222,2.15,1.08045,0.327778,0.124828,0.588781
59,-0.359102,3.53705,0.504352,0,5.49222,2.15,1.08045,0.327778,0.124828,0.588781
187,-0.269254,3.53675,0.819485,0,5.49222,2.15,1.08045,0.327778,0.124828,0.588781
1045,-0.323728,3.53679,0.670873,0,5.49222,2.15,1.08045,0.327778,0.124828,0.588781
616,-0.188056,3.53671,0.940965,0,5.49222,2.15,1.08045,0.327778,0.124828,0.588781
187,-0.269254,3.53675,0.819485,0,5.49222,2.15,1.08045,0.327778,0.124828,0.588781
16,-0.0880497,3.53671,1.03087,0,5.49222,2.15,1.08045,0.327778,0.124828,0.588781
616,-0.188056,3.53671,0.940965,0,5.49222,2.15,1.08045,0.327778,0.124828,0.588781
16,-0.0880497,3.53671,1.03087,0,5.49222,2.15,1.08045,0.327778,0.124828,0.588781
615,0.0207015,3.53673,1.08154,0,5.49222,2.15,1.08045,0.327778,0.124828,0.588781
615,0.0207015,3.53673,1.08154,0,5.49222,2.15,1.08045,0.327778,0.124828,0.588781
186,0.125023,3.53678,1.09769,0,5.49222,2.15,1.08045,0.327778,0.124828,0.588781
186,0.125023,3.53678,1.09769,0,5.49222,2.15,1.08045,0.327778,0.124828,0.588781
1044,0.229324,3.53674,1.08153,0,5.49222,2.15,1.08045,0.327778,0.124828,0.588781
1044,0.229324,3.53674,1.08153,0,5.49222,2.15,1.08045,0.327778,0.124828,0.588781
38,0.338124,3.53672,1.0309,0,5.49222,2.15,1.08045,0.327778,0.124828,0.588781
38,0.338124,3.53672,1.0309,0,5.49222,2.15,1.08045,0.327778,0.124828,0.588781
664,0.438118,3.53672,0.940956,0,5.49222,2.15,1.08045,0.327778,0.124828,0.588781
664,0.438118,3.53672,0.940956,0,5.49222,2.15,1.08045,0.327778,0.124828,0.588781
235,0.519289,3.53675,0.819473,0,5.49222,2.15,1.08045,0.327778,0.124828,0.588781
235,0.519289,3.53675,0.819473,0,5.49222,2.15,1.08045,0.327778,0.124828,0.588781
1093,0.573777,3.5368,0.670888,0,5.49222,2.15,1.08045,0.327778,0.124828,0.588781
1093,0.573777,3.5368,0.670888,0,5.49222,2.15,1.08045,0.327778,0.124828,0.588781
60,0.609133,3.53706,0.504376,0,5.49222,2.15,1.08045,0.327778,0.124828,0.588781
1045,-0.429824,3.53919,0.684471,1,5.49222,2.15,1.08045,0.327778,0.124828,0.588781
59,-0.450903,3.53882,0.504684,1,5.49222,2.15,1.08045,0.327778,0.124828,0.588781
187,-0.359173,3.53946,0.842557,1,5.49222,2.15,1.08045,0.327778,0.124828,0.588781
1045,-0.429824,3.53919,0.684471,1,5.49222,2.15,1.08045,0.327778,0.124828,0.588781
616,-0.252616,3.53957,0.962591,1,5.49222,2.15,1.08045,0.327778,0.124828,0.588781
187,-0.359173,3.53946,0.842557,1,5.49222,2.15,1.08045,0.327778,0.124828,0.588781
16,-0.126631,3.53949,1.03973,1,5.49222,2.15,1.08045,0.327778,0.124828,0.588781
616,-0.252616,3.53957,0.962591,1,5.49222,2.15,1.08045,0.327778,0.124828,0.588781
16,-0.126631,3.53949,1.03973,1,5.49222,2.15,1.08045,0.327778,0.124828,0.588781
615,0.00374851,3.53932,1.06904,1,5.49222,2.15,1.08045,0.327778,0.124828,0.588781
615,0.00374851,3.53932,1.06904,1,5.49222,2.15,1.08045,0.327778,0.124828,0.588781
186,0.125081,3.53919,1.06813,1,5.49222,2.15,1.08045,0.327778,0.124828,0.588781
186,0.125081,3.53919,1.06813,1,5.49222,2.15,1.08045,0.327778,0.124828,0.588781
1044,0.246384,3.53932,1.06911,1,5.49222,2.15,1.08045,0.327778,0.124828,0.588781
1044,0.246384,3.53932,1.06911,1,5.49222,2.15,1.08045,0.327778,0.124828,0.588781
38,0.376753,3.53949,1.03976,1,5.49222,2.15,1.08045,0.327778,0.124828,0.588781
38,0.376753,3.53949,1.03976,1,5.49222,2.15,1.08045,0.327778,0.124828,0.588781
664,0.502696,3.53957,0.96257,1,5.49222,2.15,1.08045,0.327778,0.124828,0.588781
664,0.502696,3.53957,0.96257,1,5.49222,2.15,1.08045,0.327778,0.124828,0.588781
235,0.609224,3.53946,0.842536,1,5.49222,2.15,1.08045,0.327778,0.124828,0.588781
235,0.609224,3.53946,0.842536,1,5.49222,2.15,1.08045,0.327778,0.124828,0.588781
1093,0.679885,3.53918,0.684472,1,5.49222,2.15,1.08045,0.327778,0.124828,0.588781
1093,0.679885,3.53918,0.684472,1,5.49222,2.15,1.08045,0.327778,0.124828,0.588781
60,0.700967,3.53882,0.504722,1,5.49222,2.15,1.08045,0.327778,0.124828,0.588781
1045,-0.336806,3.56741,0.677347,0,5.99222,2.15,1.0961,0.327778,0.124825,0.604437
59,-0.374727,3.56741,0.506273,0,5.99222,2.15,1.0961,0.327778,0.124825,0.604437
187,-0.279941,3.56741,0.829368,0,5.99222,2.15,1.0961,0.327778,0.124825,0.604437
1045,-0.336806,3.56741,0.677347,0,5.99222,2.15,1.0961,0.327778,0.124825,0.604437
616,-0.195723,3.56737,0.953315,0,5.99222,2.15,1.0961,0.327778,0.124825,0.604437
187,-0.279941,3.56741,0.829368,0,5.99222,2.15,1.0961,0.327778,0.124825,0.604437
16,-0.0924153,3.5673,1.04448,0,5.99222,2.15,1.0961,0.327778,0.124825,0.604437
616,-0.195723,3.56737,0.953315,0,5.99222,2.15,1.0961,0.327778,0.124825,0.604437
16,-0.0924153,3.5673,1.04448,0,5.99222,2.15,1.0961,0.327778,0.124825,0.604437
615,0.0193528,3.56723,1.09577,0,5.99222,2.15,1.0961,0.327778,0.124825,0.604437
615,0.0193528,3.56723,1.09577,0,5.99222,2.15,1.0961,0.327778,0.124825,0.604437
186,0.125035,3.56721,1.11224,0,5.99222,2.15,1.0961,0.327778,0.124825,0.604437
186,0.125035,3.56721,1.11224,0,5.99222,2.15,1.0961,0.327778,0.124825,0.604437
1044,0.230693,3.56723,1.09576,0,5.99222,2.15,1.0961,0.327778,0.124825,0.604437
1044,0.230693,3.56723,1.09576,0,5.99222,2.15,1.0961,0.327778,0.124825,0.604437
38,0.342476,3.5673,1.04445,0,5.99222,2.15,1.0961,0.327778,0.124825,0.604437
38,0.342476,3.5673,1.04445,0,5.99222,2.15,1.0961,0.327778,0.124825,0.604437
664,0.445772,3.56738,0.953308,0,5.99222,2.15,1.0961,0.327778,0.124825,0.604437
664,0.445772,3.56738,0.953308,0,5.99222,2.15,1.0961,0.327778,0.124825,0.604437
235,0.530004,3.56742,0.829393,0,5.99222,2.15,1.0961,0.327778,0.124825,0.604437
235,0.530004,3.56742,0.829393,0,5.99222,2.15,1.0961,0.327778,0.124825,0.604437
1093,0.586863,3.56741,0.677363,0,5.99222,2.15,1.0961,0.327778,0.124825,0.604437
1093,0.586863,3.56741,0.677363,0,5.99222,2.15,1.0961,0.327778,0.124825,0.604437
60,0.624757,3.56741,0.506309,0,5.99222,2.15,1.0961,0.327778,0.124825,0.604437
1045,-0.448543,3.56549,0.690204,1,5.99222,2.15,1.0961,0.327778,0.124825,0.604437
59,-0.47072,3.56501,0.504564,1,5.99222,2.15,1.0961,0.327778,0.124825,0.604437
187,-0.375314,3.56587,0.853136,1,5.99222,2.15,1.0961,0.327778,0.124825,0.604437
1045,-0.448543,3.56549,0.690204,1,5.99222,2.15,1.0961,0.327778,0.124825,0.604437
616,-0.264888,3.56606,0.976574,1,5.99222,2.15,1.0961,0.327778,0.124825,0.604437
187,-0.375314,3.56587,0.853136,1,5.99222,2.15,1.0961,0.327778,0.124825,0.604437
16,-0.134492,3.56604,1.05548,1,5.99222,2.15,1.0961,0.327778,0.124825,0.604437
616,-0.264888,3.56606,0.976574,1,5.99222,2.15,1.0961,0.327778,0.124825,0.604437
16,-0.134492,3.56604,1.05548,1,5.99222,2.15,1.0961,0.327778,0.124825,0.604437
615,0.000213797,3.56587,1.08601,1,5.99222,2.15,1.0961,0.327778,0.124825,0.604437
615,0.000213797,3.56587,1.08601,1,5.99222,2.15,1.0961,0.327778,0.124825,0.604437
186,0.125179,3.56574,1.0862,1,5.99222,2.15,1.0961,0.327778,0.124825,0.604437
186,0.125179,3.56574,1.0862,1,5.99222,2.15,1.0961,0.327778,0.124825,0.604437
1044,0.250118,3.56587,1.08606,1,5.99222,2.15,1.0961,0.327778,0.124825,0.604437
1044,0.250118,3.56587,1.08606,1,5.99222,2.15,1.0961,0.327778,0.124825,0.604437
38,0.384815,3.56603,1.05548,1,5.99222,2.15,1.0961,0.327778,0.124825,0.604437
38,0.384815,3.56603,1.05548,1,5.99222,2.15,1.0961,0.327778,0.124825,0.604437
664,0.515157,3.56605,0.976506,1,5.99222,2.15,1.0961,0.327778,0.124825,0.604437
664,0.515157,3.56605,0.976506,1,5.99222,2.15,1.0961,0.327778,0.124825,0.604437
235,0.625546,3.56585,0.853064,1,5.99222,2.15,1.0961,0.327778,0.124825,0.604437
235,0.625546,3.56585,0.853064,1,5.99222,2.15,1.0961,0.327778,0.124825,0.604437
1093,0.698786,3.56547,0.690152,1,5.99222,2.15,1.0961,0.327778,0.124825,0.604437
1093,0.698786,3.56547,0.690152,1,5.99222,2.15,1.0961,0.327778,0.124825,0.604437
60,0.72097,3.56499,0.504544,1,5.99222,2.15,1.0961,0.327778,0.124825,0.604437
1045,-0.34902,3.59358,0.68311,0,6.49222,2.15,1.11056,0.327778,0.124809,0.618892
59,-0.389236,3.59352,0.50767,0,6.49222,2.15,1.11056,0.327778,0.124809,0.618892
187,-0.28996,3.59365,0.83846,0,6.49222,2.15,1.11056,0.327778,0.124809,0.618892
1045,-0.34902,3.59358,0.68311,0,6.49222,2.15,1.11056,0.327778,0.124809,0.618892
616,-0.203005,3.59368,0.964776,0,6.49222,2.15,1.11056,0.327778,0.124809,0.618892
187,-0.28996,3.59365,0.83846,0,6.49222,2.15,1.11056,0.327778,0.124809,0.618892
16,-0.0966404,3.59364,1.05719,0,6.49222,2.15,1.11056,0.327778,0.124809,0.618892
616,-0.203005,3.59368,0.964776,0,6.49222,2.15,1.11056,0.327778,0.124809,0.618892
16,-0.0966404,3.59364,1.05719,0,6.49222,2.15,1.11056,0.327778,0.124809,0.618892
615,0.0179688,3.59359,1.10919,0,6.49222,2.15,1.11056,0.327778,0.124809,0.618892
615,0.0179688,3.59359,1.10919,0,6.49222,2.15,1.11056,0.327778,0.124809,0.618892
186,0.125015,3.59356,1.12606,0,6.49222,2.15,1.11056,0.327778,0.124809,0.618892
186,0.125015,3.59356,1.12606,0,6.49222,2.15,1.11056,0.327778,0.124809,0.618892
1044,0.232053,3.59358,1.10918,0,6.49222,2.15,1.11056,0.327778,0.124809,0.618892
1044,0.232053,3.59358,1.10918,0,6.49222,2.15,1.11056,0.327778,0.124809,0.618892
38,0.346675,3.59364,1.05719,0,6.49222,2.15,1.11056,0.327778,0.124809,0.618892
38,0.346675,3.59364,1.05719,0,6.49222,2.15,1.11056,0.327778,0.124809,0.618892
664,0.453025,3.59368,0.964763,0,6.49222,2.15,1.11056,0.327778,0.124809,0.618892
664,0.453025,3.59368,0.964763,0,6.49222,2.15,1.11056,0.327778,0.124809,0.618892
235,0.539987,3.59366,0.838452,0,6.49222,2.15,1.11056,0.327778,0.124809,0.618892
235,0.539987,3.59366,0.838452,0,6.49222,2.15,1.11056,0.327778,0.124809,0.618892
1093,0.599041,3.59357,0.683129,0,6.49222,2.15,1.11056,0.327778,0.124809,0.618892
1093,0.599041,3.59357,0.683129,0,6.49222,2.15,1.11056,0.327778,0.124809,0.618892
60,0.639257,3.5935,0.507729,0,6.49222,2.15,1.11056,0.327778,0.124809,0.618892
1045,-0.466114,3.59117,0.695355,1,6.49222,2.15,1.11056,0.327778,0.124809,0.618892
59,-0.489509,3.59056,0.504288,1,6.49222,2.15,1.11056,0.327778,0.124809,0.618892
187,-0.390438,3.59168,0.86279,1,6.49222,2.15,1.11056,0.327778,0.124809,0.618892
1045,-0.466114,3.59117,0.695355,1,6.49222,2.15,1.11056,0.327778,0.124809,0.618892
616,-0.27647,3.59196,0.989461,1,6.49222,2.15,1.11056,0.327778,0.124809,0.618892
187,-0.390438,3.59168,0.86279,1,6.49222,2.15,1.11056,0.327778,0.124809,0.618892
16,-0.142045,3.59199,1.07017,1,6.49222,2.15,1.11056,0.327778,0.124809,0.618892
616,-0.27647,3.59196,0.989461,1,6.49222,2.15,1.11056,0.327778,0.124809,0.618892
16,-0.142045,3.59199,1.07017,1,6.49222,2.15,1.11056,0.327778,0.124809,0.618892
615,-0.00332523,3.59185,1.10193,1,6.49222,2.15,1.11056,0.327778,0.124809,0.618892
615,-0.00332523,3.59185,1.10193,1,6.49222,2.15,1.11056,0.327778,0.124809,0.618892
186,0.125077,3.59173,1.10314,1,6.49222,2.15,1.11056,0.327778,0.124809,0.618892
186,0.125077,3.59173,1.10314,1,6.49222,2.15,1.11056,0.327778,0.124809,0.618892
1044,0.253446,3.59186,1.102,1,6.49222,2.15,1.11056,0.327778,0.124809,0.618892
1044,0.253446,3.59186,1.102,1,6.49222,2.15,1.11056,0.327778,0.124809,0.618892
38,0.392161,3.59199,1.0702,1,6.49222,2.15,1.11056,0.327778,0.124809,0.618892
38,0.392161,3.59199,1.0702,1,6.49222,2.15,1.11056,0.327778,0.124809,0.618892
664,0.526537,3.59196,0.989431,1,6.49222,2.15,1.11056,0.327778,0.124809,0.618892
664,0.526537,3.59196,0.989431,1,6.49222,2.15,1.11056,0.327778,0.124809,0.618892
235,0.640474,3.59167,0.862759,1,6.49222,2.15,1.11056,0.327778,0.124809,0.618892
235,0.640474,3.59167,0.862759,1,6.49222,2.15,1.11056,0.327778,0.124809,0.618892
1093,0.716178,3.59116,0.695352,1,6.49222,2.15,1.11056,0.327778,0.124809,0.618892
1093,0.716178,3.59116,0.695352,1,6.49222,2.15,1.11056,0.327778,0.124809,0.618892
60,0.739603,3.59055,0.504319,1,6.49222,2.15,1.11056,0.327778,0.124809,0.618892
1045,-0.360494,3.61896,0.688482,0,6.99222,2.15,1.12396,0.327778,0.124816,0.63229
59,-0.402912,3.61882,0.508937,0,6.99222,2.15,1.12396,0.327778,0.124816,0.63229
187,-0.299398,3.61912,0.846975,0,6.99222,2.15,1.12396,0.327778,0.124816,0.63229
1045,-0.360494,3.61896,0.688482,0,6.99222,2.15,1.12396,0.327778,0.124816,0.63229
616,-0.209927,3.6192,0.975612,0,6.99222,2.15,1.12396,0.327778,0.124816,0.63229
187,-0.299398,3.61912,0.846975,0,6.99222,2.15,1.12396,0.327778,0.124816,0.63229
16,-0.100727,3.61919,1.06936,0,6.99222,2.15,1.12396,0.327778,0.124816,0.63229
616,-0.209927,3.6192,0.975612,0,6.99222,2.15,1.12396,0.327778,0.124816,0.63229
16,-0.100727,3.61919,1.06936,0,6.99222,2.15,1.12396,0.327778,0.124816,0.63229
615,0.0165957,3.61915,1.12212,0,6.99222,2.15,1.12396,0.327778,0.124816,0.63229
615,0.0165957,3.61915,1.12212,0,6.99222,2.15,1.12396,0.327778,0.124816,0.63229
186,0.125017,3.61913,1.13931,0,6.99222,2.15,1.12396,0.327778,0.124816,0.63229
186,0.125017,3.61913,1.13931,0,6.99222,2.15,1.12396,0.327778,0.124816,0.63229
1044,0.233446,3.61916,1.12212,0,6.99222,2.15,1.12396,0.327778,0.124816,0.63229
1044,0.233446,3.61916,1.12212,0,6.99222,2.15,1.12396,0.327778,0.124816,0.63229
38,0.35078,3.6192,1.06939,0,6.99222,2.15,1.12396,0.327778,0.124816,0.63229
38,0.35078,3.6192,1.06939,0,6.99222,2.15,1.12396,0.327778,0.124816,0.63229
664,0.45998,3.6192,0.975619,0,6.99222,2.15,1.12396,0.327778,0.124816,0.63229
664,0.45998,3.6192,0.975619,0,6.99222,2.15,1.12396,0.327778,0.124816,0.63229
235,0.549443,3.61912,0.846972,0,6.99222,2.15,1.12396,0.327778,0.124816,0.63229
235,0.549443,3.61912,0.846972,0,6.99222,2.15,1.12396,0.327778,0.124816,0.63229
1093,0.610542,3.61897,0.688499,0,6.99222,2.15,1.12396,0.327778,0.124816,0.63229
1093,0.610542,3.61897,0.688499,0,6.99222,2.15,1.12396,0.327778,0.124816,0.63229
60,0.652966,3.61881,0.508988,0,6.99222,2.15,1.12396,0.327778,0.124816,0.63229
1045,-0.482623,3.6159,0.70008,1,6.99222,2.15,1.12396,0.327778,0.124816,0.63229
59,-0.507278,3.61517,0.503932,1,6.99222,2.15,1.12396,0.327778,0.124816,0.63229
187,-0.404609,3.6165,0.871738,1,6.99222,2.15,1.12396,0.327778,0.124816,0.63229
1045,-0.482623,3.6159,0.70008,1,6.99222,2.15,1.12396,0.327778,0.124816,0.63229
616,-0.287334,3.61687,1.00148,1,6.99222,2.15,1.12396,0.327778,0.124816,0.63229
187,-0.404609,3.6165,0.871738,1,6.99222,2.15,1.12396,0.327778,0.124816,0.63229
16,-0.149153,3.61695,1.08398,1,6.99222,2.15,1.12396,0.327778,0.124816,0.63229
616,-0.287334,3.61687,1.00148,1,6.99222,2.15,1.12396,0.327778,0.124816,0.63229
16,-0.149153,3.61695,1.08398,1,6.99222,2.15,1.12396,0.327778,0.124816,0.63229
615,-0.00665668,3.61683,1.11695,1,6.99222,2.15,1.12396,0.327778,0.124816,0.63229
615,-0.00665668,3.61683,1.11695,1,6.99222,2.15,1.12396,0.327778,0.124816,0.63229
186,0.125024,3.61671,1.11904,1,6.99222,2.15,1.12396,0.327778,0.124816,0.63229
186,0.125024,3.61671,1.11904,1,6.99222,2.15,1.12396,0.327778,0.124816,0.63229
1044,0.256657,3.61684,1.11701,1,6.99222,2.15,1.12396,0.327778,0.124816,0.63229
1044,0.256657,3.61684,1.11701,1,6.99222,2.15,1.12396,0.327778,0.124816,0.63229
38,0.399144,3.61695,1.08406,1,6.99222,2.15,1.12396,0.327778,0.124816,0.63229
38,0.399144,3.61695,1.08406,1,6.99222,2.15,1.12396,0.327778,0.124816,0.63229
664,0.537296,3.61687,1.00154,1,6.99222,2.15,1.12396,0.327778,0.124816,0.63229
664,0.537296,3.61687,1.00154,1,6.99222,2.15,1.12396,0.327778,0.124816,0.63229
235,0.65453,3.61651,0.871794,1,6.99222,2.15,1.12396,0.327778,0.124816,0.63229
235,0.65453,3.61651,0.871794,1,6.99222,2.15,1.12396,0.327778,0.124816,0.63229
1093,0.73253,3.61591,0.700157,1,6.99222,2.15,1.12396,0.327778,0.124816,0.63229
1093,0.73253,3.61591,0.700157,1,6.99222,2.15,1.12396,0.327778,0.124816,0.63229
60,0.75721,3.61518,0.504054,1,6.99222,2.15,1.12396,0.327778,0.124816,0.63229
1045,-0.371444,3.64305,0.693462,0,7.49222,2.15,1.1366,0.327778,0.124819,0.644938
59,-0.415863,3.64286,0.509949,0,7.49222,2.15,1.1366,0.327778,0.124819,0.644938
187,-0.308476,3.64328,0.855027,0,7.49222,2.15,1.1366,0.327778,0.124819,0.644938
1045,-0.371444,3.64305,0.693462,0,7.49222,2.15,1.1366,0.327778,0.124819,0.644938
616,-0.216598,3.64342,0.985956,0,7.49222,2.15,1.1366,0.327778,0.124819,0.644938
187,-0.308476,3.64328,0.855027,0,7.49222,2.15,1.1366,0.327778,0.124819,0.644938
16,-0.104716,3.64345,1.08112,0,7.49222,2.15,1.1366,0.327778,0.124819,0.644938
616,-0.216598,3.64342,0.985956,0,7.49222,2.15,1.1366,0.327778,0.124819,0.644938
16,-0.104716,3.64345,1.08112,0,7.49222,2.15,1.1366,0.327778,0.124819,0.644938
615,0.0152167,3.64342,1.13467,0,7.49222,2.15,1.1366,0.327778,0.124819,0.644938
615,0.0152167,3.64342,1.13467,0,7.49222,2.15,1.1366,0.327778,0.124819,0.644938
186,0.125026,3.64341,1.15218,0,7.49222,2.15,1.1366,0.327778,0.124819,0.644938
186,0.125026,3.64341,1.15218,0,7.49222,2.15,1.1366,0.327778,0.124819,0.644938
1044,0.234841,3.64343,1.13467,0,7.49222,2.15,1.1366,0.327778,0.124819,0.644938
1044,0.234841,3.64343,1.13467,0,7.49222,2.15,1.1366,0.327778,0.124819,0.644938
38,0.354794,3.64345,1.08113,0,7.49222,2.15,1.1366,0.327778,0.124819,0.644938
38,0.354794,3.64345,1.08113,0,7.49222,2.15,1.1366,0.327778,0.124819,0.644938
664,0.466677,3.64343,0.985971,0,7.49222,2.15,1.1366,0.327778,0.124819,0.644938
664,0.466677,3.64343,0.985971,0,7.49222,2.15,1.1366,0.327778,0.124819,0.644938
235,0.558547,3.64328,0.855033,0,7.49222,2.15,1.1366,0.327778,0.124819,0.644938
235,0.558547,3.64328,0.855033,0,7.49222,2.15,1.1366,0.327778,0.124819,0.644938
1093,0.621525,3.64306,0.693478,0,7.49222,2.15,1.1366,0.327778,0.124819,0.644938
1093,0.621525,3.64306,0.693478,0,7.49222,2.15,1.1366,0.327778,0.124819,0.644938
60,0.665942,3.64287,0.509993,0,7.49222,2.15,1.1366,0.327778,0.124819,0.644938
1045,-0.498057,3.63972,0.704583,1,7.49222,2.15,1.1366,0.327778,0.124819,0.644938
59,-0.523964,3.63891,0.50365,1,7.49222,2.15,1.1366,0.327778,0.124819,0.644938
187,-0.417881,3.64041,0.880242,1,7.49222,2.15,1.1366,0.327778,0.124819,0.644938
1045,-0.498057,3.63972,0.704583,1,7.49222,2.15,1.1366,0.327778,0.124819,0.644938
616,-0.297523,3.64083,1.01294,1,7.49222,2.15,1.1366,0.327778,0.124819,0.644938
187,-0.417881,3.64041,0.880242,1,7.49222,2.15,1.1366,0.327778,0.124819,0.644938
16,-0.155789,3.64095,1.09714,1,7.49222,2.15,1.1366,0.327778,0.124819,0.644938
616,-0.297523,3.64083,1.01294,1,7.49222,2.15,1.1366,0.327778,0.124819,0.644938
16,-0.155789,3.64095,1.09714,1,7.49222,2.15,1.1366,0.327778,0.124819,0.644938
615,-0.00972503,3.64084,1.13121,1,7.49222,2.15,1.1366,0.327778,0.124819,0.644938
615,-0.00972503,3.64084,1.13121,1,7.49222,2.15,1.1366,0.327778,0.124819,0.644938
186,0.125085,3.64072,1.13413,1,7.49222,2.15,1.1366,0.327778,0.124819,0.644938
186,0.125085,3.64072,1.13413,1,7.49222,2.15,1.1366,0.327778,0.124819,0.644938
1044,0.259859,3.64084,1.13129,1,7.49222,2.15,1.1366,0.327778,0.124819,0.644938
1044,0.259859,3.64084,1.13129,1,7.49222,2.15,1.1366,0.327778,0.124819,0.644938
38,0.405916,3.64095,1.09717,1,7.49222,2.15,1.1366,0.327778,0.124819,0.644938
38,0.405916,3.64095,1.09717,1,7.49222,2.15,1.1366,0.327778,0.124819,0.644938
664,0.547599,3.64083,1.01291,1,7.49222,2.15,1.1366,0.327778,0.124819,0.644938
664,0.547599,3.64083,1.01291,1,7.49222,2.15,1.1366,0.327778,0.124819,0.644938
235,0.667936,3.64041,0.880215,1,7.49222,2.15,1.1366,0.327778,0.124819,0.644938
235,0.667936,3.64041,0.880215,1,7.49222,2.15,1.1366,0.327778,0.124819,0.644938
1093,0.748172,3.63972,0.704588,1,7.49222,2.15,1.1366,0.327778,0.124819,0.644938
1093,0.748172,3.63972,0.704588,1,7.49222,2.15,1.1366,0.327778,0.124819,0.644938
60,0.774125,3.6389,0.503694,1,7.49222,2.15,1.1366,0.327778,0.124819,0.644938
