id,x,y,z,ablated,v,bulkheadyoungs,nickdepth,nickw,nickc,bbmin
1045,-0.253716,3.43251,0.639404,0,3.49222,4.64,0.996656,0.327778,0.124846,0.504989
59,-0.274814,3.43284,0.496651,0,3.49222,4.64,0.996656,0.327778,0.124846,0.504989
187,-0.212819,3.4322,0.771645,0,3.49222,4.64,0.996656,0.327778,0.124846,0.504989
1045,-0.253716,3.43251,0.639404,0,3.49222,4.64,0.996656,0.327778,0.124846,0.504989
616,-0.148976,3.43194,0.88337,0,3.49222,4.64,0.996656,0.327778,0.124846,0.504989
187,-0.212819,3.4322,0.771645,0,3.49222,4.64,0.996656,0.327778,0.124846,0.504989
16,-0.0684685,3.43185,0.971456,0,3.49222,4.64,0.996656,0.327778,0.124846,0.504989
616,-0.148976,3.43194,0.88337,0,3.49222,4.64,0.996656,0.327778,0.124846,0.504989
16,-0.0684685,3.43185,0.971456,0,3.49222,4.64,0.996656,0.327778,0.124846,0.504989
615,0.0257465,3.43172,1.02181,0,3.49222,4.64,0.996656,0.327778,0.124846,0.504989
615,0.0257465,3.43172,1.02181,0,3.49222,4.64,0.996656,0.327778,0.124846,0.504989
186,0.125022,3.43169,1.03795,0,3.49222,4.64,0.996656,0.327778,0.124846,0.504989
186,0.125022,3.43169,1.03795,0,3.49222,4.64,0.996656,0.327778,0.124846,0.504989
1044,0.224285,3.43172,1.02179,0,3.49222,4.64,0.996656,0.327778,0.124846,0.504989
1044,0.224285,3.43172,1.02179,0,3.49222,4.64,0.996656,0.327778,0.124846,0.504989
38,0.318508,3.43181,0.971432,0,3.49222,4.64,0.996656,0.327778,0.124846,0.504989
38,0.318508,3.43181,0.971432,0,3.49222,4.64,0.996656,0.327778,0.124846,0.504989
664,0.399,3.43189,0.88334,0,3.49222,4.64,0.996656,0.327778,0.124846,0.504989
664,0.399,3.43189,0.88334,0,3.49222,4.64,0.996656,0.327778,0.124846,0.504989
235,0.46283,3.43216,0.771606,0,3.49222,4.64,0.996656,0.327778,0.124846,0.504989
235,0.46283,3.43216,0.771606,0,3.49222,4.64,0.996656,0.327778,0.124846,0.504989
1093,0.503743,3.43243,0.639375,0,3.49222,4.64,0.996656,0.327778,0.124846,0.504989
1093,0.503743,3.43243,0.639375,0,3.49222,4.64,0.996656,0.327778,0.124846,0.504989
60,0.52479,3.43277,0.496647,0,3.49222,4.64,0.996656,0.327778,0.124846,0.504989
1045,-0.327446,3.43384,0.654979,1,3.49222,4.64,0.996656,0.327778,0.124846,0.504989
59,-0.349742,3.43387,0.50755,1,3.49222,4.64,0.996656,0.327778,0.124846,0.504989
187,-0.268227,3.43378,0.786495,1,3.49222,4.64,0.996656,0.327778,0.124846,0.504989
1045,-0.327446,3.43384,0.654979,1,3.49222,4.64,0.996656,0.327778,0.124846,0.504989
616,-0.182637,3.43363,0.888687,1,3.49222,4.64,0.996656,0.327778,0.124846,0.504989
187,-0.268227,3.43378,0.786495,1,3.49222,4.64,0.996656,0.327778,0.124846,0.504989
16,-0.0826187,3.43337,0.960006,1,3.49222,4.64,0.996656,0.327778,0.124846,0.504989
616,-0.182637,3.43363,0.888687,1,3.49222,4.64,0.996656,0.327778,0.124846,0.504989
16,-0.0826187,3.43337,0.960006,1,3.49222,4.64,0.996656,0.327778,0.124846,0.504989
615,0.0233348,3.4332,0.987518,1,3.49222,4.64,0.996656,0.327778,0.124846,0.504989
615,0.0233348,3.4332,0.987518,1,3.49222,4.64,0.996656,0.327778,0.124846,0.504989
186,0.125057,3.43314,0.983543,1,3.49222,4.64,0.996656,0.327778,0.124846,0.504989
186,0.125057,3.43314,0.983543,1,3.49222,4.64,0.996656,0.327778,0.124846,0.504989
1044,0.226776,3.43321,0.9874,1,3.49222,4.64,0.996656,0.327778,0.124846,0.504989
1044,0.226776,3.43321,0.9874,1,3.49222,4.64,0.996656,0.327778,0.124846,0.504989
38,0.332695,3.43338,0.959754,1,3.49222,4.64,0.996656,0.327778,0.124846,0.504989
38,0.332695,3.43338,0.959754,1,3.49222,4.64,0.996656,0.327778,0.124846,0.504989
664,0.43268,3.4336,0.888449,1,3.49222,4.64,0.996656,0.327778,0.124846,0.504989
664,0.43268,3.4336,0.888449,1,3.49222,4.64,0.996656,0.327778,0.124846,0.504989
235,0.518292,3.4338,0.786311,1,3.49222,4.64,0.996656,0.327778,0.124846,0.504989
235,0.518292,3.4338,0.786311,1,3.49222,4.64,0.996656,0.327778,0.124846,0.504989
1093,0.577614,3.43387,0.654894,1,3.49222,4.64,0.996656,0.327778,0.124846,0.504989
1093,0.577614,3.43387,0.654894,1,3.49222,4.64,0.996656,0.327778,0.124846,0.504989
60,0.599804,3.43393,0.507481,1,3.49222,4.64,0.996656,0.327778,0.124846,0.504989
1045,-0.263701,3.4513,0.647783,0,3.99222,4.64,1.01519,0.327778,0.124842,0.523522
59,-0.285514,3.4517,0.499114,0,3.99222,4.64,1.01519,0.327778,0.124842,0.523522
187,-0.222167,3.45118,0.783548,0,3.99222,4.64,1.01519,0.327778,0.124842,0.523522
1045,-0.263701,3.4513,0.647783,0,3.99222,4.64,1.01519,0.327778,0.124842,0.523522
616,-0.15585,3.45114,0.897383,0,3.99222,4.64,1.01519,0.327778,0.124842,0.523522
187,-0.222167,3.45118,0.783548,0,3.99222,4.64,1.01519,0.327778,0.124842,0.523522
16,-0.0711952,3.45134,0.984744,0,3.99222,4.64,1.01519,0.327778,0.124842,0.523522
616,-0.15585,3.45114,0.897383,0,3.99222,4.64,1.01519,0.327778,0.124842,0.523522
16,-0.0711952,3.45134,0.984744,0,3.99222,4.64,1.01519,0.327778,0.124842,0.523522
615,0.0254384,3.45144,1.03351,0,3.99222,4.64,1.01519,0.327778,0.124842,0.523522
615,0.0254384,3.45144,1.03351,0,3.99222,4.64,1.01519,0.327778,0.124842,0.523522
186,0.124948,3.45144,1.04898,0,3.99222,4.64,1.01519,0.327778,0.124842,0.523522
186,0.124948,3.45144,1.04898,0,3.99222,4.64,1.01519,0.327778,0.124842,0.523522
1044,0.224539,3.4514,1.03356,0,3.99222,4.64,1.01519,0.327778,0.124842,0.523522
1044,0.224539,3.4514,1.03356,0,3.99222,4.64,1.01519,0.327778,0.124842,0.523522
38,0.321245,3.45131,0.984764,0,3.99222,4.64,1.01519,0.327778,0.124842,0.523522
38,0.321245,3.45131,0.984764,0,3.99222,4.64,1.01519,0.327778,0.124842,0.523522
664,0.405725,3.45117,0.897279,0,3.99222,4.64,1.01519,0.327778,0.124842,0.523522
664,0.405725,3.45117,0.897279,0,3.99222,4.64,1.01519,0.327778,0.124842,0.523522
235,0.472196,3.45122,0.783618,0,3.99222,4.64,1.01519,0.327778,0.124842,0.523522
235,0.472196,3.45122,0.783618,0,3.99222,4.64,1.01519,0.327778,0.124842,0.523522
1093,0.513694,3.45129,0.647862,0,3.99222,4.64,1.01519,0.327778,0.124842,0.523522
1093,0.513694,3.45129,0.647862,0,3.99222,4.64,1.01519,0.327778,0.124842,0.523522
60,0.535614,3.45186,0.499186,0,3.99222,4.64,1.01519,0.327778,0.124842,0.523522
1045,-0.351868,3.45946,0.665669,1,3.99222,4.64,1.01519,0.327778,0.124842,0.523522
59,-0.372541,3.45949,0.509966,1,3.99222,4.64,1.01519,0.327778,0.124842,0.523522
187,-0.290302,3.45942,0.803253,1,3.99222,4.64,1.01519,0.327778,0.124842,0.523522
1045,-0.351868,3.45946,0.665669,1,3.99222,4.64,1.01519,0.327778,0.124842,0.523522
616,-0.199594,3.45929,0.909076,1,3.99222,4.64,1.01519,0.327778,0.124842,0.523522
187,-0.290302,3.45942,0.803253,1,3.99222,4.64,1.01519,0.327778,0.124842,0.523522
16,-0.0928975,3.4591,0.980426,1,3.99222,4.64,1.01519,0.327778,0.124842,0.523522
616,-0.199594,3.45929,0.909076,1,3.99222,4.64,1.01519,0.327778,0.124842,0.523522
16,-0.0928975,3.4591,0.980426,1,3.99222,4.64,1.01519,0.327778,0.124842,0.523522
615,0.0192481,3.45898,1.00564,1,3.99222,4.64,1.01519,0.327778,0.124842,0.523522
615,0.0192481,3.45898,1.00564,1,3.99222,4.64,1.01519,0.327778,0.124842,0.523522
186,0.125084,3.45896,0.999557,1,3.99222,4.64,1.01519,0.327778,0.124842,0.523522
186,0.125084,3.45896,0.999557,1,3.99222,4.64,1.01519,0.327778,0.124842,0.523522
1044,0.23091,3.45898,1.00578,1,3.99222,4.64,1.01519,0.327778,0.124842,0.523522
1044,0.23091,3.45898,1.00578,1,3.99222,4.64,1.01519,0.327778,0.124842,0.523522
38,0.343044,3.45912,0.980491,1,3.99222,4.64,1.01519,0.327778,0.124842,0.523522
38,0.343044,3.45912,0.980491,1,3.99222,4.64,1.01519,0.327778,0.124842,0.523522
664,0.449709,3.45931,0.909106,1,3.99222,4.64,1.01519,0.327778,0.124842,0.523522
664,0.449709,3.45931,0.909106,1,3.99222,4.64,1.01519,0.327778,0.124842,0.523522
235,0.540372,3.45944,0.803257,1,3.99222,4.64,1.01519,0.327778,0.124842,0.523522
235,0.540372,3.45944,0.803257,1,3.99222,4.64,1.01519,0.327778,0.124842,0.523522
1093,0.601901,3.45946,0.66567,1,3.99222,4.64,1.01519,0.327778,0.124842,0.523522
1093,0.601901,3.45946,0.66567,1,3.99222,4.64,1.01519,0.327778,0.124842,0.523522
60,0.622531,3.45952,0.510049,1,3.99222,4.64,1.01519,0.327778,0.124842,0.523522
1045,-0.275769,3.48087,0.657838,0,4.49222,4.64,1.03564,0.327778,0.12484,0.543978
59,-0.301607,3.48139,0.504135,0,4.49222,4.64,1.03564,0.327778,0.12484,0.543978
187,-0.23078,3.48064,0.796631,0,4.49222,4.64,1.03564,0.327778,0.12484,0.543978
1045,-0.275769,3.48087,0.657838,0,4.49222,4.64,1.03564,0.327778,0.12484,0.543978
616,-0.161317,3.48068,0.912309,0,4.49222,4.64,1.03564,0.327778,0.12484,0.543978
187,-0.23078,3.48064,0.796631,0,4.49222,4.64,1.03564,0.327778,0.12484,0.543978
16,-0.0740048,3.48086,1.001,0,4.49222,4.64,1.03564,0.327778,0.12484,0.543978
616,-0.161317,3.48068,0.912309,0,4.49222,4.64,1.03564,0.327778,0.12484,0.543978
16,-0.0740048,3.48086,1.001,0,4.49222,4.64,1.03564,0.327778,0.12484,0.543978
615,0.0246622,3.48103,1.05118,0,4.49222,4.64,1.03564,0.327778,0.12484,0.543978
615,0.0246622,3.48103,1.05118,0,4.49222,4.64,1.03564,0.327778,0.12484,0.543978
186,0.125019,3.48116,1.0672,0,4.49222,4.64,1.03564,0.327778,0.12484,0.543978
186,0.125019,3.48116,1.0672,0,4.49222,4.64,1.03564,0.327778,0.12484,0.543978
1044,0.225449,3.48103,1.05116,0,4.49222,4.64,1.03564,0.327778,0.12484,0.543978
1044,0.225449,3.48103,1.05116,0,4.49222,4.64,1.03564,0.327778,0.12484,0.543978
38,0.324109,3.48087,1.00095,0,4.49222,4.64,1.03564,0.327778,0.12484,0.543978
38,0.324109,3.48087,1.00095,0,4.49222,4.64,1.03564,0.327778,0.12484,0.543978
664,0.41138,3.48071,0.912237,0,4.49222,4.64,1.03564,0.327778,0.12484,0.543978
664,0.41138,3.48071,0.912237,0,4.49222,4.64,1.03564,0.327778,0.12484,0.543978
235,0.48082,3.48064,0.796651,0,4.49222,4.64,1.03564,0.327778,0.12484,0.543978
235,0.48082,3.48064,0.796651,0,4.49222,4.64,1.03564,0.327778,0.12484,0.543978
1093,0.52576,3.48079,0.657856,0,4.49222,4.64,1.03564,0.327778,0.12484,0.543978
1093,0.52576,3.48079,0.657856,0,4.49222,4.64,1.03564,0.327778,0.12484,0.543978
60,0.551615,3.4815,0.50419,0,4.49222,4.64,1.03564,0.327778,0.12484,0.543978
1045,-0.374755,3.48846,0.675567,1,4.49222,4.64,1.03564,0.327778,0.12484,0.543978
59,-0.394932,3.48848,0.512617,1,4.49222,4.64,1.03564,0.327778,0.12484,0.543978
187,-0.310362,3.48846,0.818503,1,4.49222,4.64,1.03564,0.327778,0.12484,0.543978
1045,-0.374755,3.48846,0.675567,1,4.49222,4.64,1.03564,0.327778,0.12484,0.543978
616,-0.214833,3.48838,0.927495,1,4.49222,4.64,1.03564,0.327778,0.12484,0.543978
187,-0.310362,3.48846,0.818503,1,4.49222,4.64,1.03564,0.327778,0.12484,0.543978
16,-0.10228,3.48822,0.99913,1,4.49222,4.64,1.03564,0.327778,0.12484,0.543978
616,-0.214833,3.48838,0.927495,1,4.49222,4.64,1.03564,0.327778,0.12484,0.543978
16,-0.10228,3.48822,0.99913,1,4.49222,4.64,1.03564,0.327778,0.12484,0.543978
615,0.0151482,3.48805,1.02325,1,4.49222,4.64,1.03564,0.327778,0.12484,0.543978
615,0.0151482,3.48805,1.02325,1,4.49222,4.64,1.03564,0.327778,0.12484,0.543978
186,0.125043,3.48795,1.0171,1,4.49222,4.64,1.03564,0.327778,0.12484,0.543978
186,0.125043,3.48795,1.0171,1,4.49222,4.64,1.03564,0.327778,0.12484,0.543978
1044,0.234921,3.48806,1.02333,1,4.49222,4.64,1.03564,0.327778,0.12484,0.543978
1044,0.234921,3.48806,1.02333,1,4.49222,4.64,1.03564,0.327778,0.12484,0.543978
38,0.352307,3.48822,0.999144,1,4.49222,4.64,1.03564,0.327778,0.12484,0.543978
38,0.352307,3.48822,0.999144,1,4.49222,4.64,1.03564,0.327778,0.12484,0.543978
664,0.464816,3.48839,0.927486,1,4.49222,4.64,1.03564,0.327778,0.12484,0.543978
664,0.464816,3.48839,0.927486,1,4.49222,4.64,1.03564,0.327778,0.12484,0.543978
235,0.560316,3.48847,0.818484,1,4.49222,4.64,1.03564,0.327778,0.12484,0.543978
235,0.560316,3.48847,0.818484,1,4.49222,4.64,1.03564,0.327778,0.12484,0.543978
1093,0.624724,3.48846,0.675572,1,4.49222,4.64,1.03564,0.327778,0.12484,0.543978
1093,0.624724,3.48846,0.675572,1,4.49222,4.64,1.03564,0.327778,0.12484,0.543978
60,0.644883,3.48845,0.51266,1,4.49222,4.64,1.03564,0.327778,0.12484,0.543978
1045,-0.286714,3.51388,0.666616,0,4.99222,4.64,1.0543,0.327778,0.124846,0.562638
59,-0.315246,3.51453,0.508309,0,4.99222,4.64,1.0543,0.327778,0.124846,0.562638
187,-0.239486,3.51374,0.808482,0,4.99222,4.64,1.0543,0.327778,0.124846,0.562638
1045,-0.286714,3.51388,0.666616,0,4.99222,4.64,1.0543,0.327778,0.124846,0.562638
616,-0.167147,3.51384,0.926003,0,4.99222,4.64,1.0543,0.327778,0.124846,0.562638
187,-0.239486,3.51374,0.808482,0,4.99222,4.64,1.0543,0.327778,0.124846,0.562638
16,-0.077144,3.51413,1.01558,0,4.99222,4.64,1.0543,0.327778,0.124846,0.562638
616,-0.167147,3.51384,0.926003,0,4.99222,4.64,1.0543,0.327778,0.124846,0.562638
16,-0.077144,3.51413,1.01558,0,4.99222,4.64,1.0543,0.327778,0.124846,0.562638
615,0.0238468,3.51437,1.06628,0,4.99222,4.64,1.0543,0.327778,0.124846,0.562638
615,0.0238468,3.51437,1.06628,0,4.99222,4.64,1.0543,0.327778,0.124846,0.562638
186,0.125018,3.5145,1.08263,0,4.99222,4.64,1.0543,0.327778,0.124846,0.562638
186,0.125018,3.5145,1.08263,0,4.99222,4.64,1.0543,0.327778,0.124846,0.562638
1044,0.226193,3.51436,1.06626,0,4.99222,4.64,1.0543,0.327778,0.124846,0.562638
1044,0.226193,3.51436,1.06626,0,4.99222,4.64,1.0543,0.327778,0.124846,0.562638
38,0.327181,3.51412,1.01556,0,4.99222,4.64,1.0543,0.327778,0.124846,0.562638
38,0.327181,3.51412,1.01556,0,4.99222,4.64,1.0543,0.327778,0.124846,0.562638
664,0.417185,3.51382,0.926006,0,4.99222,4.64,1.0543,0.327778,0.124846,0.562638
664,0.417185,3.51382,0.926006,0,4.99222,4.64,1.0543,0.327778,0.124846,0.562638
235,0.489585,3.51372,0.80844,0,4.99222,4.64,1.0543,0.327778,0.124846,0.562638
235,0.489585,3.51372,0.80844,0,4.99222,4.64,1.0543,0.327778,0.124846,0.562638
1093,0.536755,3.51386,0.666589,0,4.99222,4.64,1.0543,0.327778,0.124846,0.562638
1093,0.536755,3.51386,0.666589,0,4.99222,4.64,1.0543,0.327778,0.124846,0.562638
60,0.56529,3.51459,0.508298,0,4.99222,4.64,1.0543,0.327778,0.124846,0.562638
1045,-0.395271,3.51771,0.684188,1,4.99222,4.64,1.0543,0.327778,0.124846,0.562638
59,-0.4156,3.51763,0.514812,1,4.99222,4.64,1.0543,0.327778,0.124846,0.562638
187,-0.328257,3.5178,0.831959,1,4.99222,4.64,1.0543,0.327778,0.124846,0.562638
1045,-0.395271,3.51771,0.684188,1,4.99222,4.64,1.0543,0.327778,0.124846,0.562638
616,-0.228361,3.5178,0.943884,1,4.99222,4.64,1.0543,0.327778,0.124846,0.562638
187,-0.328257,3.5178,0.831959,1,4.99222,4.64,1.0543,0.327778,0.124846,0.562638
16,-0.110767,3.51768,1.01614,1,4.99222,4.64,1.0543,0.327778,0.124846,0.562638
616,-0.228361,3.5178,0.943884,1,4.99222,4.64,1.0543,0.327778,0.124846,0.562638
16,-0.110767,3.51768,1.01614,1,4.99222,4.64,1.0543,0.327778,0.124846,0.562638
615,0.0112848,3.51752,1.04009,1,4.99222,4.64,1.0543,0.327778,0.124846,0.562638
615,0.0112848,3.51752,1.04009,1,4.99222,4.64,1.0543,0.327778,0.124846,0.562638
186,0.125044,3.51742,1.03458,1,4.99222,4.64,1.0543,0.327778,0.124846,0.562638
186,0.125044,3.51742,1.03458,1,4.99222,4.64,1.0543,0.327778,0.124846,0.562638
1044,0.238793,3.51752,1.04017,1,4.99222,4.64,1.0543,0.327778,0.124846,0.562638
1044,0.238793,3.51752,1.04017,1,4.99222,4.64,1.0543,0.327778,0.124846,0.562638
38,0.360807,3.51768,1.01612,1,4.99222,4.64,1.0543,0.327778,0.124846,0.562638
38,0.360807,3.51768,1.01612,1,4.99222,4.64,1.0543,0.327778,0.124846,0.562638
664,0.478385,3.51779,0.943878,1,4.99222,4.64,1.0543,0.327778,0.124846,0.562638
664,0.478385,3.51779,0.943878,1,4.99222,4.64,1.0543,0.327778,0.124846,0.562638
235,0.578273,3.51779,0.83195,1,4.99222,4.64,1.0543,0.327778,0.124846,0.562638
235,0.578273,3.51779,0.83195,1,4.99222,4.64,1.0543,0.327778,0.124846,0.562638
1093,0.645271,3.5177,0.684186,1,4.99222,4.64,1.0543,0.327778,0.124846,0.562638
1093,0.645271,3.5177,0.684186,1,4.99222,4.64,1.0543,0.327778,0.124846,0.562638
60,0.665601,3.51763,0.514841,1,4.99222,4.64,1.0543,0.327778,0.124846,0.562638
1045,-0.297134,3.54206,0.673291,0,5.49222,4.64,1.06745,0.327778,0.12484,0.575782
59,-0.32928,3.54252,0.511308,0,5.49222,4.64,1.06745,0.327778,0.12484,0.575782
187,-0.247604,3.54198,0.817576,0,5.49222,4.64,1.06745,0.327778,0.12484,0.575782
1045,-0.297134,3.54206,0.673291,0,5.49222,4.64,1.06745,0.327778,0.12484,0.575782
616,-0.172676,3.54201,0.936724,0,5.49222,4.64,1.06745,0.327778,0.12484,0.575782
187,-0.247604,3.54198,0.817576,0,5.49222,4.64,1.06745,0.327778,0.12484,0.575782
16,-0.0798732,3.54207,1.02676,0,5.49222,4.64,1.06745,0.327778,0.12484,0.575782
616,-0.172676,3.54201,0.936724,0,5.49222,4.64,1.06745,0.327778,0.12484,0.575782
16,-0.0798732,3.54207,1.02676,0,5.49222,4.64,1.06745,0.327778,0.12484,0.575782
615,0.0230731,3.54221,1.07802,0,5.49222,4.64,1.06745,0.327778,0.12484,0.575782
615,0.0230731,3.54221,1.07802,0,5.49222,4.64,1.06745,0.327778,0.12484,0.575782
186,0.125042,3.5423,1.0951,0,5.49222,4.64,1.06745,0.327778,0.12484,0.575782
186,0.125042,3.5423,1.0951,0,5.49222,4.64,1.06745,0.327778,0.12484,0.575782
1044,0.226992,3.54221,1.07802,0,5.49222,4.64,1.06745,0.327778,0.12484,0.575782
1044,0.226992,3.54221,1.07802,0,5.49222,4.64,1.06745,0.327778,0.12484,0.575782
38,0.329914,3.5421,1.02676,0,5.49222,4.64,1.06745,0.327778,0.12484,0.575782
38,0.329914,3.5421,1.02676,0,5.49222,4.64,1.06745,0.327778,0.12484,0.575782
664,0.422719,3.54195,0.936746,0,5.49222,4.64,1.06745,0.327778,0.12484,0.575782
664,0.422719,3.54195,0.936746,0,5.49222,4.64,1.06745,0.327778,0.12484,0.575782
235,0.49765,3.54196,0.817578,0,5.49222,4.64,1.06745,0.327778,0.12484,0.575782
235,0.49765,3.54196,0.817578,0,5.49222,4.64,1.06745,0.327778,0.12484,0.575782
1093,0.547213,3.542,0.673281,0,5.49222,4.64,1.06745,0.327778,0.12484,0.575782
1093,0.547213,3.542,0.673281,0,5.49222,4.64,1.06745,0.327778,0.12484,0.575782
60,0.579339,3.5425,0.511271,0,5.49222,4.64,1.06745,0.327778,0.12484,0.575782
1045,-0.413948,3.54722,0.691664,1,5.49222,4.64,1.06745,0.327778,0.12484,0.575782
59,-0.435001,3.54699,0.516484,1,5.49222,4.64,1.06745,0.327778,0.12484,0.575782
187,-0.344409,3.54742,0.843845,1,5.49222,4.64,1.06745,0.327778,0.12484,0.575782
1045,-0.413948,3.54722,0.691664,1,5.49222,4.64,1.06745,0.327778,0.12484,0.575782
616,-0.240556,3.5475,0.95853,1,5.49222,4.64,1.06745,0.327778,0.12484,0.575782
187,-0.344409,3.54742,0.843845,1,5.49222,4.64,1.06745,0.327778,0.12484,0.575782
16,-0.118559,3.54742,1.03172,1,5.49222,4.64,1.06745,0.327778,0.12484,0.575782
616,-0.240556,3.5475,0.95853,1,5.49222,4.64,1.06745,0.327778,0.12484,0.575782
16,-0.118559,3.54742,1.03172,1,5.49222,4.64,1.06745,0.327778,0.12484,0.575782
615,0.00767079,3.54726,1.05607,1,5.49222,4.64,1.06745,0.327778,0.12484,0.575782
615,0.00767079,3.54726,1.05607,1,5.49222,4.64,1.06745,0.327778,0.12484,0.575782
186,0.12507,3.54713,1.05135,1,5.49222,4.64,1.06745,0.327778,0.12484,0.575782
186,0.12507,3.54713,1.05135,1,5.49222,4.64,1.06745,0.327778,0.12484,0.575782
1044,0.24246,3.54726,1.0561,1,5.49222,4.64,1.06745,0.327778,0.12484,0.575782
1044,0.24246,3.54726,1.0561,1,5.49222,4.64,1.06745,0.327778,0.12484,0.575782
38,0.368642,3.5474,1.03164,1,5.49222,4.64,1.06745,0.327778,0.12484,0.575782
38,0.368642,3.5474,1.03164,1,5.49222,4.64,1.06745,0.327778,0.12484,0.575782
664,0.49064,3.54747,0.958478,1,5.49222,4.64,1.06745,0.327778,0.12484,0.575782
664,0.49064,3.54747,0.958478,1,5.49222,4.64,1.06745,0.327778,0.12484,0.575782
235,0.594482,3.54739,0.843788,1,5.49222,4.64,1.06745,0.327778,0.12484,0.575782
235,0.594482,3.54739,0.843788,1,5.49222,4.64,1.06745,0.327778,0.12484,0.575782
1093,0.663999,3.54718,0.691598,1,5.49222,4.64,1.06745,0.327778,0.12484,0.575782
1093,0.663999,3.54718,0.691598,1,5.49222,4.64,1.06745,0.327778,0.12484,0.575782
60,0.685095,3.54697,0.516498,1,5.49222,4.64,1.06745,0.327778,0.12484,0.575782
1045,-0.307129,3.57084,0.680506,0,5.99222,4.64,1.08257,0.327778,0.124834,0.5909
59,-0.34174,3.57115,0.514641,0,5.99222,4.64,1.08257,0.327778,0.124834,0.5909
187,-0.255676,3.57083,0.827427,0,5.99222,4.64,1.08257,0.327778,0.124834,0.5909
1045,-0.307129,3.57084,0.680506,0,5.99222,4.64,1.08257,0.327778,0.124834,0.5909
616,-0.178349,3.5709,0.94843,0,5.99222,4.64,1.08257,0.327778,0.124834,0.5909
187,-0.255676,3.57083,0.827427,0,5.99222,4.64,1.08257,0.327778,0.124834,0.5909
16,-0.0828863,3.57104,1.03941,0,5.99222,4.64,1.08257,0.327778,0.124834,0.5909
616,-0.178349,3.5709,0.94843,0,5.99222,4.64,1.08257,0.327778,0.124834,0.5909
16,-0.0828863,3.57104,1.03941,0,5.99222,4.64,1.08257,0.327778,0.124834,0.5909
615,0.0222789,3.57118,1.09094,0,5.99222,4.64,1.08257,0.327778,0.124834,0.5909
615,0.0222789,3.57118,1.09094,0,5.99222,4.64,1.08257,0.327778,0.124834,0.5909
186,0.12501,3.57131,1.10814,0,5.99222,4.64,1.08257,0.327778,0.124834,0.5909
186,0.12501,3.57131,1.10814,0,5.99222,4.64,1.08257,0.327778,0.124834,0.5909
1044,0.227762,3.57118,1.09094,0,5.99222,4.64,1.08257,0.327778,0.124834,0.5909
1044,0.227762,3.57118,1.09094,0,5.99222,4.64,1.08257,0.327778,0.124834,0.5909
38,0.332925,3.57104,1.03943,0,5.99222,4.64,1.08257,0.327778,0.124834,0.5909
38,0.332925,3.57104,1.03943,0,5.99222,4.64,1.08257,0.327778,0.124834,0.5909
664,0.428393,3.57089,0.948476,0,5.99222,4.64,1.08257,0.327778,0.124834,0.5909
664,0.428393,3.57089,0.948476,0,5.99222,4.64,1.08257,0.327778,0.124834,0.5909
235,0.505742,3.57082,0.827454,0,5.99222,4.64,1.08257,0.327778,0.124834,0.5909
235,0.505742,3.57082,0.827454,0,5.99222,4.64,1.08257,0.327778,0.124834,0.5909
1093,0.557159,3.57074,0.6805,0,5.99222,4.64,1.08257,0.327778,0.124834,0.5909
1093,0.557159,3.57074,0.6805,0,5.99222,4.64,1.08257,0.327778,0.124834,0.5909
60,0.59176,3.5712,0.514655,0,5.99222,4.64,1.08257,0.327778,0.124834,0.5909
1045,-0.431264,3.57506,0.698527,1,5.99222,4.64,1.08257,0.327778,0.124834,0.5909
59,-0.453338,3.57468,0.518066,1,5.99222,4.64,1.08257,0.327778,0.124834,0.5909
187,-0.359349,3.57539,0.854839,1,5.99222,4.64,1.08257,0.327778,0.124834,0.5909
1045,-0.431264,3.57506,0.698527,1,5.99222,4.64,1.08257,0.327778,0.124834,0.5909
616,-0.251848,3.57556,0.972153,1,5.99222,4.64,1.08257,0.327778,0.124834,0.5909
187,-0.359349,3.57539,0.854839,1,5.99222,4.64,1.08257,0.327778,0.124834,0.5909
16,-0.125821,3.57555,1.04637,1,5.99222,4.64,1.08257,0.327778,0.124834,0.5909
616,-0.251848,3.57556,0.972153,1,5.99222,4.64,1.08257,0.327778,0.124834,0.5909
16,-0.125821,3.57555,1.04637,1,5.99222,4.64,1.08257,0.327778,0.124834,0.5909
615,0.0042675,3.57541,1.07139,1,5.99222,4.64,1.08257,0.327778,0.124834,0.5909
615,0.0042675,3.57541,1.07139,1,5.99222,4.64,1.08257,0.327778,0.124834,0.5909
186,0.125158,3.57529,1.06754,1,5.99222,4.64,1.08257,0.327778,0.124834,0.5909
186,0.125158,3.57529,1.06754,1,5.99222,4.64,1.08257,0.327778,0.124834,0.5909
1044,0.246034,3.57542,1.07143,1,5.99222,4.64,1.08257,0.327778,0.124834,0.5909
1044,0.246034,3.57542,1.07143,1,5.99222,4.64,1.08257,0.327778,0.124834,0.5909
38,0.376076,3.57555,1.04629,1,5.99222,4.64,1.08257,0.327778,0.124834,0.5909
38,0.376076,3.57555,1.04629,1,5.99222,4.64,1.08257,0.327778,0.124834,0.5909
664,0.502096,3.57555,0.97208,1,5.99222,4.64,1.08257,0.327778,0.124834,0.5909
664,0.502096,3.57555,0.97208,1,5.99222,4.64,1.08257,0.327778,0.124834,0.5909
235,0.609599,3.57537,0.854765,1,5.99222,4.64,1.08257,0.327778,0.124834,0.5909
235,0.609599,3.57537,0.854765,1,5.99222,4.64,1.08257,0.327778,0.124834,0.5909
1093,0.681514,3.57504,0.698464,1,5.99222,4.64,1.08257,0.327778,0.124834,0.5909
1093,0.681514,3.57504,0.698464,1,5.99222,4.64,1.08257,0.327778,0.124834,0.5909
60,0.703575,3.57471,0.518034,1,5.99222,4.64,1.08257,0.327778,0.124834,0.5909
1045,-0.316266,3.59897,0.687076,0,6.49222,4.64,1.09574,0.327778,0.12481,0.604075
59,-0.353526,3.59912,0.517663,0,6.49222,4.64,1.09574,0.327778,0.12481,0.604075
187,-0.26307,3.59905,0.836521,0,6.49222,4.64,1.09574,0.327778,0.12481,0.604075
1045,-0.316266,3.59897,0.687076,0,6.49222,4.64,1.09574,0.327778,0.12481,0.604075
616,-0.183626,3.59915,0.959262,0,6.49222,4.64,1.09574,0.327778,0.12481,0.604075
187,-0.26307,3.59905,0.836521,0,6.49222,4.64,1.09574,0.327778,0.12481,0.604075
16,-0.085808,3.59926,1.051,0,6.49222,4.64,1.09574,0.327778,0.12481,0.604075
616,-0.183626,3.59915,0.959262,0,6.49222,4.64,1.09574,0.327778,0.12481,0.604075
16,-0.085808,3.59926,1.051,0,6.49222,4.64,1.09574,0.327778,0.12481,0.604075
615,0.0214107,3.59936,1.10298,0,6.49222,4.64,1.09574,0.327778,0.12481,0.604075
615,0.0214107,3.59936,1.10298,0,6.49222,4.64,1.09574,0.327778,0.12481,0.604075
186,0.125006,3.59946,1.12057,0,6.49222,4.64,1.09574,0.327778,0.12481,0.604075
186,0.125006,3.59946,1.12057,0,6.49222,4.64,1.09574,0.327778,0.12481,0.604075
1044,0.228637,3.59937,1.10299,0,6.49222,4.64,1.09574,0.327778,0.12481,0.604075
1044,0.228637,3.59937,1.10299,0,6.49222,4.64,1.09574,0.327778,0.12481,0.604075
38,0.33587,3.59926,1.05101,0,6.49222,4.64,1.09574,0.327778,0.12481,0.604075
38,0.33587,3.59926,1.05101,0,6.49222,4.64,1.09574,0.327778,0.12481,0.604075
664,0.433651,3.59914,0.959253,0,6.49222,4.64,1.09574,0.327778,0.12481,0.604075
664,0.433651,3.59914,0.959253,0,6.49222,4.64,1.09574,0.327778,0.12481,0.604075
235,0.513072,3.59901,0.83653,0,6.49222,4.64,1.09574,0.327778,0.12481,0.604075
235,0.513072,3.59901,0.83653,0,6.49222,4.64,1.09574,0.327778,0.12481,0.604075
1093,0.566263,3.59888,0.687079,0,6.49222,4.64,1.09574,0.327778,0.12481,0.604075
1093,0.566263,3.59888,0.687079,0,6.49222,4.64,1.09574,0.327778,0.12481,0.604075
60,0.603535,3.59918,0.517701,0,6.49222,4.64,1.09574,0.327778,0.12481,0.604075
1045,-0.447377,3.60186,0.70486,1,6.49222,4.64,1.09574,0.327778,0.12481,0.604075
59,-0.470568,3.60133,0.519513,1,6.49222,4.64,1.09574,0.327778,0.12481,0.604075
187,-0.373312,3.60233,0.865051,1,6.49222,4.64,1.09574,0.327778,0.12481,0.604075
1045,-0.447377,3.60186,0.70486,1,6.49222,4.64,1.09574,0.327778,0.12481,0.604075
616,-0.262544,3.60262,0.984985,1,6.49222,4.64,1.09574,0.327778,0.12481,0.604075
187,-0.373312,3.60233,0.865051,1,6.49222,4.64,1.09574,0.327778,0.12481,0.604075
16,-0.132813,3.60268,1.06036,1,6.49222,4.64,1.09574,0.327778,0.12481,0.604075
616,-0.262544,3.60262,0.984985,1,6.49222,4.64,1.09574,0.327778,0.12481,0.604075
16,-0.132813,3.60268,1.06036,1,6.49222,4.64,1.09574,0.327778,0.12481,0.604075
615,0.000885125,3.60256,1.08611,1,6.49222,4.64,1.09574,0.327778,0.12481,0.604075
615,0.000885125,3.60256,1.08611,1,6.49222,4.64,1.09574,0.327778,0.12481,0.604075
186,0.125086,3.60244,1.08308,1,6.49222,4.64,1.09574,0.327778,0.12481,0.604075
186,0.125086,3.60244,1.08308,1,6.49222,4.64,1.09574,0.327778,0.12481,0.604075
1044,0.24928,3.60256,1.08615,1,6.49222,4.64,1.09574,0.327778,0.12481,0.604075
1044,0.24928,3.60256,1.08615,1,6.49222,4.64,1.09574,0.327778,0.12481,0.604075
38,0.382931,3.60266,1.06023,1,6.49222,4.64,1.09574,0.327778,0.12481,0.604075
38,0.382931,3.60266,1.06023,1,6.49222,4.64,1.09574,0.327778,0.12481,0.604075
664,0.512636,3.6026,0.984845,1,6.49222,4.64,1.09574,0.327778,0.12481,0.604075
664,0.512636,3.6026,0.984845,1,6.49222,4.64,1.09574,0.327778,0.12481,0.604075
235,0.623442,3.60231,0.864951,1,6.49222,4.64,1.09574,0.327778,0.12481,0.604075
235,0.623442,3.60231,0.864951,1,6.49222,4.64,1.09574,0.327778,0.12481,0.604075
1093,0.697583,3.60183,0.704782,1,6.49222,4.64,1.09574,0.327778,0.12481,0.604075
1093,0.697583,3.60183,0.704782,1,6.49222,4.64,1.09574,0.327778,0.12481,0.604075
60,0.720789,3.60137,0.519457,1,6.49222,4.64,1.09574,0.327778,0.12481,0.604075
1045,-0.325186,3.6252,0.692718,0,6.99222,4.64,1.10831,0.327778,0.124827,0.616647
59,-0.364891,3.62522,0.519874,0,6.99222,4.64,1.10831,0.327778,0.124827,0.616647
187,-0.270256,3.62534,0.844608,0,6.99222,4.64,1.10831,0.327778,0.124827,0.616647
1045,-0.325186,3.6252,0.692718,0,6.99222,4.64,1.10831,0.327778,0.124827,0.616647
616,-0.188809,3.6255,0.969194,0,6.99222,4.64,1.10831,0.327778,0.124827,0.616647
187,-0.270256,3.62534,0.844608,0,6.99222,4.64,1.10831,0.327778,0.124827,0.616647
16,-0.0888209,3.62563,1.06196,0,6.99222,4.64,1.10831,0.327778,0.124827,0.616647
616,-0.188809,3.6255,0.969194,0,6.99222,4.64,1.10831,0.327778,0.124827,0.616647
16,-0.0888209,3.62563,1.06196,0,6.99222,4.64,1.10831,0.327778,0.124827,0.616647
615,0.0204126,3.62574,1.11463,0,6.99222,4.64,1.10831,0.327778,0.124827,0.616647
615,0.0204126,3.62574,1.11463,0,6.99222,4.64,1.10831,0.327778,0.124827,0.616647
186,0.125048,3.62583,1.13262,0,6.99222,4.64,1.10831,0.327778,0.124827,0.616647
186,0.125048,3.62583,1.13262,0,6.99222,4.64,1.10831,0.327778,0.124827,0.616647
1044,0.22966,3.62573,1.11465,0,6.99222,4.64,1.10831,0.327778,0.124827,0.616647
1044,0.22966,3.62573,1.11465,0,6.99222,4.64,1.10831,0.327778,0.124827,0.616647
38,0.338931,3.62563,1.062,0,6.99222,4.64,1.10831,0.327778,0.124827,0.616647
38,0.338931,3.62563,1.062,0,6.99222,4.64,1.10831,0.327778,0.124827,0.616647
664,0.438921,3.6255,0.969158,0,6.99222,4.64,1.10831,0.327778,0.124827,0.616647
664,0.438921,3.6255,0.969158,0,6.99222,4.64,1.10831,0.327778,0.124827,0.616647
235,0.520306,3.62531,0.844584,0,6.99222,4.64,1.10831,0.327778,0.124827,0.616647
235,0.520306,3.62531,0.844584,0,6.99222,4.64,1.10831,0.327778,0.124827,0.616647
1093,0.575224,3.6251,0.692715,0,6.99222,4.64,1.10831,0.327778,0.124827,0.616647
1093,0.575224,3.6251,0.692715,0,6.99222,4.64,1.10831,0.327778,0.124827,0.616647
60,0.614929,3.62529,0.519925,0,6.99222,4.64,1.10831,0.327778,0.124827,0.616647
1045,-0.462743,3.62768,0.710707,1,6.99222,4.64,1.10831,0.327778,0.124827,0.616647
59,-0.487159,3.62701,0.520784,1,6.99222,4.64,1.10831,0.327778,0.124827,0.616647
187,-0.386578,3.62826,0.874559,1,6.99222,4.64,1.10831,0.327778,0.124827,0.616647
1045,-0.462743,3.62768,0.710707,1,6.99222,4.64,1.10831,0.327778,0.124827,0.616647
616,-0.272786,3.62863,0.997027,1,6.99222,4.64,1.10831,0.327778,0.124827,0.616647
187,-0.386578,3.62826,0.874559,1,6.99222,4.64,1.10831,0.327778,0.124827,0.616647
16,-0.139683,3.62874,1.07373,1,6.99222,4.64,1.10831,0.327778,0.124827,0.616647
616,-0.272786,3.62863,0.997027,1,6.99222,4.64,1.10831,0.327778,0.124827,0.616647
16,-0.139683,3.62874,1.07373,1,6.99222,4.64,1.10831,0.327778,0.124827,0.616647
615,-0.00261308,3.62865,1.10046,1,6.99222,4.64,1.10831,0.327778,0.124827,0.616647
615,-0.00261308,3.62865,1.10046,1,6.99222,4.64,1.10831,0.327778,0.124827,0.616647
186,0.124804,3.62853,1.09824,1,6.99222,4.64,1.10831,0.327778,0.124827,0.616647
186,0.124804,3.62853,1.09824,1,6.99222,4.64,1.10831,0.327778,0.124827,0.616647
1044,0.252388,3.62864,1.09994,1,6.99222,4.64,1.10831,0.327778,0.124827,0.616647
1044,0.252388,3.62864,1.09994,1,6.99222,4.64,1.10831,0.327778,0.124827,0.616647
38,0.389601,3.62872,1.07332,1,6.99222,4.64,1.10831,0.327778,0.124827,0.616647
38,0.389601,3.62872,1.07332,1,6.99222,4.64,1.10831,0.327778,0.124827,0.616647
664,0.522891,3.6286,0.996761,1,6.99222,4.64,1.10831,0.327778,0.124827,0.616647
664,0.522891,3.6286,0.996761,1,6.99222,4.64,1.10831,0.327778,0.124827,0.616647
235,0.636854,3.62821,0.874369,1,6.99222,4.64,1.10831,0.327778,0.124827,0.616647
235,0.636854,3.62821,0.874369,1,6.99222,4.64,1.10831,0.327778,0.124827,0.616647
1093,0.713141,3.62763,0.710528,1,6.99222,4.64,1.10831,0.327778,0.124827,0.616647
1093,0.713141,3.62763,0.710528,1,6.99222,4.64,1.10831,0.327778,0.124827,0.616647
60,0.737562,3.62706,0.520613,1,6.99222,4.64,1.10831,0.327778,0.124827,0.616647
1045,-0.333855,3.65295,0.698484,0,7.49222,4.64,1.12097,0.327778,0.124829,0.629301
59,-0.375707,3.65295,0.522417,0,7.49222,4.64,1.12097,0.327778,0.124829,0.629301
187,-0.277382,3.65316,0.852852,0,7.49222,4.64,1.12097,0.327778,0.124829,0.629301
1045,-0.333855,3.65295,0.698484,0,7.49222,4.64,1.12097,0.327778,0.124829,0.629301
616,-0.193965,3.65338,0.979283,0,7.49222,4.64,1.12097,0.327778,0.124829,0.629301
187,-0.277382,3.65316,0.852852,0,7.49222,4.64,1.12097,0.327778,0.124829,0.629301
16,-0.091817,3.65354,1.07319,0,7.49222,4.64,1.12097,0.327778,0.124829,0.629301
616,-0.193965,3.65338,0.979283,0,7.49222,4.64,1.12097,0.327778,0.124829,0.629301
16,-0.091817,3.65354,1.07319,0,7.49222,4.64,1.12097,0.327778,0.124829,0.629301
615,0.0194315,3.65364,1.12645,0,7.49222,4.64,1.12097,0.327778,0.124829,0.629301
615,0.0194315,3.65364,1.12645,0,7.49222,4.64,1.12097,0.327778,0.124829,0.629301
186,0.125037,3.65372,1.14473,0,7.49222,4.64,1.12097,0.327778,0.124829,0.629301
186,0.125037,3.65372,1.14473,0,7.49222,4.64,1.12097,0.327778,0.124829,0.629301
1044,0.230665,3.65364,1.12643,0,7.49222,4.64,1.12097,0.327778,0.124829,0.629301
1044,0.230665,3.65364,1.12643,0,7.49222,4.64,1.12097,0.327778,0.124829,0.629301
38,0.341917,3.65353,1.07321,0,7.49222,4.64,1.12097,0.327778,0.124829,0.629301
38,0.341917,3.65353,1.07321,0,7.49222,4.64,1.12097,0.327778,0.124829,0.629301
664,0.444028,3.65336,0.979278,0,7.49222,4.64,1.12097,0.327778,0.124829,0.629301
664,0.444028,3.65336,0.979278,0,7.49222,4.64,1.12097,0.327778,0.124829,0.629301
235,0.527437,3.65313,0.852834,0,7.49222,4.64,1.12097,0.327778,0.124829,0.629301
235,0.527437,3.65313,0.852834,0,7.49222,4.64,1.12097,0.327778,0.124829,0.629301
1093,0.583912,3.65287,0.698477,0,7.49222,4.64,1.12097,0.327778,0.124829,0.629301
1093,0.583912,3.65287,0.698477,0,7.49222,4.64,1.12097,0.327778,0.124829,0.629301
60,0.625749,3.65302,0.522444,0,7.49222,4.64,1.12097,0.327778,0.124829,0.629301
1045,-0.481688,3.65206,0.715506,1,7.49222,4.64,1.12097,0.327778,0.124829,0.629301
59,-0.506071,3.65129,0.521011,1,7.49222,4.64,1.12097,0.327778,0.124829,0.629301
187,-0.404622,3.65273,0.883544,1,7.49222,4.64,1.12097,0.327778,0.124829,0.629301
1045,-0.481688,3.65206,0.715506,1,7.49222,4.64,1.12097,0.327778,0.124829,0.629301
616,-0.288714,3.65318,1.00946,1,7.49222,4.64,1.12097,0.327778,0.124829,0.629301
187,-0.404622,3.65273,0.883544,1,7.49222,4.64,1.12097,0.327778,0.124829,0.629301
16,-0.152627,3.65333,1.08831,1,7.49222,4.64,1.12097,0.327778,0.124829,0.629301
616,-0.288714,3.65318,1.00946,1,7.49222,4.64,1.12097,0.327778,0.124829,0.629301
16,-0.152627,3.65333,1.08831,1,7.49222,4.64,1.12097,0.327778,0.124829,0.629301
615,-0.0125045,3.65325,1.11595,1,7.49222,4.64,1.12097,0.327778,0.124829,0.629301
615,-0.0125045,3.65325,1.11595,1,7.49222,4.64,1.12097,0.327778,0.124829,0.629301
186,0.125235,3.65312,1.11347,1,7.49222,4.64,1.12097,0.327778,0.124829,0.629301
186,0.125235,3.65312,1.11347,1,7.49222,4.64,1.12097,0.327778,0.124829,0.629301
1044,0.26295,3.65325,1.11597,1,7.49222,4.64,1.12097,0.327778,0.124829,0.629301
1044,0.26295,3.65325,1.11597,1,7.49222,4.64,1.12097,0.327778,0.124829,0.629301
38,0.403053,3.65332,1.08813,1,7.49222,4.64,1.12097,0.327778,0.124829,0.629301
38,0.403053,3.65332,1.08813,1,7.49222,4.64,1.12097,0.327778,0.124829,0.629301
664,0.539109,3.65314,1.00924,1,7.49222,4.64,1.12097,0.327778,0.124829,0.629301
664,0.539109,3.65314,1.00924,1,7.49222,4.64,1.12097,0.327778,0.124829,0.629301
235,0.655035,3.65268,0.883348,1,7.49222,4.64,1.12097,0.327778,0.124829,0.629301
235,0.655035,3.65268,0.883348,1,7.49222,4.64,1.12097,0.327778,0.124829,0.629301
1093,0.732159,3.65199,0.71532,1,7.49222,4.64,1.12097,0.327778,0.124829,0.629301
1093,0.732159,3.65199,0.71532,1,7.49222,4.64,1.12097,0.327778,0.124829,0.629301
60,0.756542,3.65133,0.520858,1,7.49222,4.64,1.12097,0.327778,0.124829,0.629301
