id,x,y,z,ablated,v,bulkheadyoungs,nickdepth,nickw,nickc,bbmin
1045,-0.247451,3.42488,0.639488,0,3.49222,21.5,0.993616,0.327778,0.124845,0.501949
59,-0.265911,3.42501,0.498535,0,3.49222,21.5,0.993616,0.327778,0.124845,0.501949
187,-0.208169,3.42482,0.771002,0,3.49222,21.5,0.993616,0.327778,0.124845,0.501949
1045,-0.247451,3.42488,0.639488,0,3.49222,21.5,0.993616,0.327778,0.124845,0.501949
616,-0.145957,3.42471,0.882608,0,3.49222,21.5,0.993616,0.327778,0.124845,0.501949
187,-0.208169,3.42482,0.771002,0,3.49222,21.5,0.993616,0.327778,0.124845,0.501949
16,-0.0674687,3.42464,0.97127,0,3.49222,21.5,0.993616,0.327778,0.124845,0.501949
616,-0.145957,3.42471,0.882608,0,3.49222,21.5,0.993616,0.327778,0.124845,0.501949
16,-0.0674687,3.42464,0.97127,0,3.49222,21.5,0.993616,0.327778,0.124845,0.501949
615,0.0258373,3.42458,1.02223,0,3.49222,21.5,0.993616,0.327778,0.124845,0.501949
615,0.0258373,3.42458,1.02223,0,3.49222,21.5,0.993616,0.327778,0.124845,0.501949
186,0.125006,3.42459,1.0387,0,3.49222,21.5,0.993616,0.327778,0.124845,0.501949
186,0.125006,3.42459,1.0387,0,3.49222,21.5,0.993616,0.327778,0.124845,0.501949
1044,0.224185,3.42459,1.02225,0,3.49222,21.5,0.993616,0.327778,0.124845,0.501949
1044,0.224185,3.42459,1.02225,0,3.49222,21.5,0.993616,0.327778,0.124845,0.501949
38,0.317509,3.42462,0.971246,0,3.49222,21.5,0.993616,0.327778,0.124845,0.501949
38,0.317509,3.42462,0.971246,0,3.49222,21.5,0.993616,0.327778,0.124845,0.501949
664,0.395983,3.42471,0.882616,0,3.49222,21.5,0.993616,0.327778,0.124845,0.501949
664,0.395983,3.42471,0.882616,0,3.49222,21.5,0.993616,0.327778,0.124845,0.501949
235,0.45817,3.42487,0.771016,0,3.49222,21.5,0.993616,0.327778,0.124845,0.501949
235,0.45817,3.42487,0.771016,0,3.49222,21.5,0.993616,0.327778,0.124845,0.501949
1093,0.49744,3.42494,0.639484,0,3.49222,21.5,0.993616,0.327778,0.124845,0.501949
1093,0.49744,3.42494,0.639484,0,3.49222,21.5,0.993616,0.327778,0.124845,0.501949
60,0.51596,3.42504,0.498637,0,3.49222,21.5,0.993616,0.327778,0.124845,0.501949
1045,-0.307454,3.43986,0.654276,1,3.49222,21.5,0.993616,0.327778,0.124845,0.501949
59,-0.335496,3.43981,0.512326,1,3.49222,21.5,0.993616,0.327778,0.124845,0.501949
187,-0.24969,3.44001,0.782078,1,3.49222,21.5,0.993616,0.327778,0.124845,0.501949
1045,-0.307454,3.43986,0.654276,1,3.49222,21.5,0.993616,0.327778,0.124845,0.501949
616,-0.168127,3.44005,0.882984,1,3.49222,21.5,0.993616,0.327778,0.124845,0.501949
187,-0.24969,3.44001,0.782078,1,3.49222,21.5,0.993616,0.327778,0.124845,0.501949
16,-0.0729627,3.43983,0.955167,1,3.49222,21.5,0.993616,0.327778,0.124845,0.501949
616,-0.168127,3.44005,0.882984,1,3.49222,21.5,0.993616,0.327778,0.124845,0.501949
16,-0.0729627,3.43983,0.955167,1,3.49222,21.5,0.993616,0.327778,0.124845,0.501949
615,0.0279429,3.43957,0.985514,1,3.49222,21.5,0.993616,0.327778,0.124845,0.501949
615,0.0279429,3.43957,0.985514,1,3.49222,21.5,0.993616,0.327778,0.124845,0.501949
186,0.125014,3.43937,0.990371,1,3.49222,21.5,0.993616,0.327778,0.124845,0.501949
186,0.125014,3.43937,0.990371,1,3.49222,21.5,0.993616,0.327778,0.124845,0.501949
1044,0.222197,3.4394,0.985816,1,3.49222,21.5,0.993616,0.327778,0.124845,0.501949
1044,0.222197,3.4394,0.985816,1,3.49222,21.5,0.993616,0.327778,0.124845,0.501949
38,0.323243,3.43992,0.955484,1,3.49222,21.5,0.993616,0.327778,0.124845,0.501949
38,0.323243,3.43992,0.955484,1,3.49222,21.5,0.993616,0.327778,0.124845,0.501949
664,0.418364,3.44008,0.883176,1,3.49222,21.5,0.993616,0.327778,0.124845,0.501949
664,0.418364,3.44008,0.883176,1,3.49222,21.5,0.993616,0.327778,0.124845,0.501949
235,0.499859,3.44016,0.782272,1,3.49222,21.5,0.993616,0.327778,0.124845,0.501949
235,0.499859,3.44016,0.782272,1,3.49222,21.5,0.993616,0.327778,0.124845,0.501949
1093,0.557867,3.44004,0.654715,1,3.49222,21.5,0.993616,0.327778,0.124845,0.501949
1093,0.557867,3.44004,0.654715,1,3.49222,21.5,0.993616,0.327778,0.124845,0.501949
60,0.58517,3.43999,0.512461,1,3.49222,21.5,0.993616,0.327778,0.124845,0.501949
1045,-0.250126,3.44228,0.642915,0,3.99222,21.5,0.999009,0.327778,0.124845,0.507342
59,-0.270272,3.44281,0.499866,0,3.99222,21.5,0.999009,0.327778,0.124845,0.507342
187,-0.209902,3.44196,0.775248,0,3.99222,21.5,0.999009,0.327778,0.124845,0.507342
1045,-0.250126,3.44228,0.642915,0,3.99222,21.5,0.999009,0.327778,0.124845,0.507342
616,-0.146721,3.44186,0.887176,0,3.99222,21.5,0.999009,0.327778,0.124845,0.507342
187,-0.209902,3.44196,0.775248,0,3.99222,21.5,0.999009,0.327778,0.124845,0.507342
16,-0.0673128,3.44194,0.9756,0,3.99222,21.5,0.999009,0.327778,0.124845,0.507342
616,-0.146721,3.44186,0.887176,0,3.99222,21.5,0.999009,0.327778,0.124845,0.507342
16,-0.0673128,3.44194,0.9756,0,3.99222,21.5,0.999009,0.327778,0.124845,0.507342
615,0.0261482,3.44223,1.02629,0,3.99222,21.5,0.999009,0.327778,0.124845,0.507342
615,0.0261482,3.44223,1.02629,0,3.99222,21.5,0.999009,0.327778,0.124845,0.507342
186,0.124948,3.44259,1.0426,0,3.99222,21.5,0.999009,0.327778,0.124845,0.507342
186,0.124948,3.44259,1.0426,0,3.99222,21.5,0.999009,0.327778,0.124845,0.507342
1044,0.223751,3.44232,1.02618,0,3.99222,21.5,0.999009,0.327778,0.124845,0.507342
1044,0.223751,3.44232,1.02618,0,3.99222,21.5,0.999009,0.327778,0.124845,0.507342
38,0.317185,3.44198,0.975426,0,3.99222,21.5,0.999009,0.327778,0.124845,0.507342
38,0.317185,3.44198,0.975426,0,3.99222,21.5,0.999009,0.327778,0.124845,0.507342
664,0.396668,3.44186,0.887135,0,3.99222,21.5,0.999009,0.327778,0.124845,0.507342
664,0.396668,3.44186,0.887135,0,3.99222,21.5,0.999009,0.327778,0.124845,0.507342
235,0.459975,3.44199,0.775217,0,3.99222,21.5,0.999009,0.327778,0.124845,0.507342
235,0.459975,3.44199,0.775217,0,3.99222,21.5,0.999009,0.327778,0.124845,0.507342
1093,0.500252,3.44233,0.642887,0,3.99222,21.5,0.999009,0.327778,0.124845,0.507342
1093,0.500252,3.44233,0.642887,0,3.99222,21.5,0.999009,0.327778,0.124845,0.507342
60,0.520426,3.44299,0.499855,0,3.99222,21.5,0.999009,0.327778,0.124845,0.507342
1045,-0.326735,3.46335,0.667106,1,3.99222,21.5,0.999009,0.327778,0.124845,0.507342
59,-0.352899,3.4635,0.519663,1,3.99222,21.5,0.999009,0.327778,0.124845,0.507342
187,-0.265876,3.46313,0.797647,1,3.99222,21.5,0.999009,0.327778,0.124845,0.507342
1045,-0.326735,3.46335,0.667106,1,3.99222,21.5,0.999009,0.327778,0.124845,0.507342
616,-0.17904,3.46265,0.898675,1,3.99222,21.5,0.999009,0.327778,0.124845,0.507342
187,-0.265876,3.46313,0.797647,1,3.99222,21.5,0.999009,0.327778,0.124845,0.507342
16,-0.0782894,3.46204,0.968222,1,3.99222,21.5,0.999009,0.327778,0.124845,0.507342
616,-0.17904,3.46265,0.898675,1,3.99222,21.5,0.999009,0.327778,0.124845,0.507342
16,-0.0782894,3.46204,0.968222,1,3.99222,21.5,0.999009,0.327778,0.124845,0.507342
615,0.0269017,3.46167,0.994036,1,3.99222,21.5,0.999009,0.327778,0.124845,0.507342
615,0.0269017,3.46167,0.994036,1,3.99222,21.5,0.999009,0.327778,0.124845,0.507342
186,0.125051,3.4615,0.992645,1,3.99222,21.5,0.999009,0.327778,0.124845,0.507342
186,0.125051,3.4615,0.992645,1,3.99222,21.5,0.999009,0.327778,0.124845,0.507342
1044,0.223185,3.46159,0.993841,1,3.99222,21.5,0.999009,0.327778,0.124845,0.507342
1044,0.223185,3.46159,0.993841,1,3.99222,21.5,0.999009,0.327778,0.124845,0.507342
38,0.32826,3.46208,0.967872,1,3.99222,21.5,0.999009,0.327778,0.124845,0.507342
38,0.32826,3.46208,0.967872,1,3.99222,21.5,0.999009,0.327778,0.124845,0.507342
664,0.428887,3.46249,0.898362,1,3.99222,21.5,0.999009,0.327778,0.124845,0.507342
664,0.428887,3.46249,0.898362,1,3.99222,21.5,0.999009,0.327778,0.124845,0.507342
235,0.515966,3.46301,0.797656,1,3.99222,21.5,0.999009,0.327778,0.124845,0.507342
235,0.515966,3.46301,0.797656,1,3.99222,21.5,0.999009,0.327778,0.124845,0.507342
1093,0.576846,3.46324,0.666972,1,3.99222,21.5,0.999009,0.327778,0.124845,0.507342
1093,0.576846,3.46324,0.666972,1,3.99222,21.5,0.999009,0.327778,0.124845,0.507342
60,0.602406,3.46345,0.519535,1,3.99222,21.5,0.999009,0.327778,0.124845,0.507342
1045,-0.25452,3.46669,0.655925,0,4.49222,21.5,1.0175,0.327778,0.124835,0.52583
59,-0.275014,3.46731,0.509461,0,4.49222,21.5,1.0175,0.327778,0.124835,0.52583
187,-0.214132,3.46646,0.789993,0,4.49222,21.5,1.0175,0.327778,0.124835,0.52583
1045,-0.25452,3.46669,0.655925,0,4.49222,21.5,1.0175,0.327778,0.124835,0.52583
616,-0.149763,3.4664,0.902935,0,4.49222,21.5,1.0175,0.327778,0.124835,0.52583
187,-0.214132,3.46646,0.789993,0,4.49222,21.5,1.0175,0.327778,0.124835,0.52583
16,-0.0685126,3.46668,0.991022,0,4.49222,21.5,1.0175,0.327778,0.124835,0.52583
616,-0.149763,3.4664,0.902935,0,4.49222,21.5,1.0175,0.327778,0.124835,0.52583
16,-0.0685126,3.46668,0.991022,0,4.49222,21.5,1.0175,0.327778,0.124835,0.52583
615,0.0258904,3.46704,1.04103,0,4.49222,21.5,1.0175,0.327778,0.124835,0.52583
615,0.0258904,3.46704,1.04103,0,4.49222,21.5,1.0175,0.327778,0.124835,0.52583
186,0.124985,3.46747,1.0573,0,4.49222,21.5,1.0175,0.327778,0.124835,0.52583
186,0.124985,3.46747,1.0573,0,4.49222,21.5,1.0175,0.327778,0.124835,0.52583
1044,0.22405,3.467,1.04107,0,4.49222,21.5,1.0175,0.327778,0.124835,0.52583
1044,0.22405,3.467,1.04107,0,4.49222,21.5,1.0175,0.327778,0.124835,0.52583
38,0.318474,3.46661,0.990946,0,4.49222,21.5,1.0175,0.327778,0.124835,0.52583
38,0.318474,3.46661,0.990946,0,4.49222,21.5,1.0175,0.327778,0.124835,0.52583
664,0.399707,3.46631,0.902886,0,4.49222,21.5,1.0175,0.327778,0.124835,0.52583
664,0.399707,3.46631,0.902886,0,4.49222,21.5,1.0175,0.327778,0.124835,0.52583
235,0.464136,3.46641,0.789993,0,4.49222,21.5,1.0175,0.327778,0.124835,0.52583
235,0.464136,3.46641,0.789993,0,4.49222,21.5,1.0175,0.327778,0.124835,0.52583
1093,0.504601,3.46661,0.65593,0,4.49222,21.5,1.0175,0.327778,0.124835,0.52583
1093,0.504601,3.46661,0.65593,0,4.49222,21.5,1.0175,0.327778,0.124835,0.52583
60,0.52516,3.46743,0.50962,0,4.49222,21.5,1.0175,0.327778,0.124835,0.52583
1045,-0.348393,3.49778,0.678298,1,4.49222,21.5,1.0175,0.327778,0.124835,0.52583
59,-0.374061,3.49813,0.526005,1,4.49222,21.5,1.0175,0.327778,0.124835,0.52583
187,-0.284577,3.49747,0.811246,1,4.49222,21.5,1.0175,0.327778,0.124835,0.52583
1045,-0.348393,3.49778,0.678298,1,4.49222,21.5,1.0175,0.327778,0.124835,0.52583
616,-0.194068,3.49712,0.912944,1,4.49222,21.5,1.0175,0.327778,0.124835,0.52583
187,-0.284577,3.49747,0.811246,1,4.49222,21.5,1.0175,0.327778,0.124835,0.52583
16,-0.0893109,3.49676,0.981889,1,4.49222,21.5,1.0175,0.327778,0.124835,0.52583
616,-0.194068,3.49712,0.912944,1,4.49222,21.5,1.0175,0.327778,0.124835,0.52583
16,-0.0893109,3.49676,0.981889,1,4.49222,21.5,1.0175,0.327778,0.124835,0.52583
615,0.0206171,3.49643,1.0051,1,4.49222,21.5,1.0175,0.327778,0.124835,0.52583
615,0.0206171,3.49643,1.0051,1,4.49222,21.5,1.0175,0.327778,0.124835,0.52583
186,0.124974,3.4963,0.996349,1,4.49222,21.5,1.0175,0.327778,0.124835,0.52583
186,0.124974,3.4963,0.996349,1,4.49222,21.5,1.0175,0.327778,0.124835,0.52583
1044,0.229306,3.49645,1.00509,1,4.49222,21.5,1.0175,0.327778,0.124835,0.52583
1044,0.229306,3.49645,1.00509,1,4.49222,21.5,1.0175,0.327778,0.124835,0.52583
38,0.339197,3.49679,0.981908,1,4.49222,21.5,1.0175,0.327778,0.124835,0.52583
38,0.339197,3.49679,0.981908,1,4.49222,21.5,1.0175,0.327778,0.124835,0.52583
664,0.444075,3.49719,0.913045,1,4.49222,21.5,1.0175,0.327778,0.124835,0.52583
664,0.444075,3.49719,0.913045,1,4.49222,21.5,1.0175,0.327778,0.124835,0.52583
235,0.534572,3.4975,0.811204,1,4.49222,21.5,1.0175,0.327778,0.124835,0.52583
235,0.534572,3.4975,0.811204,1,4.49222,21.5,1.0175,0.327778,0.124835,0.52583
1093,0.598257,3.49781,0.67824,1,4.49222,21.5,1.0175,0.327778,0.124835,0.52583
1093,0.598257,3.49781,0.67824,1,4.49222,21.5,1.0175,0.327778,0.124835,0.52583
60,0.624293,3.49813,0.526058,1,4.49222,21.5,1.0175,0.327778,0.124835,0.52583
1045,-0.260668,3.50242,0.667738,0,4.99222,21.5,1.03501,0.327778,0.124865,0.54334
59,-0.281633,3.50315,0.518092,0,4.99222,21.5,1.03501,0.327778,0.124865,0.54334
187,-0.219447,3.50226,0.803381,0,4.99222,21.5,1.03501,0.327778,0.124865,0.54334
1045,-0.260668,3.50242,0.667738,0,4.99222,21.5,1.03501,0.327778,0.124865,0.54334
616,-0.153366,3.50197,0.916937,0,4.99222,21.5,1.03501,0.327778,0.124865,0.54334
187,-0.219447,3.50226,0.803381,0,4.99222,21.5,1.03501,0.327778,0.124865,0.54334
16,-0.0699711,3.50207,1.00465,0,4.99222,21.5,1.03501,0.327778,0.124865,0.54334
616,-0.153366,3.50197,0.916937,0,4.99222,21.5,1.03501,0.327778,0.124865,0.54334
16,-0.0699711,3.50207,1.00465,0,4.99222,21.5,1.03501,0.327778,0.124865,0.54334
615,0.0259266,3.50231,1.05384,0,4.99222,21.5,1.03501,0.327778,0.124865,0.54334
615,0.0259266,3.50231,1.05384,0,4.99222,21.5,1.03501,0.327778,0.124865,0.54334
186,0.125005,3.50268,1.06974,0,4.99222,21.5,1.03501,0.327778,0.124865,0.54334
186,0.125005,3.50268,1.06974,0,4.99222,21.5,1.03501,0.327778,0.124865,0.54334
1044,0.224156,3.50239,1.05378,0,4.99222,21.5,1.03501,0.327778,0.124865,0.54334
1044,0.224156,3.50239,1.05378,0,4.99222,21.5,1.03501,0.327778,0.124865,0.54334
38,0.319999,3.50223,1.0047,0,4.99222,21.5,1.03501,0.327778,0.124865,0.54334
38,0.319999,3.50223,1.0047,0,4.99222,21.5,1.03501,0.327778,0.124865,0.54334
664,0.40338,3.50205,0.91682,0,4.99222,21.5,1.03501,0.327778,0.124865,0.54334
664,0.40338,3.50205,0.91682,0,4.99222,21.5,1.03501,0.327778,0.124865,0.54334
235,0.469617,3.50208,0.803273,0,4.99222,21.5,1.03501,0.327778,0.124865,0.54334
235,0.469617,3.50208,0.803273,0,4.99222,21.5,1.03501,0.327778,0.124865,0.54334
1093,0.510813,3.50236,0.667686,0,4.99222,21.5,1.03501,0.327778,0.124865,0.54334
1093,0.510813,3.50236,0.667686,0,4.99222,21.5,1.03501,0.327778,0.124865,0.54334
60,0.531712,3.50327,0.518122,0,4.99222,21.5,1.03501,0.327778,0.124865,0.54334
1045,-0.363405,3.52872,0.689869,1,4.99222,21.5,1.03501,0.327778,0.124865,0.54334
59,-0.388927,3.52912,0.533206,1,4.99222,21.5,1.03501,0.327778,0.124865,0.54334
187,-0.297323,3.52828,0.825341,1,4.99222,21.5,1.03501,0.327778,0.124865,0.54334
1045,-0.363405,3.52872,0.689869,1,4.99222,21.5,1.03501,0.327778,0.124865,0.54334
616,-0.20351,3.52791,0.928023,1,4.99222,21.5,1.03501,0.327778,0.124865,0.54334
187,-0.297323,3.52828,0.825341,1,4.99222,21.5,1.03501,0.327778,0.124865,0.54334
16,-0.0950236,3.52759,0.996113,1,4.99222,21.5,1.03501,0.327778,0.124865,0.54334
616,-0.20351,3.52791,0.928023,1,4.99222,21.5,1.03501,0.327778,0.124865,0.54334
16,-0.0950236,3.52759,0.996113,1,4.99222,21.5,1.03501,0.327778,0.124865,0.54334
615,0.0179491,3.52737,1.0174,1,4.99222,21.5,1.03501,0.327778,0.124865,0.54334
615,0.0179491,3.52737,1.0174,1,4.99222,21.5,1.03501,0.327778,0.124865,0.54334
186,0.125253,3.52727,1.00726,1,4.99222,21.5,1.03501,0.327778,0.124865,0.54334
186,0.125253,3.52727,1.00726,1,4.99222,21.5,1.03501,0.327778,0.124865,0.54334
1044,0.232571,3.52739,1.01758,1,4.99222,21.5,1.03501,0.327778,0.124865,0.54334
1044,0.232571,3.52739,1.01758,1,4.99222,21.5,1.03501,0.327778,0.124865,0.54334
38,0.345524,3.52761,0.996133,1,4.99222,21.5,1.03501,0.327778,0.124865,0.54334
38,0.345524,3.52761,0.996133,1,4.99222,21.5,1.03501,0.327778,0.124865,0.54334
664,0.453914,3.52794,0.927974,1,4.99222,21.5,1.03501,0.327778,0.124865,0.54334
664,0.453914,3.52794,0.927974,1,4.99222,21.5,1.03501,0.327778,0.124865,0.54334
235,0.547719,3.52826,0.825251,1,4.99222,21.5,1.03501,0.327778,0.124865,0.54334
235,0.547719,3.52826,0.825251,1,4.99222,21.5,1.03501,0.327778,0.124865,0.54334
1093,0.613721,3.5287,0.689748,1,4.99222,21.5,1.03501,0.327778,0.124865,0.54334
1093,0.613721,3.5287,0.689748,1,4.99222,21.5,1.03501,0.327778,0.124865,0.54334
60,0.639459,3.5292,0.533139,1,4.99222,21.5,1.03501,0.327778,0.124865,0.54334
1045,-0.263422,3.53729,0.676336,0,5.49222,21.5,1.0481,0.327778,0.124816,0.556437
59,-0.2857,3.53798,0.523874,0,5.49222,21.5,1.0481,0.327778,0.124816,0.556437
187,-0.221544,3.5369,0.813661,0,5.49222,21.5,1.0481,0.327778,0.124816,0.556437
1045,-0.263422,3.53729,0.676336,0,5.49222,21.5,1.0481,0.327778,0.124816,0.556437
616,-0.154774,3.53657,0.928493,0,5.49222,21.5,1.0481,0.327778,0.124816,0.556437
187,-0.221544,3.5369,0.813661,0,5.49222,21.5,1.0481,0.327778,0.124816,0.556437
16,-0.0709924,3.53689,1.01745,0,5.49222,21.5,1.0481,0.327778,0.124816,0.556437
616,-0.154774,3.53657,0.928493,0,5.49222,21.5,1.0481,0.327778,0.124816,0.556437
16,-0.0709924,3.53689,1.01745,0,5.49222,21.5,1.0481,0.327778,0.124816,0.556437
615,0.025461,3.53712,1.06769,0,5.49222,21.5,1.0481,0.327778,0.124816,0.556437
615,0.025461,3.53712,1.06769,0,5.49222,21.5,1.0481,0.327778,0.124816,0.556437
186,0.124956,3.53736,1.08407,0,5.49222,21.5,1.0481,0.327778,0.124816,0.556437
186,0.124956,3.53736,1.08407,0,5.49222,21.5,1.0481,0.327778,0.124816,0.556437
1044,0.224413,3.53712,1.06772,0,5.49222,21.5,1.0481,0.327778,0.124816,0.556437
1044,0.224413,3.53712,1.06772,0,5.49222,21.5,1.0481,0.327778,0.124816,0.556437
38,0.320788,3.53675,1.01737,0,5.49222,21.5,1.0481,0.327778,0.124816,0.556437
38,0.320788,3.53675,1.01737,0,5.49222,21.5,1.0481,0.327778,0.124816,0.556437
664,0.404625,3.53661,0.928486,0,5.49222,21.5,1.0481,0.327778,0.124816,0.556437
664,0.404625,3.53661,0.928486,0,5.49222,21.5,1.0481,0.327778,0.124816,0.556437
235,0.47145,3.5368,0.813557,0,5.49222,21.5,1.0481,0.327778,0.124816,0.556437
235,0.47145,3.5368,0.813557,0,5.49222,21.5,1.0481,0.327778,0.124816,0.556437
1093,0.513535,3.53718,0.67627,0,5.49222,21.5,1.0481,0.327778,0.124816,0.556437
1093,0.513535,3.53718,0.67627,0,5.49222,21.5,1.0481,0.327778,0.124816,0.556437
60,0.53581,3.53819,0.523856,0,5.49222,21.5,1.0481,0.327778,0.124816,0.556437
1045,-0.377306,3.56471,0.699259,1,5.49222,21.5,1.0481,0.327778,0.124816,0.556437
59,-0.403611,3.56518,0.538898,1,5.49222,21.5,1.0481,0.327778,0.124816,0.556437
187,-0.30897,3.56454,0.836861,1,5.49222,21.5,1.0481,0.327778,0.124816,0.556437
1045,-0.377306,3.56471,0.699259,1,5.49222,21.5,1.0481,0.327778,0.124816,0.556437
616,-0.212123,3.5643,0.940435,1,5.49222,21.5,1.0481,0.327778,0.124816,0.556437
187,-0.30897,3.56454,0.836861,1,5.49222,21.5,1.0481,0.327778,0.124816,0.556437
16,-0.100478,3.5641,1.00804,1,5.49222,21.5,1.0481,0.327778,0.124816,0.556437
616,-0.212123,3.5643,0.940435,1,5.49222,21.5,1.0481,0.327778,0.124816,0.556437
16,-0.100478,3.5641,1.00804,1,5.49222,21.5,1.0481,0.327778,0.124816,0.556437
615,0.0150745,3.56427,1.02815,1,5.49222,21.5,1.0481,0.327778,0.124816,0.556437
615,0.0150745,3.56427,1.02815,1,5.49222,21.5,1.0481,0.327778,0.124816,0.556437
186,0.125201,3.56451,1.01749,1,5.49222,21.5,1.0481,0.327778,0.124816,0.556437
186,0.125201,3.56451,1.01749,1,5.49222,21.5,1.0481,0.327778,0.124816,0.556437
1044,0.235255,3.56436,1.02826,1,5.49222,21.5,1.0481,0.327778,0.124816,0.556437
1044,0.235255,3.56436,1.02826,1,5.49222,21.5,1.0481,0.327778,0.124816,0.556437
38,0.350791,3.56433,1.00816,1,5.49222,21.5,1.0481,0.327778,0.124816,0.556437
38,0.350791,3.56433,1.00816,1,5.49222,21.5,1.0481,0.327778,0.124816,0.556437
664,0.462371,3.56446,0.940463,1,5.49222,21.5,1.0481,0.327778,0.124816,0.556437
664,0.462371,3.56446,0.940463,1,5.49222,21.5,1.0481,0.327778,0.124816,0.556437
235,0.559155,3.56455,0.836957,1,5.49222,21.5,1.0481,0.327778,0.124816,0.556437
235,0.559155,3.56455,0.836957,1,5.49222,21.5,1.0481,0.327778,0.124816,0.556437
1093,0.627455,3.56467,0.699312,1,5.49222,21.5,1.0481,0.327778,0.124816,0.556437
1093,0.627455,3.56467,0.699312,1,5.49222,21.5,1.0481,0.327778,0.124816,0.556437
60,0.653622,3.56513,0.538976,1,5.49222,21.5,1.0481,0.327778,0.124816,0.556437
1045,-0.267375,3.57188,0.685055,0,5.99222,21.5,1.05965,0.327778,0.124837,0.567981
59,-0.291843,3.57256,0.530119,0,5.99222,21.5,1.05965,0.327778,0.124837,0.567981
187,-0.224115,3.57148,0.823568,0,5.99222,21.5,1.05965,0.327778,0.124837,0.567981
1045,-0.267375,3.57188,0.685055,0,5.99222,21.5,1.05965,0.327778,0.124837,0.567981
616,-0.156481,3.57131,0.939311,0,5.99222,21.5,1.05965,0.327778,0.124837,0.567981
187,-0.224115,3.57148,0.823568,0,5.99222,21.5,1.05965,0.327778,0.124837,0.567981
16,-0.0718763,3.57149,1.02867,0,5.99222,21.5,1.05965,0.327778,0.124837,0.567981
616,-0.156481,3.57131,0.939311,0,5.99222,21.5,1.05965,0.327778,0.124837,0.567981
16,-0.0718763,3.57149,1.02867,0,5.99222,21.5,1.05965,0.327778,0.124837,0.567981
615,0.0252336,3.57172,1.07924,0,5.99222,21.5,1.05965,0.327778,0.124837,0.567981
615,0.0252336,3.57172,1.07924,0,5.99222,21.5,1.05965,0.327778,0.124837,0.567981
186,0.125017,3.57193,1.09592,0,5.99222,21.5,1.05965,0.327778,0.124837,0.567981
186,0.125017,3.57193,1.09592,0,5.99222,21.5,1.05965,0.327778,0.124837,0.567981
1044,0.224831,3.5717,1.07919,0,5.99222,21.5,1.05965,0.327778,0.124837,0.567981
1044,0.224831,3.5717,1.07919,0,5.99222,21.5,1.05965,0.327778,0.124837,0.567981
38,0.321978,3.57149,1.02866,0,5.99222,21.5,1.05965,0.327778,0.124837,0.567981
38,0.321978,3.57149,1.02866,0,5.99222,21.5,1.05965,0.327778,0.124837,0.567981
664,0.406534,3.57129,0.939224,0,5.99222,21.5,1.05965,0.327778,0.124837,0.567981
664,0.406534,3.57129,0.939224,0,5.99222,21.5,1.05965,0.327778,0.124837,0.567981
235,0.474229,3.5714,0.823631,0,5.99222,21.5,1.05965,0.327778,0.124837,0.567981
235,0.474229,3.5714,0.823631,0,5.99222,21.5,1.05965,0.327778,0.124837,0.567981
1093,0.517383,3.57176,0.685156,0,5.99222,21.5,1.05965,0.327778,0.124837,0.567981
1093,0.517383,3.57176,0.685156,0,5.99222,21.5,1.05965,0.327778,0.124837,0.567981
60,0.541817,3.57292,0.530283,0,5.99222,21.5,1.05965,0.327778,0.124837,0.567981
1045,-0.389458,3.59146,0.70943,1,5.99222,21.5,1.05965,0.327778,0.124837,0.567981
59,-0.415956,3.59172,0.545324,1,5.99222,21.5,1.05965,0.327778,0.124837,0.567981
187,-0.319483,3.59136,0.849486,1,5.99222,21.5,1.05965,0.327778,0.124837,0.567981
1045,-0.389458,3.59146,0.70943,1,5.99222,21.5,1.05965,0.327778,0.124837,0.567981
616,-0.220288,3.59123,0.954389,1,5.99222,21.5,1.05965,0.327778,0.124837,0.567981
187,-0.319483,3.59136,0.849486,1,5.99222,21.5,1.05965,0.327778,0.124837,0.567981
16,-0.105868,3.59104,1.02195,1,5.99222,21.5,1.05965,0.327778,0.124837,0.567981
616,-0.220288,3.59123,0.954389,1,5.99222,21.5,1.05965,0.327778,0.124837,0.567981
16,-0.105868,3.59104,1.02195,1,5.99222,21.5,1.05965,0.327778,0.124837,0.567981
615,0.0121199,3.59101,1.04132,1,5.99222,21.5,1.05965,0.327778,0.124837,0.567981
615,0.0121199,3.59101,1.04132,1,5.99222,21.5,1.05965,0.327778,0.124837,0.567981
186,0.125241,3.59105,1.03057,1,5.99222,21.5,1.05965,0.327778,0.124837,0.567981
186,0.125241,3.59105,1.03057,1,5.99222,21.5,1.05965,0.327778,0.124837,0.567981
1044,0.238341,3.59105,1.04156,1,5.99222,21.5,1.05965,0.327778,0.124837,0.567981
1044,0.238341,3.59105,1.04156,1,5.99222,21.5,1.05965,0.327778,0.124837,0.567981
38,0.356379,3.59109,1.02215,1,5.99222,21.5,1.05965,0.327778,0.124837,0.567981
38,0.356379,3.59109,1.02215,1,5.99222,21.5,1.05965,0.327778,0.124837,0.567981
664,0.470729,3.59123,0.954396,1,5.99222,21.5,1.05965,0.327778,0.124837,0.567981
664,0.470729,3.59123,0.954396,1,5.99222,21.5,1.05965,0.327778,0.124837,0.567981
235,0.569821,3.59132,0.849407,1,5.99222,21.5,1.05965,0.327778,0.124837,0.567981
235,0.569821,3.59132,0.849407,1,5.99222,21.5,1.05965,0.327778,0.124837,0.567981
1093,0.639581,3.59146,0.709274,1,5.99222,21.5,1.05965,0.327778,0.124837,0.567981
1093,0.639581,3.59146,0.709274,1,5.99222,21.5,1.05965,0.327778,0.124837,0.567981
60,0.666009,3.59175,0.545207,1,5.99222,21.5,1.05965,0.327778,0.124837,0.567981
1045,-0.270537,3.6028,0.693534,0,6.49222,21.5,1.07218,0.327778,0.124811,0.580509
59,-0.296508,3.60347,0.536366,0,6.49222,21.5,1.07218,0.327778,0.124811,0.580509
187,-0.227154,3.60265,0.833248,0,6.49222,21.5,1.07218,0.327778,0.124811,0.580509
1045,-0.270537,3.6028,0.693534,0,6.49222,21.5,1.07218,0.327778,0.124811,0.580509
616,-0.15874,3.60266,0.949811,0,6.49222,21.5,1.07218,0.327778,0.124811,0.580509
187,-0.227154,3.60265,0.833248,0,6.49222,21.5,1.07218,0.327778,0.124811,0.580509
16,-0.0730135,3.60308,1.03963,0,6.49222,21.5,1.07218,0.327778,0.124811,0.580509
616,-0.15874,3.60266,0.949811,0,6.49222,21.5,1.07218,0.327778,0.124811,0.580509
16,-0.0730135,3.60308,1.03963,0,6.49222,21.5,1.07218,0.327778,0.124811,0.580509
615,0.0251778,3.60333,1.09022,0,6.49222,21.5,1.07218,0.327778,0.124811,0.580509
615,0.0251778,3.60333,1.09022,0,6.49222,21.5,1.07218,0.327778,0.124811,0.580509
186,0.12506,3.60362,1.10699,0,6.49222,21.5,1.07218,0.327778,0.124811,0.580509
186,0.12506,3.60362,1.10699,0,6.49222,21.5,1.07218,0.327778,0.124811,0.580509
1044,0.224935,3.60333,1.09009,0,6.49222,21.5,1.07218,0.327778,0.124811,0.580509
1044,0.224935,3.60333,1.09009,0,6.49222,21.5,1.07218,0.327778,0.124811,0.580509
38,0.323085,3.60304,1.03943,0,6.49222,21.5,1.07218,0.327778,0.124811,0.580509
38,0.323085,3.60304,1.03943,0,6.49222,21.5,1.07218,0.327778,0.124811,0.580509
664,0.408669,3.60265,0.949601,0,6.49222,21.5,1.07218,0.327778,0.124811,0.580509
664,0.408669,3.60265,0.949601,0,6.49222,21.5,1.07218,0.327778,0.124811,0.580509
235,0.477145,3.60267,0.833121,0,6.49222,21.5,1.07218,0.327778,0.124811,0.580509
235,0.477145,3.60267,0.833121,0,6.49222,21.5,1.07218,0.327778,0.124811,0.580509
1093,0.52062,3.60287,0.693593,0,6.49222,21.5,1.07218,0.327778,0.124811,0.580509
1093,0.52062,3.60287,0.693593,0,6.49222,21.5,1.07218,0.327778,0.124811,0.580509
60,0.54656,3.60342,0.536486,0,6.49222,21.5,1.07218,0.327778,0.124811,0.580509
1045,-0.401801,3.61986,0.717974,1,6.49222,21.5,1.07218,0.327778,0.124811,0.580509
59,-0.428856,3.62001,0.550287,1,6.49222,21.5,1.07218,0.327778,0.124811,0.580509
187,-0.33006,3.61988,0.86022,1,6.49222,21.5,1.07218,0.327778,0.124811,0.580509
1045,-0.401801,3.61986,0.717974,1,6.49222,21.5,1.07218,0.327778,0.124811,0.580509
616,-0.228258,3.6199,0.966249,1,6.49222,21.5,1.07218,0.327778,0.124811,0.580509
187,-0.33006,3.61988,0.86022,1,6.49222,21.5,1.07218,0.327778,0.124811,0.580509
16,-0.111069,3.61986,1.03369,1,6.49222,21.5,1.07218,0.327778,0.124811,0.580509
616,-0.228258,3.6199,0.966249,1,6.49222,21.5,1.07218,0.327778,0.124811,0.580509
16,-0.111069,3.61986,1.03369,1,6.49222,21.5,1.07218,0.327778,0.124811,0.580509
615,0.00921211,3.6199,1.05236,1,6.49222,21.5,1.07218,0.327778,0.124811,0.580509
615,0.00921211,3.6199,1.05236,1,6.49222,21.5,1.07218,0.327778,0.124811,0.580509
186,0.12511,3.61995,1.04178,1,6.49222,21.5,1.07218,0.327778,0.124811,0.580509
186,0.12511,3.61995,1.04178,1,6.49222,21.5,1.07218,0.327778,0.124811,0.580509
1044,0.240999,3.61985,1.05263,1,6.49222,21.5,1.07218,0.327778,0.124811,0.580509
1044,0.240999,3.61985,1.05263,1,6.49222,21.5,1.07218,0.327778,0.124811,0.580509
38,0.361277,3.61981,1.03379,1,6.49222,21.5,1.07218,0.327778,0.124811,0.580509
38,0.361277,3.61981,1.03379,1,6.49222,21.5,1.07218,0.327778,0.124811,0.580509
664,0.478442,3.61987,0.966212,1,6.49222,21.5,1.07218,0.327778,0.124811,0.580509
664,0.478442,3.61987,0.966212,1,6.49222,21.5,1.07218,0.327778,0.124811,0.580509
235,0.580083,3.61984,0.860119,1,6.49222,21.5,1.07218,0.327778,0.124811,0.580509
235,0.580083,3.61984,0.860119,1,6.49222,21.5,1.07218,0.327778,0.124811,0.580509
1093,0.651784,3.61983,0.717876,1,6.49222,21.5,1.07218,0.327778,0.124811,0.580509
1093,0.651784,3.61983,0.717876,1,6.49222,21.5,1.07218,0.327778,0.124811,0.580509
60,0.678912,3.62006,0.550304,1,6.49222,21.5,1.07218,0.327778,0.124811,0.580509
1045,-0.27538,3.62982,0.699637,0,6.99222,21.5,1.08094,0.327778,0.124824,0.58927
59,-0.30381,3.63028,0.540569,0,6.99222,21.5,1.08094,0.327778,0.124824,0.58927
187,-0.230432,3.6297,0.840379,0,6.99222,21.5,1.08094,0.327778,0.124824,0.58927
1045,-0.27538,3.62982,0.699637,0,6.99222,21.5,1.08094,0.327778,0.124824,0.58927
616,-0.160811,3.62974,0.957865,0,6.99222,21.5,1.08094,0.327778,0.124824,0.58927
187,-0.230432,3.6297,0.840379,0,6.99222,21.5,1.08094,0.327778,0.124824,0.58927
16,-0.0740484,3.63008,1.04809,0,6.99222,21.5,1.08094,0.327778,0.124824,0.58927
616,-0.160811,3.62974,0.957865,0,6.99222,21.5,1.08094,0.327778,0.124824,0.58927
16,-0.0740484,3.63008,1.04809,0,6.99222,21.5,1.08094,0.327778,0.124824,0.58927
615,0.0247053,3.63042,1.09931,0,6.99222,21.5,1.08094,0.327778,0.124824,0.58927
615,0.0247053,3.63042,1.09931,0,6.99222,21.5,1.08094,0.327778,0.124824,0.58927
186,0.12503,3.63066,1.11679,0,6.99222,21.5,1.08094,0.327778,0.124824,0.58927
186,0.12503,3.63066,1.11679,0,6.99222,21.5,1.08094,0.327778,0.124824,0.58927
1044,0.225339,3.6304,1.09928,0,6.99222,21.5,1.08094,0.327778,0.124824,0.58927
1044,0.225339,3.6304,1.09928,0,6.99222,21.5,1.08094,0.327778,0.124824,0.58927
38,0.324041,3.63011,1.04807,0,6.99222,21.5,1.08094,0.327778,0.124824,0.58927
38,0.324041,3.63011,1.04807,0,6.99222,21.5,1.08094,0.327778,0.124824,0.58927
664,0.41075,3.62975,0.957879,0,6.99222,21.5,1.08094,0.327778,0.124824,0.58927
664,0.41075,3.62975,0.957879,0,6.99222,21.5,1.08094,0.327778,0.124824,0.58927
235,0.48042,3.62964,0.840441,0,6.99222,21.5,1.08094,0.327778,0.124824,0.58927
235,0.48042,3.62964,0.840441,0,6.99222,21.5,1.08094,0.327778,0.124824,0.58927
1093,0.525329,3.62971,0.699644,0,6.99222,21.5,1.08094,0.327778,0.124824,0.58927
1093,0.525329,3.62971,0.699644,0,6.99222,21.5,1.08094,0.327778,0.124824,0.58927
60,0.553789,3.63035,0.540625,0,6.99222,21.5,1.08094,0.327778,0.124824,0.58927
1045,-0.413051,3.6465,0.725405,1,6.99222,21.5,1.08094,0.327778,0.124824,0.58927
59,-0.440531,3.64656,0.554407,1,6.99222,21.5,1.08094,0.327778,0.124824,0.58927
187,-0.340013,3.64664,0.869991,1,6.99222,21.5,1.08094,0.327778,0.124824,0.58927
1045,-0.413051,3.6465,0.725405,1,6.99222,21.5,1.08094,0.327778,0.124824,0.58927
616,-0.235997,3.64674,0.977407,1,6.99222,21.5,1.08094,0.327778,0.124824,0.58927
187,-0.340013,3.64664,0.869991,1,6.99222,21.5,1.08094,0.327778,0.124824,0.58927
16,-0.116306,3.64674,1.04501,1,6.99222,21.5,1.08094,0.327778,0.124824,0.58927
616,-0.235997,3.64674,0.977407,1,6.99222,21.5,1.08094,0.327778,0.124824,0.58927
16,-0.116306,3.64674,1.04501,1,6.99222,21.5,1.08094,0.327778,0.124824,0.58927
615,0.00623779,3.64672,1.06356,1,6.99222,21.5,1.08094,0.327778,0.124824,0.58927
615,0.00623779,3.64672,1.06356,1,6.99222,21.5,1.08094,0.327778,0.124824,0.58927
186,0.125066,3.64674,1.05315,1,6.99222,21.5,1.08094,0.327778,0.124824,0.58927
186,0.125066,3.64674,1.05315,1,6.99222,21.5,1.08094,0.327778,0.124824,0.58927
1044,0.243836,3.64675,1.06372,1,6.99222,21.5,1.08094,0.327778,0.124824,0.58927
1044,0.243836,3.64675,1.06372,1,6.99222,21.5,1.08094,0.327778,0.124824,0.58927
38,0.366371,3.64675,1.04506,1,6.99222,21.5,1.08094,0.327778,0.124824,0.58927
38,0.366371,3.64675,1.04506,1,6.99222,21.5,1.08094,0.327778,0.124824,0.58927
664,0.486005,3.64673,0.977418,1,6.99222,21.5,1.08094,0.327778,0.124824,0.58927
664,0.486005,3.64673,0.977418,1,6.99222,21.5,1.08094,0.327778,0.124824,0.58927
235,0.58993,3.64665,0.870017,1,6.99222,21.5,1.08094,0.327778,0.124824,0.58927
235,0.58993,3.64665,0.870017,1,6.99222,21.5,1.08094,0.327778,0.124824,0.58927
1093,0.662921,3.64655,0.725442,1,6.99222,21.5,1.08094,0.327778,0.124824,0.58927
1093,0.662921,3.64655,0.725442,1,6.99222,21.5,1.08094,0.327778,0.124824,0.58927
60,0.690396,3.64664,0.554482,1,6.99222,21.5,1.08094,0.327778,0.124824,0.58927
1045,-0.279206,3.65954,0.707068,0,7.49222,21.5,1.09208,0.327778,0.124843,0.600414
59,-0.309585,3.65997,0.546009,0,7.49222,21.5,1.09208,0.327778,0.124843,0.600414
187,-0.233427,3.65948,0.849079,0,7.49222,21.5,1.09208,0.327778,0.124843,0.600414
1045,-0.279206,3.65954,0.707068,0,7.49222,21.5,1.09208,0.327778,0.124843,0.600414
616,-0.162712,3.65963,0.96742,0,7.49222,21.5,1.09208,0.327778,0.124843,0.600414
187,-0.233427,3.65948,0.849079,0,7.49222,21.5,1.09208,0.327778,0.124843,0.600414
16,-0.0749352,3.65998,1.05812,0,7.49222,21.5,1.09208,0.327778,0.124843,0.600414
616,-0.162712,3.65963,0.96742,0,7.49222,21.5,1.09208,0.327778,0.124843,0.600414
16,-0.0749352,3.65998,1.05812,0,7.49222,21.5,1.09208,0.327778,0.124843,0.600414
615,0.024358,3.66043,1.10988,0,7.49222,21.5,1.09208,0.327778,0.124843,0.600414
615,0.024358,3.66043,1.10988,0,7.49222,21.5,1.09208,0.327778,0.124843,0.600414
186,0.125039,3.66074,1.12775,0,7.49222,21.5,1.09208,0.327778,0.124843,0.600414
186,0.125039,3.66074,1.12775,0,7.49222,21.5,1.09208,0.327778,0.124843,0.600414
1044,0.225733,3.6605,1.10991,0,7.49222,21.5,1.09208,0.327778,0.124843,0.600414
1044,0.225733,3.6605,1.10991,0,7.49222,21.5,1.09208,0.327778,0.124843,0.600414
38,0.325081,3.66,1.05808,0,7.49222,21.5,1.09208,0.327778,0.124843,0.600414
38,0.325081,3.66,1.05808,0,7.49222,21.5,1.09208,0.327778,0.124843,0.600414
664,0.412837,3.65958,0.967381,0,7.49222,21.5,1.09208,0.327778,0.124843,0.600414
664,0.412837,3.65958,0.967381,0,7.49222,21.5,1.09208,0.327778,0.124843,0.600414
235,0.483434,3.65945,0.849089,0,7.49222,21.5,1.09208,0.327778,0.124843,0.600414
235,0.483434,3.65945,0.849089,0,7.49222,21.5,1.09208,0.327778,0.124843,0.600414
1093,0.529207,3.65948,0.707053,0,7.49222,21.5,1.09208,0.327778,0.124843,0.600414
1093,0.529207,3.65948,0.707053,0,7.49222,21.5,1.09208,0.327778,0.124843,0.600414
60,0.559665,3.65996,0.546044,0,7.49222,21.5,1.09208,0.327778,0.124843,0.600414
1045,-0.423919,3.6725,0.733203,1,7.49222,21.5,1.09208,0.327778,0.124843,0.600414
59,-0.452113,3.67252,0.559004,1,7.49222,21.5,1.09208,0.327778,0.124843,0.600414
187,-0.34931,3.67271,0.87979,1,7.49222,21.5,1.09208,0.327778,0.124843,0.600414
1045,-0.423919,3.6725,0.733203,1,7.49222,21.5,1.09208,0.327778,0.124843,0.600414
616,-0.243167,3.67289,0.988335,1,7.49222,21.5,1.09208,0.327778,0.124843,0.600414
187,-0.34931,3.67271,0.87979,1,7.49222,21.5,1.09208,0.327778,0.124843,0.600414
16,-0.121089,3.67294,1.05611,1,7.49222,21.5,1.09208,0.327778,0.124843,0.600414
616,-0.243167,3.67289,0.988335,1,7.49222,21.5,1.09208,0.327778,0.124843,0.600414
16,-0.121089,3.67294,1.05611,1,7.49222,21.5,1.09208,0.327778,0.124843,0.600414
615,0.00362186,3.67298,1.07453,1,7.49222,21.5,1.09208,0.327778,0.124843,0.600414
615,0.00362186,3.67298,1.07453,1,7.49222,21.5,1.09208,0.327778,0.124843,0.600414
186,0.125176,3.67301,1.06453,1,7.49222,21.5,1.09208,0.327778,0.124843,0.600414
186,0.125176,3.67301,1.06453,1,7.49222,21.5,1.09208,0.327778,0.124843,0.600414
1044,0.246631,3.67299,1.07465,1,7.49222,21.5,1.09208,0.327778,0.124843,0.600414
1044,0.246631,3.67299,1.07465,1,7.49222,21.5,1.09208,0.327778,0.124843,0.600414
38,0.371278,3.67297,1.05621,1,7.49222,21.5,1.09208,0.327778,0.124843,0.600414
38,0.371278,3.67297,1.05621,1,7.49222,21.5,1.09208,0.327778,0.124843,0.600414
664,0.493293,3.67292,0.988393,1,7.49222,21.5,1.09208,0.327778,0.124843,0.600414
664,0.493293,3.67292,0.988393,1,7.49222,21.5,1.09208,0.327778,0.124843,0.600414
235,0.599386,3.67273,0.879766,1,7.49222,21.5,1.09208,0.327778,0.124843,0.600414
235,0.599386,3.67273,0.879766,1,7.49222,21.5,1.09208,0.327778,0.124843,0.600414
1093,0.673859,3.67255,0.733129,1,7.49222,21.5,1.09208,0.327778,0.124843,0.600414
1093,0.673859,3.67255,0.733129,1,7.49222,21.5,1.09208,0.327778,0.124843,0.600414
60,0.702033,3.6726,0.559081,1,7.49222,21.5,1.09208,0.327778,0.124843,0.600414
