id,x,y,z,ablated,v,bulkheadyoungs,nickdepth,nickw,nickc,bbmin
1045,-0.245686,3.42408,0.639402,0,3.49222,100,0.992656,0.327778,0.124845,0.500989
59,-0.26362,3.4241,0.499756,0,3.49222,100,0.992656,0.327778,0.124845,0.500989
187,-0.206992,3.42399,0.770656,0,3.49222,100,0.992656,0.327778,0.124845,0.500989
1045,-0.245686,3.42408,0.639402,0,3.49222,100,0.992656,0.327778,0.124845,0.500989
616,-0.145226,3.42379,0.882191,0,3.49222,100,0.992656,0.327778,0.124845,0.500989
187,-0.206992,3.42399,0.770656,0,3.49222,100,0.992656,0.327778,0.124845,0.500989
16,-0.0672333,3.42363,0.970908,0,3.49222,100,0.992656,0.327778,0.124845,0.500989
616,-0.145226,3.42379,0.882191,0,3.49222,100,0.992656,0.327778,0.124845,0.500989
16,-0.0672333,3.42363,0.970908,0,3.49222,100,0.992656,0.327778,0.124845,0.500989
615,0.0258804,3.4234,1.02207,0,3.49222,100,0.992656,0.327778,0.124845,0.500989
615,0.0258804,3.4234,1.02207,0,3.49222,100,0.992656,0.327778,0.124845,0.500989
186,0.125003,3.42338,1.03862,0,3.49222,100,0.992656,0.327778,0.124845,0.500989
186,0.125003,3.42338,1.03862,0,3.49222,100,0.992656,0.327778,0.124845,0.500989
1044,0.224137,3.42342,1.02206,0,3.49222,100,0.992656,0.327778,0.124845,0.500989
1044,0.224137,3.42342,1.02206,0,3.49222,100,0.992656,0.327778,0.124845,0.500989
38,0.317248,3.42352,0.97092,0,3.49222,100,0.992656,0.327778,0.124845,0.500989
38,0.317248,3.42352,0.97092,0,3.49222,100,0.992656,0.327778,0.124845,0.500989
664,0.395229,3.42374,0.882201,0,3.49222,100,0.992656,0.327778,0.124845,0.500989
664,0.395229,3.42374,0.882201,0,3.49222,100,0.992656,0.327778,0.124845,0.500989
235,0.456986,3.42392,0.770676,0,3.49222,100,0.992656,0.327778,0.124845,0.500989
235,0.456986,3.42392,0.770676,0,3.49222,100,0.992656,0.327778,0.124845,0.500989
1093,0.495694,3.42401,0.639423,0,3.49222,100,0.992656,0.327778,0.124845,0.500989
1093,0.495694,3.42401,0.639423,0,3.49222,100,0.992656,0.327778,0.124845,0.500989
60,0.513614,3.42399,0.499771,0,3.49222,100,0.992656,0.327778,0.124845,0.500989
1045,-0.289163,3.42902,0.658854,1,3.49222,100,0.992656,0.327778,0.124845,0.500989
59,-0.321489,3.42953,0.520766,1,3.49222,100,0.992656,0.327778,0.124845,0.500989
187,-0.235086,3.42833,0.78539,1,3.49222,100,0.992656,0.327778,0.124845,0.500989
1045,-0.289163,3.42902,0.658854,1,3.49222,100,0.992656,0.327778,0.124845,0.500989
616,-0.159837,3.42803,0.88901,1,3.49222,100,0.992656,0.327778,0.124845,0.500989
187,-0.235086,3.42833,0.78539,1,3.49222,100,0.992656,0.327778,0.124845,0.500989
16,-0.0707917,3.42694,0.967332,1,3.49222,100,0.992656,0.327778,0.124845,0.500989
616,-0.159837,3.42803,0.88901,1,3.49222,100,0.992656,0.327778,0.124845,0.500989
16,-0.0707917,3.42694,0.967332,1,3.49222,100,0.992656,0.327778,0.124845,0.500989
615,0.0280398,3.42872,1.00356,1,3.49222,100,0.992656,0.327778,0.124845,0.500989
615,0.0280398,3.42872,1.00356,1,3.49222,100,0.992656,0.327778,0.124845,0.500989
186,0.124986,3.42638,1.01186,1,3.49222,100,0.992656,0.327778,0.124845,0.500989
186,0.124986,3.42638,1.01186,1,3.49222,100,0.992656,0.327778,0.124845,0.500989
1044,0.221932,3.42867,1.00361,1,3.49222,100,0.992656,0.327778,0.124845,0.500989
1044,0.221932,3.42867,1.00361,1,3.49222,100,0.992656,0.327778,0.124845,0.500989
38,0.320747,3.42685,0.967297,1,3.49222,100,0.992656,0.327778,0.124845,0.500989
38,0.320747,3.42685,0.967297,1,3.49222,100,0.992656,0.327778,0.124845,0.500989
664,0.409786,3.42789,0.88898,1,3.49222,100,0.992656,0.327778,0.124845,0.500989
664,0.409786,3.42789,0.88898,1,3.49222,100,0.992656,0.327778,0.124845,0.500989
235,0.484938,3.42839,0.785332,1,3.49222,100,0.992656,0.327778,0.124845,0.500989
235,0.484938,3.42839,0.785332,1,3.49222,100,0.992656,0.327778,0.124845,0.500989
1093,0.539016,3.42896,0.658806,1,3.49222,100,0.992656,0.327778,0.124845,0.500989
1093,0.539016,3.42896,0.658806,1,3.49222,100,0.992656,0.327778,0.124845,0.500989
60,0.571178,3.42947,0.520681,1,3.49222,100,0.992656,0.327778,0.124845,0.500989
1045,-0.246794,3.42776,0.640857,0,3.99222,100,0.993299,0.327778,0.124852,0.501632
59,-0.266054,3.42775,0.500634,0,3.99222,100,0.993299,0.327778,0.124852,0.501632
187,-0.20746,3.42768,0.771746,0,3.99222,100,0.993299,0.327778,0.124852,0.501632
1045,-0.246794,3.42776,0.640857,0,3.99222,100,0.993299,0.327778,0.124852,0.501632
616,-0.145302,3.42743,0.883157,0,3.99222,100,0.993299,0.327778,0.124852,0.501632
187,-0.20746,3.42768,0.771746,0,3.99222,100,0.993299,0.327778,0.124852,0.501632
16,-0.0669813,3.42722,0.971605,0,3.99222,100,0.993299,0.327778,0.124852,0.501632
616,-0.145302,3.42743,0.883157,0,3.99222,100,0.993299,0.327778,0.124852,0.501632
16,-0.0669813,3.42722,0.971605,0,3.99222,100,0.993299,0.327778,0.124852,0.501632
615,0.0261481,3.42741,1.0224,0,3.99222,100,0.993299,0.327778,0.124852,0.501632
615,0.0261481,3.42741,1.0224,0,3.99222,100,0.993299,0.327778,0.124852,0.501632
186,0.124973,3.42765,1.03879,0,3.99222,100,0.993299,0.327778,0.124852,0.501632
186,0.124973,3.42765,1.03879,0,3.99222,100,0.993299,0.327778,0.124852,0.501632
1044,0.223903,3.42735,1.02247,0,3.99222,100,0.993299,0.327778,0.124852,0.501632
1044,0.223903,3.42735,1.02247,0,3.99222,100,0.993299,0.327778,0.124852,0.501632
38,0.316975,3.42738,0.971575,0,3.99222,100,0.993299,0.327778,0.124852,0.501632
38,0.316975,3.42738,0.971575,0,3.99222,100,0.993299,0.327778,0.124852,0.501632
664,0.395324,3.42748,0.883155,0,3.99222,100,0.993299,0.327778,0.124852,0.501632
664,0.395324,3.42748,0.883155,0,3.99222,100,0.993299,0.327778,0.124852,0.501632
235,0.457461,3.4276,0.771862,0,3.99222,100,0.993299,0.327778,0.124852,0.501632
235,0.457461,3.4276,0.771862,0,3.99222,100,0.993299,0.327778,0.124852,0.501632
1093,0.496807,3.42781,0.640985,0,3.99222,100,0.993299,0.327778,0.124852,0.501632
1093,0.496807,3.42781,0.640985,0,3.99222,100,0.993299,0.327778,0.124852,0.501632
60,0.516139,3.42789,0.500887,0,3.99222,100,0.993299,0.327778,0.124852,0.501632
1045,-0.313671,3.44565,0.677578,1,3.99222,100,0.993299,0.327778,0.124852,0.501632
59,-0.345569,3.44626,0.536858,1,3.99222,100,0.993299,0.327778,0.124852,0.501632
187,-0.253202,3.44496,0.803957,1,3.99222,100,0.993299,0.327778,0.124852,0.501632
1045,-0.313671,3.44565,0.677578,1,3.99222,100,0.993299,0.327778,0.124852,0.501632
616,-0.169627,3.44447,0.903063,1,3.99222,100,0.993299,0.327778,0.124852,0.501632
187,-0.253202,3.44496,0.803957,1,3.99222,100,0.993299,0.327778,0.124852,0.501632
16,-0.0726631,3.44445,0.97278,1,3.99222,100,0.993299,0.327778,0.124852,0.501632
616,-0.169627,3.44447,0.903063,1,3.99222,100,0.993299,0.327778,0.124852,0.501632
16,-0.0726631,3.44445,0.97278,1,3.99222,100,0.993299,0.327778,0.124852,0.501632
615,0.0294242,3.44664,0.999183,1,3.99222,100,0.993299,0.327778,0.124852,0.501632
615,0.0294242,3.44664,0.999183,1,3.99222,100,0.993299,0.327778,0.124852,0.501632
186,0.125095,3.44119,1.0022,1,3.99222,100,0.993299,0.327778,0.124852,0.501632
186,0.125095,3.44119,1.0022,1,3.99222,100,0.993299,0.327778,0.124852,0.501632
1044,0.220869,3.44618,0.99973,1,3.99222,100,0.993299,0.327778,0.124852,0.501632
1044,0.220869,3.44618,0.99973,1,3.99222,100,0.993299,0.327778,0.124852,0.501632
38,0.323019,3.44429,0.97306,1,3.99222,100,0.993299,0.327778,0.124852,0.501632
38,0.323019,3.44429,0.97306,1,3.99222,100,0.993299,0.327778,0.124852,0.501632
664,0.419711,3.44453,0.903042,1,3.99222,100,0.993299,0.327778,0.124852,0.501632
664,0.419711,3.44453,0.903042,1,3.99222,100,0.993299,0.327778,0.124852,0.501632
235,0.503117,3.44544,0.803882,1,3.99222,100,0.993299,0.327778,0.124852,0.501632
235,0.503117,3.44544,0.803882,1,3.99222,100,0.993299,0.327778,0.124852,0.501632
1093,0.563647,3.4463,0.677424,1,3.99222,100,0.993299,0.327778,0.124852,0.501632
1093,0.563647,3.4463,0.677424,1,3.99222,100,0.993299,0.327778,0.124852,0.501632
60,0.595742,3.4465,0.536697,1,3.99222,100,0.993299,0.327778,0.124852,0.501632
1045,-0.247773,3.44215,0.649376,0,4.49222,100,1.00296,0.327778,0.124849,0.511292
59,-0.26725,3.44269,0.508341,0,4.49222,100,1.00296,0.327778,0.124849,0.511292
187,-0.207843,3.44206,0.780845,0,4.49222,100,1.00296,0.327778,0.124849,0.511292
1045,-0.247773,3.44215,0.649376,0,4.49222,100,1.00296,0.327778,0.124849,0.511292
616,-0.145231,3.44247,0.891974,0,4.49222,100,1.00296,0.327778,0.124849,0.511292
187,-0.207843,3.44206,0.780845,0,4.49222,100,1.00296,0.327778,0.124849,0.511292
16,-0.0668842,3.44342,0.980299,0,4.49222,100,1.00296,0.327778,0.124849,0.511292
616,-0.145231,3.44247,0.891974,0,4.49222,100,1.00296,0.327778,0.124849,0.511292
16,-0.0668842,3.44342,0.980299,0,4.49222,100,1.00296,0.327778,0.124849,0.511292
615,0.0262128,3.44415,1.03137,0,4.49222,100,1.00296,0.327778,0.124849,0.511292
615,0.0262128,3.44415,1.03137,0,4.49222,100,1.00296,0.327778,0.124849,0.511292
186,0.125016,3.44475,1.04803,0,4.49222,100,1.00296,0.327778,0.124849,0.511292
186,0.125016,3.44475,1.04803,0,4.49222,100,1.00296,0.327778,0.124849,0.511292
1044,0.223936,3.44412,1.03138,0,4.49222,100,1.00296,0.327778,0.124849,0.511292
1044,0.223936,3.44412,1.03138,0,4.49222,100,1.00296,0.327778,0.124849,0.511292
38,0.316954,3.44333,0.980365,0,4.49222,100,1.00296,0.327778,0.124849,0.511292
38,0.316954,3.44333,0.980365,0,4.49222,100,1.00296,0.327778,0.124849,0.511292
664,0.395342,3.44269,0.892099,0,4.49222,100,1.00296,0.327778,0.124849,0.511292
664,0.395342,3.44269,0.892099,0,4.49222,100,1.00296,0.327778,0.124849,0.511292
235,0.457811,3.44215,0.780834,0,4.49222,100,1.00296,0.327778,0.124849,0.511292
235,0.457811,3.44215,0.780834,0,4.49222,100,1.00296,0.327778,0.124849,0.511292
1093,0.497763,3.44229,0.649456,0,4.49222,100,1.00296,0.327778,0.124849,0.511292
1093,0.497763,3.44229,0.649456,0,4.49222,100,1.00296,0.327778,0.124849,0.511292
60,0.517357,3.44261,0.508451,0,4.49222,100,1.00296,0.327778,0.124849,0.511292
1045,-0.332963,3.48573,0.69155,1,4.49222,100,1.00296,0.327778,0.124849,0.511292
59,-0.365225,3.48646,0.547861,1,4.49222,100,1.00296,0.327778,0.124849,0.511292
187,-0.266567,3.48548,0.816875,1,4.49222,100,1.00296,0.327778,0.124849,0.511292
1045,-0.332963,3.48573,0.69155,1,4.49222,100,1.00296,0.327778,0.124849,0.511292
616,-0.175952,3.48531,0.911567,1,4.49222,100,1.00296,0.327778,0.124849,0.511292
187,-0.266567,3.48548,0.816875,1,4.49222,100,1.00296,0.327778,0.124849,0.511292
16,-0.0735816,3.48423,0.974735,1,4.49222,100,1.00296,0.327778,0.124849,0.511292
616,-0.175952,3.48531,0.911567,1,4.49222,100,1.00296,0.327778,0.124849,0.511292
16,-0.0735816,3.48423,0.974735,1,4.49222,100,1.00296,0.327778,0.124849,0.511292
615,0.0304544,3.479,0.994672,1,4.49222,100,1.00296,0.327778,0.124849,0.511292
615,0.0304544,3.479,0.994672,1,4.49222,100,1.00296,0.327778,0.124849,0.511292
186,0.125405,3.4864,0.991827,1,4.49222,100,1.00296,0.327778,0.124849,0.511292
186,0.125405,3.4864,0.991827,1,4.49222,100,1.00296,0.327778,0.124849,0.511292
1044,0.220205,3.47796,0.995355,1,4.49222,100,1.00296,0.327778,0.124849,0.511292
1044,0.220205,3.47796,0.995355,1,4.49222,100,1.00296,0.327778,0.124849,0.511292
38,0.324304,3.48448,0.974658,1,4.49222,100,1.00296,0.327778,0.124849,0.511292
38,0.324304,3.48448,0.974658,1,4.49222,100,1.00296,0.327778,0.124849,0.511292
664,0.426527,3.48472,0.911521,1,4.49222,100,1.00296,0.327778,0.124849,0.511292
664,0.426527,3.48472,0.911521,1,4.49222,100,1.00296,0.327778,0.124849,0.511292
235,0.517267,3.48536,0.81701,1,4.49222,100,1.00296,0.327778,0.124849,0.511292
235,0.517267,3.48536,0.81701,1,4.49222,100,1.00296,0.327778,0.124849,0.511292
1093,0.583751,3.48558,0.691306,1,4.49222,100,1.00296,0.327778,0.124849,0.511292
1093,0.583751,3.48558,0.691306,1,4.49222,100,1.00296,0.327778,0.124849,0.511292
60,0.61595,3.48528,0.547711,1,4.49222,100,1.00296,0.327778,0.124849,0.511292
1045,-0.247924,3.4771,0.658823,0,4.99222,100,1.01546,0.327778,0.124779,0.523789
59,-0.266626,3.47763,0.516264,0,4.99222,100,1.01546,0.327778,0.124779,0.523789
187,-0.208398,3.47702,0.790939,0,4.99222,100,1.01546,0.327778,0.124779,0.523789
1045,-0.247924,3.4771,0.658823,0,4.99222,100,1.01546,0.327778,0.124779,0.523789
616,-0.145815,3.47776,0.902901,0,4.99222,100,1.01546,0.327778,0.124779,0.523789
187,-0.208398,3.47702,0.790939,0,4.99222,100,1.01546,0.327778,0.124779,0.523789
16,-0.0670789,3.4793,0.991431,0,4.99222,100,1.01546,0.327778,0.124779,0.523789
616,-0.145815,3.47776,0.902901,0,4.99222,100,1.01546,0.327778,0.124779,0.523789
16,-0.0670789,3.4793,0.991431,0,4.99222,100,1.01546,0.327778,0.124779,0.523789
615,0.0261381,3.47984,1.04244,0,4.99222,100,1.01546,0.327778,0.124779,0.523789
615,0.0261381,3.47984,1.04244,0,4.99222,100,1.01546,0.327778,0.124779,0.523789
186,0.125045,3.4807,1.05894,0,4.99222,100,1.01546,0.327778,0.124779,0.523789
186,0.125045,3.4807,1.05894,0,4.99222,100,1.01546,0.327778,0.124779,0.523789
1044,0.223852,3.48033,1.04243,0,4.99222,100,1.01546,0.327778,0.124779,0.523789
1044,0.223852,3.48033,1.04243,0,4.99222,100,1.01546,0.327778,0.124779,0.523789
38,0.317135,3.47914,0.991343,0,4.99222,100,1.01546,0.327778,0.124779,0.523789
38,0.317135,3.47914,0.991343,0,4.99222,100,1.01546,0.327778,0.124779,0.523789
664,0.395773,3.47785,0.902707,0,4.99222,100,1.01546,0.327778,0.124779,0.523789
664,0.395773,3.47785,0.902707,0,4.99222,100,1.01546,0.327778,0.124779,0.523789
235,0.458254,3.47696,0.790787,0,4.99222,100,1.01546,0.327778,0.124779,0.523789
235,0.458254,3.47696,0.790787,0,4.99222,100,1.01546,0.327778,0.124779,0.523789
1093,0.497755,3.47695,0.658664,0,4.99222,100,1.01546,0.327778,0.124779,0.523789
1093,0.497755,3.47695,0.658664,0,4.99222,100,1.01546,0.327778,0.124779,0.523789
60,0.516403,3.47772,0.516104,0,4.99222,100,1.01546,0.327778,0.124779,0.523789
1045,-0.339976,3.52575,0.697027,1,4.99222,100,1.01546,0.327778,0.124779,0.523789
59,-0.36959,3.52501,0.551139,1,4.99222,100,1.01546,0.327778,0.124779,0.523789
187,-0.271496,3.52656,0.822604,1,4.99222,100,1.01546,0.327778,0.124779,0.523789
1045,-0.339976,3.52575,0.697027,1,4.99222,100,1.01546,0.327778,0.124779,0.523789
616,-0.179124,3.52668,0.916706,1,4.99222,100,1.01546,0.327778,0.124779,0.523789
187,-0.271496,3.52656,0.822604,1,4.99222,100,1.01546,0.327778,0.124779,0.523789
16,-0.0758738,3.52559,0.979844,1,4.99222,100,1.01546,0.327778,0.124779,0.523789
616,-0.179124,3.52668,0.916706,1,4.99222,100,1.01546,0.327778,0.124779,0.523789
16,-0.0758738,3.52559,0.979844,1,4.99222,100,1.01546,0.327778,0.124779,0.523789
615,0.0293777,3.52264,0.999573,1,4.99222,100,1.01546,0.327778,0.124779,0.523789
615,0.0293777,3.52264,0.999573,1,4.99222,100,1.01546,0.327778,0.124779,0.523789
186,0.124898,3.52578,0.996691,1,4.99222,100,1.01546,0.327778,0.124779,0.523789
186,0.124898,3.52578,0.996691,1,4.99222,100,1.01546,0.327778,0.124779,0.523789
1044,0.220685,3.52306,1.00037,1,4.99222,100,1.01546,0.327778,0.124779,0.523789
1044,0.220685,3.52306,1.00037,1,4.99222,100,1.01546,0.327778,0.124779,0.523789
38,0.325917,3.5269,0.9805,1,4.99222,100,1.01546,0.327778,0.124779,0.523789
38,0.325917,3.5269,0.9805,1,4.99222,100,1.01546,0.327778,0.124779,0.523789
664,0.429355,3.52713,0.917345,1,4.99222,100,1.01546,0.327778,0.124779,0.523789
664,0.429355,3.52713,0.917345,1,4.99222,100,1.01546,0.327778,0.124779,0.523789
235,0.521807,3.52671,0.823406,1,4.99222,100,1.01546,0.327778,0.124779,0.523789
235,0.521807,3.52671,0.823406,1,4.99222,100,1.01546,0.327778,0.124779,0.523789
1093,0.589949,3.52598,0.697728,1,4.99222,100,1.01546,0.327778,0.124779,0.523789
1093,0.589949,3.52598,0.697728,1,4.99222,100,1.01546,0.327778,0.124779,0.523789
60,0.620372,3.52522,0.551913,1,4.99222,100,1.01546,0.327778,0.124779,0.523789
1045,-0.249962,3.52227,0.668117,0,5.49222,100,1.0261,0.327778,0.124821,0.53443
59,-0.268881,3.52307,0.524286,0,5.49222,100,1.0261,0.327778,0.124821,0.53443
187,-0.20996,3.52243,0.800917,0,5.49222,100,1.0261,0.327778,0.124821,0.53443
1045,-0.249962,3.52227,0.668117,0,5.49222,100,1.0261,0.327778,0.124821,0.53443
616,-0.146682,3.52251,0.913074,0,5.49222,100,1.0261,0.327778,0.124821,0.53443
187,-0.20996,3.52243,0.800917,0,5.49222,100,1.0261,0.327778,0.124821,0.53443
16,-0.0677377,3.52174,1.00183,0,5.49222,100,1.0261,0.327778,0.124821,0.53443
616,-0.146682,3.52251,0.913074,0,5.49222,100,1.0261,0.327778,0.124821,0.53443
16,-0.0677377,3.52174,1.00183,0,5.49222,100,1.0261,0.327778,0.124821,0.53443
615,0.0259669,3.52193,1.05285,0,5.49222,100,1.0261,0.327778,0.124821,0.53443
615,0.0259669,3.52193,1.05285,0,5.49222,100,1.0261,0.327778,0.124821,0.53443
186,0.125063,3.52188,1.06954,0,5.49222,100,1.0261,0.327778,0.124821,0.53443
186,0.125063,3.52188,1.06954,0,5.49222,100,1.0261,0.327778,0.124821,0.53443
1044,0.224218,3.52181,1.05288,0,5.49222,100,1.0261,0.327778,0.124821,0.53443
1044,0.224218,3.52181,1.05288,0,5.49222,100,1.0261,0.327778,0.124821,0.53443
38,0.317768,3.52205,1.00184,0,5.49222,100,1.0261,0.327778,0.124821,0.53443
38,0.317768,3.52205,1.00184,0,5.49222,100,1.0261,0.327778,0.124821,0.53443
664,0.396719,3.52254,0.913113,0,5.49222,100,1.0261,0.327778,0.124821,0.53443
664,0.396719,3.52254,0.913113,0,5.49222,100,1.0261,0.327778,0.124821,0.53443
235,0.459997,3.52235,0.801035,0,5.49222,100,1.0261,0.327778,0.124821,0.53443
235,0.459997,3.52235,0.801035,0,5.49222,100,1.0261,0.327778,0.124821,0.53443
1093,0.499827,3.52218,0.668275,0,5.49222,100,1.0261,0.327778,0.124821,0.53443
1093,0.499827,3.52218,0.668275,0,5.49222,100,1.0261,0.327778,0.124821,0.53443
60,0.519021,3.52316,0.524752,0,5.49222,100,1.0261,0.327778,0.124821,0.53443
1045,-0.342889,3.55325,0.706224,1,5.49222,100,1.0261,0.327778,0.124821,0.53443
59,-0.375111,3.55363,0.558619,1,5.49222,100,1.0261,0.327778,0.124821,0.53443
187,-0.274262,3.55277,0.833304,1,5.49222,100,1.0261,0.327778,0.124821,0.53443
1045,-0.342889,3.55325,0.706224,1,5.49222,100,1.0261,0.327778,0.124821,0.53443
616,-0.182301,3.55186,0.929474,1,5.49222,100,1.0261,0.327778,0.124821,0.53443
187,-0.274262,3.55277,0.833304,1,5.49222,100,1.0261,0.327778,0.124821,0.53443
16,-0.0785322,3.55089,0.994388,1,5.49222,100,1.0261,0.327778,0.124821,0.53443
616,-0.182301,3.55186,0.929474,1,5.49222,100,1.0261,0.327778,0.124821,0.53443
16,-0.0785322,3.55089,0.994388,1,5.49222,100,1.0261,0.327778,0.124821,0.53443
615,0.0280146,3.54935,1.01521,1,5.49222,100,1.0261,0.327778,0.124821,0.53443
615,0.0280146,3.54935,1.01521,1,5.49222,100,1.0261,0.327778,0.124821,0.53443
186,0.124775,3.55033,1.01108,1,5.49222,100,1.0261,0.327778,0.124821,0.53443
186,0.124775,3.55033,1.01108,1,5.49222,100,1.0261,0.327778,0.124821,0.53443
1044,0.221624,3.54936,1.01573,1,5.49222,100,1.0261,0.327778,0.124821,0.53443
1044,0.221624,3.54936,1.01573,1,5.49222,100,1.0261,0.327778,0.124821,0.53443
38,0.3283,3.55083,0.994906,1,5.49222,100,1.0261,0.327778,0.124821,0.53443
38,0.3283,3.55083,0.994906,1,5.49222,100,1.0261,0.327778,0.124821,0.53443
664,0.432046,3.55195,0.929876,1,5.49222,100,1.0261,0.327778,0.124821,0.53443
664,0.432046,3.55195,0.929876,1,5.49222,100,1.0261,0.327778,0.124821,0.53443
235,0.52412,3.55275,0.833801,1,5.49222,100,1.0261,0.327778,0.124821,0.53443
235,0.52412,3.55275,0.833801,1,5.49222,100,1.0261,0.327778,0.124821,0.53443
1093,0.592656,3.55286,0.706696,1,5.49222,100,1.0261,0.327778,0.124821,0.53443
1093,0.592656,3.55286,0.706696,1,5.49222,100,1.0261,0.327778,0.124821,0.53443
60,0.625337,3.5538,0.559181,1,5.49222,100,1.0261,0.327778,0.124821,0.53443
1045,-0.251516,3.55167,0.677188,0,5.99222,100,1.03908,0.327778,0.124844,0.547411
59,-0.270983,3.55243,0.532245,0,5.99222,100,1.03908,0.327778,0.124844,0.547411
187,-0.211289,3.55059,0.810551,0,5.99222,100,1.03908,0.327778,0.124844,0.547411
1045,-0.251516,3.55167,0.677188,0,5.99222,100,1.03908,0.327778,0.124844,0.547411
616,-0.147448,3.55003,0.923001,0,5.99222,100,1.03908,0.327778,0.124844,0.547411
187,-0.211289,3.55059,0.810551,0,5.99222,100,1.03908,0.327778,0.124844,0.547411
16,-0.0677576,3.54979,1.01183,0,5.99222,100,1.03908,0.327778,0.124844,0.547411
616,-0.147448,3.55003,0.923001,0,5.99222,100,1.03908,0.327778,0.124844,0.547411
16,-0.0677576,3.54979,1.01183,0,5.99222,100,1.03908,0.327778,0.124844,0.547411
615,0.0261467,3.54964,1.06272,0,5.99222,100,1.03908,0.327778,0.124844,0.547411
615,0.0261467,3.54964,1.06272,0,5.99222,100,1.03908,0.327778,0.124844,0.547411
186,0.125112,3.54949,1.07936,0,5.99222,100,1.03908,0.327778,0.124844,0.547411
186,0.125112,3.54949,1.07936,0,5.99222,100,1.03908,0.327778,0.124844,0.547411
1044,0.223991,3.54991,1.06271,0,5.99222,100,1.03908,0.327778,0.124844,0.547411
1044,0.223991,3.54991,1.06271,0,5.99222,100,1.03908,0.327778,0.124844,0.547411
38,0.318035,3.54971,1.01194,0,5.99222,100,1.03908,0.327778,0.124844,0.547411
38,0.318035,3.54971,1.01194,0,5.99222,100,1.03908,0.327778,0.124844,0.547411
664,0.397652,3.54979,0.923189,0,5.99222,100,1.03908,0.327778,0.124844,0.547411
664,0.397652,3.54979,0.923189,0,5.99222,100,1.03908,0.327778,0.124844,0.547411
235,0.461248,3.55067,0.810657,0,5.99222,100,1.03908,0.327778,0.124844,0.547411
235,0.461248,3.55067,0.810657,0,5.99222,100,1.03908,0.327778,0.124844,0.547411
1093,0.501374,3.55165,0.677277,0,5.99222,100,1.03908,0.327778,0.124844,0.547411
1093,0.501374,3.55165,0.677277,0,5.99222,100,1.03908,0.327778,0.124844,0.547411
60,0.520853,3.55254,0.53233,0,5.99222,100,1.03908,0.327778,0.124844,0.547411
1045,-0.354373,3.589,0.714343,1,5.99222,100,1.03908,0.327778,0.124844,0.547411
59,-0.387196,3.58905,0.565301,1,5.99222,100,1.03908,0.327778,0.124844,0.547411
187,-0.286063,3.58812,0.843038,1,5.99222,100,1.03908,0.327778,0.124844,0.547411
1045,-0.354373,3.589,0.714343,1,5.99222,100,1.03908,0.327778,0.124844,0.547411
616,-0.193026,3.58765,0.940389,1,5.99222,100,1.03908,0.327778,0.124844,0.547411
187,-0.286063,3.58812,0.843038,1,5.99222,100,1.03908,0.327778,0.124844,0.547411
16,-0.0872297,3.58698,1.00537,1,5.99222,100,1.03908,0.327778,0.124844,0.547411
616,-0.193026,3.58765,0.940389,1,5.99222,100,1.03908,0.327778,0.124844,0.547411
16,-0.0872297,3.58698,1.00537,1,5.99222,100,1.03908,0.327778,0.124844,0.547411
615,0.0221684,3.5859,1.02508,1,5.99222,100,1.03908,0.327778,0.124844,0.547411
615,0.0221684,3.5859,1.02508,1,5.99222,100,1.03908,0.327778,0.124844,0.547411
186,0.125039,3.58514,1.01384,1,5.99222,100,1.03908,0.327778,0.124844,0.547411
186,0.125039,3.58514,1.01384,1,5.99222,100,1.03908,0.327778,0.124844,0.547411
1044,0.227883,3.5859,1.02519,1,5.99222,100,1.03908,0.327778,0.124844,0.547411
1044,0.227883,3.5859,1.02519,1,5.99222,100,1.03908,0.327778,0.124844,0.547411
38,0.337314,3.58705,1.00553,1,5.99222,100,1.03908,0.327778,0.124844,0.547411
38,0.337314,3.58705,1.00553,1,5.99222,100,1.03908,0.327778,0.124844,0.547411
664,0.443118,3.58762,0.940531,1,5.99222,100,1.03908,0.327778,0.124844,0.547411
664,0.443118,3.58762,0.940531,1,5.99222,100,1.03908,0.327778,0.124844,0.547411
235,0.536178,3.58817,0.843261,1,5.99222,100,1.03908,0.327778,0.124844,0.547411
235,0.536178,3.58817,0.843261,1,5.99222,100,1.03908,0.327778,0.124844,0.547411
1093,0.604544,3.58901,0.714484,1,5.99222,100,1.03908,0.327778,0.124844,0.547411
1093,0.604544,3.58901,0.714484,1,5.99222,100,1.03908,0.327778,0.124844,0.547411
60,0.637488,3.58924,0.56566,1,5.99222,100,1.03908,0.327778,0.124844,0.547411
1045,-0.252224,3.58643,0.686226,0,6.49222,100,1.04716,0.327778,0.124811,0.555498
59,-0.272179,3.58801,0.540228,0,6.49222,100,1.04716,0.327778,0.124811,0.555498
187,-0.21207,3.5857,0.819936,0,6.49222,100,1.04716,0.327778,0.124811,0.555498
1045,-0.252224,3.58643,0.686226,0,6.49222,100,1.04716,0.327778,0.124811,0.555498
616,-0.148395,3.5853,0.933108,0,6.49222,100,1.04716,0.327778,0.124811,0.555498
187,-0.21207,3.5857,0.819936,0,6.49222,100,1.04716,0.327778,0.124811,0.555498
16,-0.0683669,3.58463,1.02197,0,6.49222,100,1.04716,0.327778,0.124811,0.555498
616,-0.148395,3.5853,0.933108,0,6.49222,100,1.04716,0.327778,0.124811,0.555498
16,-0.0683669,3.58463,1.02197,0,6.49222,100,1.04716,0.327778,0.124811,0.555498
615,0.0257752,3.58415,1.07291,0,6.49222,100,1.04716,0.327778,0.124811,0.555498
615,0.0257752,3.58415,1.07291,0,6.49222,100,1.04716,0.327778,0.124811,0.555498
186,0.124975,3.58453,1.08963,0,6.49222,100,1.04716,0.327778,0.124811,0.555498
186,0.124975,3.58453,1.08963,0,6.49222,100,1.04716,0.327778,0.124811,0.555498
1044,0.224207,3.58416,1.07302,0,6.49222,100,1.04716,0.327778,0.124811,0.555498
1044,0.224207,3.58416,1.07302,0,6.49222,100,1.04716,0.327778,0.124811,0.555498
38,0.318346,3.58474,1.02206,0,6.49222,100,1.04716,0.327778,0.124811,0.555498
38,0.318346,3.58474,1.02206,0,6.49222,100,1.04716,0.327778,0.124811,0.555498
664,0.398393,3.58542,0.932995,0,6.49222,100,1.04716,0.327778,0.124811,0.555498
664,0.398393,3.58542,0.932995,0,6.49222,100,1.04716,0.327778,0.124811,0.555498
235,0.461961,3.5859,0.81983,0,6.49222,100,1.04716,0.327778,0.124811,0.555498
235,0.461961,3.5859,0.81983,0,6.49222,100,1.04716,0.327778,0.124811,0.555498
1093,0.502022,3.58632,0.686093,0,6.49222,100,1.04716,0.327778,0.124811,0.555498
1093,0.502022,3.58632,0.686093,0,6.49222,100,1.04716,0.327778,0.124811,0.555498
60,0.521972,3.58763,0.539918,0,6.49222,100,1.04716,0.327778,0.124811,0.555498
1045,-0.354874,3.62503,0.719471,1,6.49222,100,1.04716,0.327778,0.124811,0.555498
59,-0.391181,3.62503,0.569698,1,6.49222,100,1.04716,0.327778,0.124811,0.555498
187,-0.283539,3.6242,0.847429,1,6.49222,100,1.04716,0.327778,0.124811,0.555498
1045,-0.354874,3.62503,0.719471,1,6.49222,100,1.04716,0.327778,0.124811,0.555498
616,-0.188665,3.62328,0.943503,1,6.49222,100,1.04716,0.327778,0.124811,0.555498
187,-0.283539,3.6242,0.847429,1,6.49222,100,1.04716,0.327778,0.124811,0.555498
16,-0.0822464,3.62225,1.00753,1,6.49222,100,1.04716,0.327778,0.124811,0.555498
616,-0.188665,3.62328,0.943503,1,6.49222,100,1.04716,0.327778,0.124811,0.555498
16,-0.0822464,3.62225,1.00753,1,6.49222,100,1.04716,0.327778,0.124811,0.555498
615,0.0266476,3.6218,1.027,1,6.49222,100,1.04716,0.327778,0.124811,0.555498
615,0.0266476,3.6218,1.027,1,6.49222,100,1.04716,0.327778,0.124811,0.555498
186,0.124979,3.62132,1.02044,1,6.49222,100,1.04716,0.327778,0.124811,0.555498
186,0.124979,3.62132,1.02044,1,6.49222,100,1.04716,0.327778,0.124811,0.555498
1044,0.223291,3.62188,1.0272,1,6.49222,100,1.04716,0.327778,0.124811,0.555498
1044,0.223291,3.62188,1.0272,1,6.49222,100,1.04716,0.327778,0.124811,0.555498
38,0.332092,3.62235,1.00788,1,6.49222,100,1.04716,0.327778,0.124811,0.555498
38,0.332092,3.62235,1.00788,1,6.49222,100,1.04716,0.327778,0.124811,0.555498
664,0.438688,3.62316,0.944259,1,6.49222,100,1.04716,0.327778,0.124811,0.555498
664,0.438688,3.62316,0.944259,1,6.49222,100,1.04716,0.327778,0.124811,0.555498
235,0.53402,3.62424,0.84853,1,6.49222,100,1.04716,0.327778,0.124811,0.555498
235,0.53402,3.62424,0.84853,1,6.49222,100,1.04716,0.327778,0.124811,0.555498
1093,0.605816,3.62516,0.720789,1,6.49222,100,1.04716,0.327778,0.124811,0.555498
1093,0.605816,3.62516,0.720789,1,6.49222,100,1.04716,0.327778,0.124811,0.555498
60,0.641186,3.62479,0.570596,1,6.49222,100,1.04716,0.327778,0.124811,0.555498
1045,-0.253215,3.62285,0.692946,0,6.99222,100,1.05647,0.327778,0.124904,0.564807
59,-0.274367,3.62404,0.546076,0,6.99222,100,1.05647,0.327778,0.124904,0.564807
187,-0.212531,3.62143,0.826939,0,6.99222,100,1.05647,0.327778,0.124904,0.564807
1045,-0.253215,3.62285,0.692946,0,6.99222,100,1.05647,0.327778,0.124904,0.564807
616,-0.148688,3.62003,0.940194,0,6.99222,100,1.05647,0.327778,0.124904,0.564807
187,-0.212531,3.62143,0.826939,0,6.99222,100,1.05647,0.327778,0.124904,0.564807
16,-0.0684579,3.61917,1.02935,0,6.99222,100,1.05647,0.327778,0.124904,0.564807
616,-0.148688,3.62003,0.940194,0,6.99222,100,1.05647,0.327778,0.124904,0.564807
16,-0.0684579,3.61917,1.02935,0,6.99222,100,1.05647,0.327778,0.124904,0.564807
615,0.0258428,3.61904,1.08056,0,6.99222,100,1.05647,0.327778,0.124904,0.564807
615,0.0258428,3.61904,1.08056,0,6.99222,100,1.05647,0.327778,0.124904,0.564807
186,0.125098,3.61922,1.09744,0,6.99222,100,1.05647,0.327778,0.124904,0.564807
186,0.125098,3.61922,1.09744,0,6.99222,100,1.05647,0.327778,0.124904,0.564807
1044,0.224294,3.61897,1.08051,0,6.99222,100,1.05647,0.327778,0.124904,0.564807
1044,0.224294,3.61897,1.08051,0,6.99222,100,1.05647,0.327778,0.124904,0.564807
38,0.318553,3.61916,1.02935,0,6.99222,100,1.05647,0.327778,0.124904,0.564807
38,0.318553,3.61916,1.02935,0,6.99222,100,1.05647,0.327778,0.124904,0.564807
664,0.398786,3.62004,0.940135,0,6.99222,100,1.05647,0.327778,0.124904,0.564807
664,0.398786,3.62004,0.940135,0,6.99222,100,1.05647,0.327778,0.124904,0.564807
235,0.462693,3.62151,0.826892,0,6.99222,100,1.05647,0.327778,0.124904,0.564807
235,0.462693,3.62151,0.826892,0,6.99222,100,1.05647,0.327778,0.124904,0.564807
1093,0.503381,3.62282,0.692942,0,6.99222,100,1.05647,0.327778,0.124904,0.564807
1093,0.503381,3.62282,0.692942,0,6.99222,100,1.05647,0.327778,0.124904,0.564807
60,0.524536,3.62394,0.546115,0,6.99222,100,1.05647,0.327778,0.124904,0.564807
1045,-0.369107,3.65304,0.728762,1,6.99222,100,1.05647,0.327778,0.124904,0.564807
59,-0.404039,3.65348,0.576599,1,6.99222,100,1.05647,0.327778,0.124904,0.564807
187,-0.297403,3.65171,0.858611,1,6.99222,100,1.05647,0.327778,0.124904,0.564807
1045,-0.369107,3.65304,0.728762,1,6.99222,100,1.05647,0.327778,0.124904,0.564807
616,-0.200746,3.6507,0.955466,1,6.99222,100,1.05647,0.327778,0.124904,0.564807
187,-0.297403,3.65171,0.858611,1,6.99222,100,1.05647,0.327778,0.124904,0.564807
16,-0.0918998,3.64979,1.01888,1,6.99222,100,1.05647,0.327778,0.124904,0.564807
616,-0.200746,3.6507,0.955466,1,6.99222,100,1.05647,0.327778,0.124904,0.564807
16,-0.0918998,3.64979,1.01888,1,6.99222,100,1.05647,0.327778,0.124904,0.564807
615,0.0198401,3.64917,1.0365,1,6.99222,100,1.05647,0.327778,0.124904,0.564807
615,0.0198401,3.64917,1.0365,1,6.99222,100,1.05647,0.327778,0.124904,0.564807
186,0.125297,3.64893,1.02311,1,6.99222,100,1.05647,0.327778,0.124904,0.564807
186,0.125297,3.64893,1.02311,1,6.99222,100,1.05647,0.327778,0.124904,0.564807
1044,0.230736,3.6492,1.03651,1,6.99222,100,1.05647,0.327778,0.124904,0.564807
1044,0.230736,3.6492,1.03651,1,6.99222,100,1.05647,0.327778,0.124904,0.564807
38,0.342447,3.64985,1.01886,1,6.99222,100,1.05647,0.327778,0.124904,0.564807
38,0.342447,3.64985,1.01886,1,6.99222,100,1.05647,0.327778,0.124904,0.564807
664,0.451271,3.65075,0.955407,1,6.99222,100,1.05647,0.327778,0.124904,0.564807
664,0.451271,3.65075,0.955407,1,6.99222,100,1.05647,0.327778,0.124904,0.564807
235,0.54789,3.65191,0.858653,1,6.99222,100,1.05647,0.327778,0.124904,0.564807
235,0.54789,3.65191,0.858653,1,6.99222,100,1.05647,0.327778,0.124904,0.564807
1093,0.619799,3.65295,0.728905,1,6.99222,100,1.05647,0.327778,0.124904,0.564807
1093,0.619799,3.65295,0.728905,1,6.99222,100,1.05647,0.327778,0.124904,0.564807
60,0.654122,3.65337,0.576337,1,6.99222,100,1.05647,0.327778,0.124904,0.564807
1045,-0.255158,3.65149,0.70196,0,7.49222,100,1.06693,0.327778,0.124834,0.575266
59,-0.27695,3.65254,0.554119,0,7.49222,100,1.06693,0.327778,0.124834,0.575266
187,-0.214315,3.65045,0.836595,0,7.49222,100,1.06693,0.327778,0.124834,0.575266
1045,-0.255158,3.65149,0.70196,0,7.49222,100,1.06693,0.327778,0.124834,0.575266
616,-0.149843,3.65068,0.950145,0,7.49222,100,1.06693,0.327778,0.124834,0.575266
187,-0.214315,3.65045,0.836595,0,7.49222,100,1.06693,0.327778,0.124834,0.575266
16,-0.068886,3.65107,1.03929,0,7.49222,100,1.06693,0.327778,0.124834,0.575266
616,-0.149843,3.65068,0.950145,0,7.49222,100,1.06693,0.327778,0.124834,0.575266
16,-0.068886,3.65107,1.03929,0,7.49222,100,1.06693,0.327778,0.124834,0.575266
615,0.0259243,3.65099,1.09,0,7.49222,100,1.06693,0.327778,0.124834,0.575266
615,0.0259243,3.65099,1.09,0,7.49222,100,1.06693,0.327778,0.124834,0.575266
186,0.125027,3.6513,1.10664,0,7.49222,100,1.06693,0.327778,0.124834,0.575266
186,0.125027,3.6513,1.10664,0,7.49222,100,1.06693,0.327778,0.124834,0.575266
1044,0.224162,3.65108,1.09001,0,7.49222,100,1.06693,0.327778,0.124834,0.575266
1044,0.224162,3.65108,1.09001,0,7.49222,100,1.06693,0.327778,0.124834,0.575266
38,0.3189,3.65097,1.03936,0,7.49222,100,1.06693,0.327778,0.124834,0.575266
38,0.3189,3.65097,1.03936,0,7.49222,100,1.06693,0.327778,0.124834,0.575266
664,0.399877,3.65076,0.950183,0,7.49222,100,1.06693,0.327778,0.124834,0.575266
664,0.399877,3.65076,0.950183,0,7.49222,100,1.06693,0.327778,0.124834,0.575266
235,0.464294,3.65066,0.836522,0,7.49222,100,1.06693,0.327778,0.124834,0.575266
235,0.464294,3.65066,0.836522,0,7.49222,100,1.06693,0.327778,0.124834,0.575266
1093,0.505052,3.65138,0.701884,0,7.49222,100,1.06693,0.327778,0.124834,0.575266
1093,0.505052,3.65138,0.701884,0,7.49222,100,1.06693,0.327778,0.124834,0.575266
60,0.526872,3.65236,0.554163,0,7.49222,100,1.06693,0.327778,0.124834,0.575266
1045,-0.374129,3.68435,0.735319,1,7.49222,100,1.06693,0.327778,0.124834,0.575266
59,-0.409487,3.68496,0.581564,1,7.49222,100,1.06693,0.327778,0.124834,0.575266
187,-0.301723,3.68358,0.865705,1,7.49222,100,1.06693,0.327778,0.124834,0.575266
1045,-0.374129,3.68435,0.735319,1,7.49222,100,1.06693,0.327778,0.124834,0.575266
616,-0.204352,3.68275,0.963162,1,7.49222,100,1.06693,0.327778,0.124834,0.575266
187,-0.301723,3.68358,0.865705,1,7.49222,100,1.06693,0.327778,0.124834,0.575266
16,-0.0945062,3.68217,1.0268,1,7.49222,100,1.06693,0.327778,0.124834,0.575266
616,-0.204352,3.68275,0.963162,1,7.49222,100,1.06693,0.327778,0.124834,0.575266
16,-0.0945062,3.68217,1.0268,1,7.49222,100,1.06693,0.327778,0.124834,0.575266
615,0.0182076,3.68161,1.04418,1,7.49222,100,1.06693,0.327778,0.124834,0.575266
615,0.0182076,3.68161,1.04418,1,7.49222,100,1.06693,0.327778,0.124834,0.575266
186,0.125115,3.68141,1.03059,1,7.49222,100,1.06693,0.327778,0.124834,0.575266
186,0.125115,3.68141,1.03059,1,7.49222,100,1.06693,0.327778,0.124834,0.575266
1044,0.232021,3.68158,1.04423,1,7.49222,100,1.06693,0.327778,0.124834,0.575266
1044,0.232021,3.68158,1.04423,1,7.49222,100,1.06693,0.327778,0.124834,0.575266
38,0.344719,3.68215,1.02668,1,7.49222,100,1.06693,0.327778,0.124834,0.575266
38,0.344719,3.68215,1.02668,1,7.49222,100,1.06693,0.327778,0.124834,0.575266
664,0.454446,3.68296,0.962966,1,7.49222,100,1.06693,0.327778,0.124834,0.575266
664,0.454446,3.68296,0.962966,1,7.49222,100,1.06693,0.327778,0.124834,0.575266
235,0.551727,3.68379,0.865368,1,7.49222,100,1.06693,0.327778,0.124834,0.575266
235,0.551727,3.68379,0.865368,1,7.49222,100,1.06693,0.327778,0.124834,0.575266
1093,0.624035,3.68461,0.734848,1,7.49222,100,1.06693,0.327778,0.124834,0.575266
1093,0.624035,3.68461,0.734848,1,7.49222,100,1.06693,0.327778,0.124834,0.575266
60,0.659365,3.6851,0.581285,1,7.49222,100,1.06693,0.327778,0.124834,0.575266
