id,x,y,z,ablated,v,bulkheadyoungs,nickdepth,nickw,nickc,bbmin
1045,-0.344378,3.4313,0.646492,0,3.49222,0.01,0.628601,0.0694444,0.124833,0.524434
59,-0.368159,3.43157,0.498774,0,3.49222,0.01,0.628601,0.0694444,0.124833,0.524434
187,-0.280884,3.43056,0.777841,0,3.49222,0.01,0.628601,0.0694444,0.124833,0.524434
1045,-0.344378,3.4313,0.646492,0,3.49222,0.01,0.628601,0.0694444,0.124833,0.524434
616,-0.190171,3.42961,0.879124,0,3.49222,0.01,0.628601,0.0694444,0.124833,0.524434
187,-0.280884,3.43056,0.777841,0,3.49222,0.01,0.628601,0.0694444,0.124833,0.524434
16,-0.0845865,3.42868,0.947438,0,3.49222,0.01,0.628601,0.0694444,0.124833,0.524434
616,-0.190171,3.42961,0.879124,0,3.49222,0.01,0.628601,0.0694444,0.124833,0.524434
16,-0.0845865,3.42868,0.947438,0,3.49222,0.01,0.628601,0.0694444,0.124833,0.524434
615,0.022355,3.42805,0.983738,0,3.49222,0.01,0.628601,0.0694444,0.124833,0.524434
615,0.022355,3.42805,0.983738,0,3.49222,0.01,0.628601,0.0694444,0.124833,0.524434
186,0.12505,3.42784,0.994712,0,3.49222,0.01,0.628601,0.0694444,0.124833,0.524434
186,0.12505,3.42784,0.994712,0,3.49222,0.01,0.628601,0.0694444,0.124833,0.524434
1044,0.227743,3.42805,0.983717,0,3.49222,0.01,0.628601,0.0694444,0.124833,0.524434
1044,0.227743,3.42805,0.983717,0,3.49222,0.01,0.628601,0.0694444,0.124833,0.524434
38,0.334694,3.42868,0.947447,0,3.49222,0.01,0.628601,0.0694444,0.124833,0.524434
38,0.334694,3.42868,0.947447,0,3.49222,0.01,0.628601,0.0694444,0.124833,0.524434
664,0.440282,3.4296,0.879144,0,3.49222,0.01,0.628601,0.0694444,0.124833,0.524434
664,0.440282,3.4296,0.879144,0,3.49222,0.01,0.628601,0.0694444,0.124833,0.524434
235,0.53096,3.43055,0.777838,0,3.49222,0.01,0.628601,0.0694444,0.124833,0.524434
235,0.53096,3.43055,0.777838,0,3.49222,0.01,0.628601,0.0694444,0.124833,0.524434
1093,0.594434,3.43128,0.646495,0,3.49222,0.01,0.628601,0.0694444,0.124833,0.524434
1093,0.594434,3.43128,0.646495,0,3.49222,0.01,0.628601,0.0694444,0.124833,0.524434
60,0.618183,3.43155,0.498786,0,3.49222,0.01,0.628601,0.0694444,0.124833,0.524434
1045,-0.344578,3.43121,0.647848,1,3.49222,0.01,0.628601,0.0694444,0.124833,0.524434
59,-0.368255,3.43154,0.500118,1,3.49222,0.01,0.628601,0.0694444,0.124833,0.524434
187,-0.28097,3.43041,0.779123,1,3.49222,0.01,0.628601,0.0694444,0.124833,0.524434
1045,-0.344578,3.43121,0.647848,1,3.49222,0.01,0.628601,0.0694444,0.124833,0.524434
616,-0.19009,3.4294,0.880232,1,3.49222,0.01,0.628601,0.0694444,0.124833,0.524434
187,-0.28097,3.43041,0.779123,1,3.49222,0.01,0.628601,0.0694444,0.124833,0.524434
16,-0.0844613,3.42844,0.948412,1,3.49222,0.01,0.628601,0.0694444,0.124833,0.524434
616,-0.19009,3.4294,0.880232,1,3.49222,0.01,0.628601,0.0694444,0.124833,0.524434
16,-0.0844613,3.42844,0.948412,1,3.49222,0.01,0.628601,0.0694444,0.124833,0.524434
615,0.0223711,3.42777,0.984921,1,3.49222,0.01,0.628601,0.0694444,0.124833,0.524434
615,0.0223711,3.42777,0.984921,1,3.49222,0.01,0.628601,0.0694444,0.124833,0.524434
186,0.125032,3.42757,0.996107,1,3.49222,0.01,0.628601,0.0694444,0.124833,0.524434
186,0.125032,3.42757,0.996107,1,3.49222,0.01,0.628601,0.0694444,0.124833,0.524434
1044,0.227693,3.42777,0.984914,1,3.49222,0.01,0.628601,0.0694444,0.124833,0.524434
1044,0.227693,3.42777,0.984914,1,3.49222,0.01,0.628601,0.0694444,0.124833,0.524434
38,0.334524,3.42844,0.948402,1,3.49222,0.01,0.628601,0.0694444,0.124833,0.524434
38,0.334524,3.42844,0.948402,1,3.49222,0.01,0.628601,0.0694444,0.124833,0.524434
664,0.440149,3.4294,0.88022,1,3.49222,0.01,0.628601,0.0694444,0.124833,0.524434
664,0.440149,3.4294,0.88022,1,3.49222,0.01,0.628601,0.0694444,0.124833,0.524434
235,0.531023,3.4304,0.779113,1,3.49222,0.01,0.628601,0.0694444,0.124833,0.524434
235,0.531023,3.4304,0.779113,1,3.49222,0.01,0.628601,0.0694444,0.124833,0.524434
1093,0.594623,3.4312,0.647846,1,3.49222,0.01,0.628601,0.0694444,0.124833,0.524434
1093,0.594623,3.4312,0.647846,1,3.49222,0.01,0.628601,0.0694444,0.124833,0.524434
60,0.61829,3.43153,0.500128,1,3.49222,0.01,0.628601,0.0694444,0.124833,0.524434
1045,-0.376229,3.44606,0.654968,0,3.99222,0.01,0.655,0.0694444,0.124831,0.550834
59,-0.401342,3.44624,0.496874,0,3.99222,0.01,0.655,0.0694444,0.124831,0.550834
187,-0.307554,3.44549,0.795107,0,3.99222,0.01,0.655,0.0694444,0.124831,0.550834
1045,-0.376229,3.44606,0.654968,0,3.99222,0.01,0.655,0.0694444,0.124831,0.550834
616,-0.20961,3.44471,0.902558,0,3.99222,0.01,0.655,0.0694444,0.124831,0.550834
187,-0.307554,3.44549,0.795107,0,3.99222,0.01,0.655,0.0694444,0.124831,0.550834
16,-0.0959456,3.44393,0.974184,0,3.99222,0.01,0.655,0.0694444,0.124831,0.550834
616,-0.20961,3.44471,0.902558,0,3.99222,0.01,0.655,0.0694444,0.124831,0.550834
16,-0.0959456,3.44393,0.974184,0,3.99222,0.01,0.655,0.0694444,0.124831,0.550834
615,0.0187866,3.44337,1.01236,0,3.99222,0.01,0.655,0.0694444,0.124831,0.550834
615,0.0187866,3.44337,1.01236,0,3.99222,0.01,0.655,0.0694444,0.124831,0.550834
186,0.125038,3.4432,1.02341,0,3.99222,0.01,0.655,0.0694444,0.124831,0.550834
186,0.125038,3.4432,1.02341,0,3.99222,0.01,0.655,0.0694444,0.124831,0.550834
1044,0.231289,3.44337,1.01234,0,3.99222,0.01,0.655,0.0694444,0.124831,0.550834
1044,0.231289,3.44337,1.01234,0,3.99222,0.01,0.655,0.0694444,0.124831,0.550834
38,0.346024,3.44393,0.974179,0,3.99222,0.01,0.655,0.0694444,0.124831,0.550834
38,0.346024,3.44393,0.974179,0,3.99222,0.01,0.655,0.0694444,0.124831,0.550834
664,0.459676,3.4447,0.90254,0,3.99222,0.01,0.655,0.0694444,0.124831,0.550834
664,0.459676,3.4447,0.90254,0,3.99222,0.01,0.655,0.0694444,0.124831,0.550834
235,0.557615,3.44548,0.795096,0,3.99222,0.01,0.655,0.0694444,0.124831,0.550834
235,0.557615,3.44548,0.795096,0,3.99222,0.01,0.655,0.0694444,0.124831,0.550834
1093,0.626285,3.44606,0.654968,0,3.99222,0.01,0.655,0.0694444,0.124831,0.550834
1093,0.626285,3.44606,0.654968,0,3.99222,0.01,0.655,0.0694444,0.124831,0.550834
60,0.651384,3.44623,0.496888,0,3.99222,0.01,0.655,0.0694444,0.124831,0.550834
1045,-0.376342,3.44545,0.653846,1,3.99222,0.01,0.655,0.0694444,0.124831,0.550834
59,-0.40126,3.44555,0.495707,1,3.99222,0.01,0.655,0.0694444,0.124831,0.550834
187,-0.307778,3.44493,0.794071,1,3.99222,0.01,0.655,0.0694444,0.124831,0.550834
1045,-0.376342,3.44545,0.653846,1,3.99222,0.01,0.655,0.0694444,0.124831,0.550834
616,-0.209745,3.44419,0.901498,1,3.99222,0.01,0.655,0.0694444,0.124831,0.550834
187,-0.307778,3.44493,0.794071,1,3.99222,0.01,0.655,0.0694444,0.124831,0.550834
16,-0.096021,3.44343,0.973105,1,3.99222,0.01,0.655,0.0694444,0.124831,0.550834
616,-0.209745,3.44419,0.901498,1,3.99222,0.01,0.655,0.0694444,0.124831,0.550834
16,-0.096021,3.44343,0.973105,1,3.99222,0.01,0.655,0.0694444,0.124831,0.550834
615,0.0187666,3.44287,1.01124,1,3.99222,0.01,0.655,0.0694444,0.124831,0.550834
615,0.0187666,3.44287,1.01124,1,3.99222,0.01,0.655,0.0694444,0.124831,0.550834
186,0.125035,3.44271,1.02226,1,3.99222,0.01,0.655,0.0694444,0.124831,0.550834
186,0.125035,3.44271,1.02226,1,3.99222,0.01,0.655,0.0694444,0.124831,0.550834
1044,0.231305,3.44287,1.01123,1,3.99222,0.01,0.655,0.0694444,0.124831,0.550834
1044,0.231305,3.44287,1.01123,1,3.99222,0.01,0.655,0.0694444,0.124831,0.550834
38,0.346093,3.44343,0.973096,1,3.99222,0.01,0.655,0.0694444,0.124831,0.550834
38,0.346093,3.44343,0.973096,1,3.99222,0.01,0.655,0.0694444,0.124831,0.550834
664,0.459813,3.44418,0.901488,1,3.99222,0.01,0.655,0.0694444,0.124831,0.550834
664,0.459813,3.44418,0.901488,1,3.99222,0.01,0.655,0.0694444,0.124831,0.550834
235,0.557839,3.44492,0.794063,1,3.99222,0.01,0.655,0.0694444,0.124831,0.550834
235,0.557839,3.44492,0.794063,1,3.99222,0.01,0.655,0.0694444,0.124831,0.550834
1093,0.626396,3.44544,0.653848,1,3.99222,0.01,0.655,0.0694444,0.124831,0.550834
1093,0.626396,3.44544,0.653848,1,3.99222,0.01,0.655,0.0694444,0.124831,0.550834
60,0.651311,3.44555,0.495722,1,3.99222,0.01,0.655,0.0694444,0.124831,0.550834
1045,-0.403072,3.46579,0.659678,0,4.49222,0.01,0.686973,0.0694444,0.124823,0.582806
59,-0.429417,3.4658,0.492627,0,4.49222,0.01,0.686973,0.0694444,0.124823,0.582806
187,-0.330411,3.4654,0.807681,0,4.49222,0.01,0.686973,0.0694444,0.124823,0.582806
1045,-0.403072,3.46579,0.659678,0,4.49222,0.01,0.686973,0.0694444,0.124823,0.582806
616,-0.226554,3.46479,0.920863,0,4.49222,0.01,0.686973,0.0694444,0.124823,0.582806
187,-0.330411,3.4654,0.807681,0,4.49222,0.01,0.686973,0.0694444,0.124823,0.582806
16,-0.106132,3.46413,0.995937,0,4.49222,0.01,0.686973,0.0694444,0.124823,0.582806
616,-0.226554,3.46479,0.920863,0,4.49222,0.01,0.686973,0.0694444,0.124823,0.582806
16,-0.106132,3.46413,0.995937,0,4.49222,0.01,0.686973,0.0694444,0.124823,0.582806
615,0.0154826,3.46362,1.03573,0,4.49222,0.01,0.686973,0.0694444,0.124823,0.582806
615,0.0154826,3.46362,1.03573,0,4.49222,0.01,0.686973,0.0694444,0.124823,0.582806
186,0.125038,3.46346,1.04682,0,4.49222,0.01,0.686973,0.0694444,0.124823,0.582806
186,0.125038,3.46346,1.04682,0,4.49222,0.01,0.686973,0.0694444,0.124823,0.582806
1044,0.234596,3.46362,1.03571,0,4.49222,0.01,0.686973,0.0694444,0.124823,0.582806
1044,0.234596,3.46362,1.03571,0,4.49222,0.01,0.686973,0.0694444,0.124823,0.582806
38,0.356211,3.46412,0.995921,0,4.49222,0.01,0.686973,0.0694444,0.124823,0.582806
38,0.356211,3.46412,0.995921,0,4.49222,0.01,0.686973,0.0694444,0.124823,0.582806
664,0.476636,3.46478,0.920851,0,4.49222,0.01,0.686973,0.0694444,0.124823,0.582806
664,0.476636,3.46478,0.920851,0,4.49222,0.01,0.686973,0.0694444,0.124823,0.582806
235,0.580489,3.46539,0.807675,0,4.49222,0.01,0.686973,0.0694444,0.124823,0.582806
235,0.580489,3.46539,0.807675,0,4.49222,0.01,0.686973,0.0694444,0.124823,0.582806
1093,0.653146,3.46578,0.659682,0,4.49222,0.01,0.686973,0.0694444,0.124823,0.582806
1093,0.653146,3.46578,0.659682,0,4.49222,0.01,0.686973,0.0694444,0.124823,0.582806
60,0.679491,3.46579,0.492644,0,4.49222,0.01,0.686973,0.0694444,0.124823,0.582806
1045,-0.40335,3.46475,0.659038,1,4.49222,0.01,0.686973,0.0694444,0.124823,0.582806
59,-0.429573,3.4647,0.491947,1,4.49222,0.01,0.686973,0.0694444,0.124823,0.582806
187,-0.330645,3.46441,0.807058,1,4.49222,0.01,0.686973,0.0694444,0.124823,0.582806
1045,-0.40335,3.46475,0.659038,1,4.49222,0.01,0.686973,0.0694444,0.124823,0.582806
616,-0.226681,3.46382,0.92019,1,4.49222,0.01,0.686973,0.0694444,0.124823,0.582806
187,-0.330645,3.46441,0.807058,1,4.49222,0.01,0.686973,0.0694444,0.124823,0.582806
16,-0.10619,3.46316,0.995213,1,4.49222,0.01,0.686973,0.0694444,0.124823,0.582806
616,-0.226681,3.46382,0.92019,1,4.49222,0.01,0.686973,0.0694444,0.124823,0.582806
16,-0.10619,3.46316,0.995213,1,4.49222,0.01,0.686973,0.0694444,0.124823,0.582806
615,0.0154684,3.46267,1.03496,1,4.49222,0.01,0.686973,0.0694444,0.124823,0.582806
615,0.0154684,3.46267,1.03496,1,4.49222,0.01,0.686973,0.0694444,0.124823,0.582806
186,0.125037,3.46252,1.04603,1,4.49222,0.01,0.686973,0.0694444,0.124823,0.582806
186,0.125037,3.46252,1.04603,1,4.49222,0.01,0.686973,0.0694444,0.124823,0.582806
1044,0.234607,3.46267,1.03496,1,4.49222,0.01,0.686973,0.0694444,0.124823,0.582806
1044,0.234607,3.46267,1.03496,1,4.49222,0.01,0.686973,0.0694444,0.124823,0.582806
38,0.356266,3.46316,0.995204,1,4.49222,0.01,0.686973,0.0694444,0.124823,0.582806
38,0.356266,3.46316,0.995204,1,4.49222,0.01,0.686973,0.0694444,0.124823,0.582806
664,0.476754,3.46381,0.92018,1,4.49222,0.01,0.686973,0.0694444,0.124823,0.582806
664,0.476754,3.46381,0.92018,1,4.49222,0.01,0.686973,0.0694444,0.124823,0.582806
235,0.58071,3.4644,0.807051,1,4.49222,0.01,0.686973,0.0694444,0.124823,0.582806
235,0.58071,3.4644,0.807051,1,4.49222,0.01,0.686973,0.0694444,0.124823,0.582806
1093,0.653407,3.46475,0.659041,1,4.49222,0.01,0.686973,0.0694444,0.124823,0.582806
1093,0.653407,3.46475,0.659041,1,4.49222,0.01,0.686973,0.0694444,0.124823,0.582806
60,0.679629,3.4647,0.491964,1,4.49222,0.01,0.686973,0.0694444,0.124823,0.582806
1045,-0.427189,3.48738,0.664181,0,4.99222,0.01,0.712364,0.0694444,0.124816,0.608198
59,-0.454712,3.48725,0.48915,0,4.99222,0.01,0.712364,0.0694444,0.124816,0.608198
187,-0.350884,3.48713,0.819156,0,4.99222,0.01,0.712364,0.0694444,0.124816,0.608198
1045,-0.427189,3.48738,0.664181,0,4.99222,0.01,0.712364,0.0694444,0.124816,0.608198
616,-0.241731,3.48663,0.937436,0,4.99222,0.01,0.712364,0.0694444,0.124816,0.608198
187,-0.350884,3.48713,0.819156,0,4.99222,0.01,0.712364,0.0694444,0.124816,0.608198
16,-0.115317,3.48604,1.01567,0,4.99222,0.01,0.712364,0.0694444,0.124816,0.608198
616,-0.241731,3.48663,0.937436,0,4.99222,0.01,0.712364,0.0694444,0.124816,0.608198
16,-0.115317,3.48604,1.01567,0,4.99222,0.01,0.712364,0.0694444,0.124816,0.608198
615,0.0124203,3.48558,1.05695,0,4.99222,0.01,0.712364,0.0694444,0.124816,0.608198
615,0.0124203,3.48558,1.05695,0,4.99222,0.01,0.712364,0.0694444,0.124816,0.608198
186,0.125042,3.48543,1.06811,0,4.99222,0.01,0.712364,0.0694444,0.124816,0.608198
186,0.125042,3.48543,1.06811,0,4.99222,0.01,0.712364,0.0694444,0.124816,0.608198
1044,0.237665,3.48558,1.05695,0,4.99222,0.01,0.712364,0.0694444,0.124816,0.608198
1044,0.237665,3.48558,1.05695,0,4.99222,0.01,0.712364,0.0694444,0.124816,0.608198
38,0.365407,3.48604,1.01567,0,4.99222,0.01,0.712364,0.0694444,0.124816,0.608198
38,0.365407,3.48604,1.01567,0,4.99222,0.01,0.712364,0.0694444,0.124816,0.608198
664,0.491816,3.48662,0.937426,0,4.99222,0.01,0.712364,0.0694444,0.124816,0.608198
664,0.491816,3.48662,0.937426,0,4.99222,0.01,0.712364,0.0694444,0.124816,0.608198
235,0.600954,3.48712,0.819145,0,4.99222,0.01,0.712364,0.0694444,0.124816,0.608198
235,0.600954,3.48712,0.819145,0,4.99222,0.01,0.712364,0.0694444,0.124816,0.608198
1093,0.677251,3.48737,0.66418,0,4.99222,0.01,0.712364,0.0694444,0.124816,0.608198
1093,0.677251,3.48737,0.66418,0,4.99222,0.01,0.712364,0.0694444,0.124816,0.608198
60,0.704782,3.48724,0.489168,0,4.99222,0.01,0.712364,0.0694444,0.124816,0.608198
1045,-0.427389,3.48622,0.663773,1,4.99222,0.01,0.712364,0.0694444,0.124816,0.608198
59,-0.454827,3.48605,0.48872,1,4.99222,0.01,0.712364,0.0694444,0.124816,0.608198
187,-0.351024,3.486,0.818747,1,4.99222,0.01,0.712364,0.0694444,0.124816,0.608198
1045,-0.427389,3.48622,0.663773,1,4.99222,0.01,0.712364,0.0694444,0.124816,0.608198
616,-0.241834,3.48551,0.937019,1,4.99222,0.01,0.712364,0.0694444,0.124816,0.608198
187,-0.351024,3.486,0.818747,1,4.99222,0.01,0.712364,0.0694444,0.124816,0.608198
16,-0.115358,3.48492,1.01518,1,4.99222,0.01,0.712364,0.0694444,0.124816,0.608198
616,-0.241834,3.48551,0.937019,1,4.99222,0.01,0.712364,0.0694444,0.124816,0.608198
16,-0.115358,3.48492,1.01518,1,4.99222,0.01,0.712364,0.0694444,0.124816,0.608198
615,0.0124088,3.48447,1.05643,1,4.99222,0.01,0.712364,0.0694444,0.124816,0.608198
615,0.0124088,3.48447,1.05643,1,4.99222,0.01,0.712364,0.0694444,0.124816,0.608198
186,0.125038,3.48432,1.06759,1,4.99222,0.01,0.712364,0.0694444,0.124816,0.608198
186,0.125038,3.48432,1.06759,1,4.99222,0.01,0.712364,0.0694444,0.124816,0.608198
1044,0.23767,3.48447,1.05642,1,4.99222,0.01,0.712364,0.0694444,0.124816,0.608198
1044,0.23767,3.48447,1.05642,1,4.99222,0.01,0.712364,0.0694444,0.124816,0.608198
38,0.365439,3.48492,1.01517,1,4.99222,0.01,0.712364,0.0694444,0.124816,0.608198
38,0.365439,3.48492,1.01517,1,4.99222,0.01,0.712364,0.0694444,0.124816,0.608198
664,0.491911,3.4855,0.937009,1,4.99222,0.01,0.712364,0.0694444,0.124816,0.608198
664,0.491911,3.4855,0.937009,1,4.99222,0.01,0.712364,0.0694444,0.124816,0.608198
235,0.601094,3.48599,0.818741,1,4.99222,0.01,0.712364,0.0694444,0.124816,0.608198
235,0.601094,3.48599,0.818741,1,4.99222,0.01,0.712364,0.0694444,0.124816,0.608198
1093,0.677453,3.48622,0.663776,1,4.99222,0.01,0.712364,0.0694444,0.124816,0.608198
1093,0.677453,3.48622,0.663776,1,4.99222,0.01,0.712364,0.0694444,0.124816,0.608198
60,0.704893,3.48604,0.48874,1,4.99222,0.01,0.712364,0.0694444,0.124816,0.608198
1045,-0.449081,3.50961,0.668504,0,5.49222,0.01,0.732981,0.0694444,0.124811,0.628814
59,-0.477689,3.50938,0.486254,0,5.49222,0.01,0.732981,0.0694444,0.124811,0.628814
187,-0.369466,3.50945,0.829812,0,5.49222,0.01,0.732981,0.0694444,0.124811,0.628814
1045,-0.449081,3.50961,0.668504,0,5.49222,0.01,0.732981,0.0694444,0.124811,0.628814
616,-0.255592,3.50904,0.952793,0,5.49222,0.01,0.732981,0.0694444,0.124811,0.628814
187,-0.369466,3.50945,0.829812,0,5.49222,0.01,0.732981,0.0694444,0.124811,0.628814
16,-0.12375,3.5085,1.03391,0,5.49222,0.01,0.732981,0.0694444,0.124811,0.628814
616,-0.255592,3.50904,0.952793,0,5.49222,0.01,0.732981,0.0694444,0.124811,0.628814
16,-0.12375,3.5085,1.03391,0,5.49222,0.01,0.732981,0.0694444,0.124811,0.628814
615,0.00954397,3.50806,1.07655,0,5.49222,0.01,0.732981,0.0694444,0.124811,0.628814
615,0.00954397,3.50806,1.07655,0,5.49222,0.01,0.732981,0.0694444,0.124811,0.628814
186,0.125045,3.50792,1.08786,0,5.49222,0.01,0.732981,0.0694444,0.124811,0.628814
186,0.125045,3.50792,1.08786,0,5.49222,0.01,0.732981,0.0694444,0.124811,0.628814
1044,0.24055,3.50807,1.07655,0,5.49222,0.01,0.732981,0.0694444,0.124811,0.628814
1044,0.24055,3.50807,1.07655,0,5.49222,0.01,0.732981,0.0694444,0.124811,0.628814
38,0.373848,3.5085,1.0339,0,5.49222,0.01,0.732981,0.0694444,0.124811,0.628814
38,0.373848,3.5085,1.0339,0,5.49222,0.01,0.732981,0.0694444,0.124811,0.628814
664,0.505686,3.50903,0.952785,0,5.49222,0.01,0.732981,0.0694444,0.124811,0.628814
664,0.505686,3.50903,0.952785,0,5.49222,0.01,0.732981,0.0694444,0.124811,0.628814
235,0.619547,3.50945,0.829802,0,5.49222,0.01,0.732981,0.0694444,0.124811,0.628814
235,0.619547,3.50945,0.829802,0,5.49222,0.01,0.732981,0.0694444,0.124811,0.628814
1093,0.699157,3.5096,0.668508,0,5.49222,0.01,0.732981,0.0694444,0.124811,0.628814
1093,0.699157,3.5096,0.668508,0,5.49222,0.01,0.732981,0.0694444,0.124811,0.628814
60,0.727772,3.50937,0.486274,0,5.49222,0.01,0.732981,0.0694444,0.124811,0.628814
1045,-0.449248,3.50845,0.668174,1,5.49222,0.01,0.732981,0.0694444,0.124811,0.628814
59,-0.47781,3.50818,0.485893,1,5.49222,0.01,0.732981,0.0694444,0.124811,0.628814
187,-0.369573,3.50831,0.829472,1,5.49222,0.01,0.732981,0.0694444,0.124811,0.628814
1045,-0.449248,3.50845,0.668174,1,5.49222,0.01,0.732981,0.0694444,0.124811,0.628814
616,-0.255657,3.5079,0.952434,1,5.49222,0.01,0.732981,0.0694444,0.124811,0.628814
187,-0.369573,3.50831,0.829472,1,5.49222,0.01,0.732981,0.0694444,0.124811,0.628814
16,-0.123768,3.50736,1.0335,1,5.49222,0.01,0.732981,0.0694444,0.124811,0.628814
616,-0.255657,3.5079,0.952434,1,5.49222,0.01,0.732981,0.0694444,0.124811,0.628814
16,-0.123768,3.50736,1.0335,1,5.49222,0.01,0.732981,0.0694444,0.124811,0.628814
615,0.00953624,3.50693,1.07613,1,5.49222,0.01,0.732981,0.0694444,0.124811,0.628814
615,0.00953624,3.50693,1.07613,1,5.49222,0.01,0.732981,0.0694444,0.124811,0.628814
186,0.12504,3.50678,1.08741,1,5.49222,0.01,0.732981,0.0694444,0.124811,0.628814
186,0.12504,3.50678,1.08741,1,5.49222,0.01,0.732981,0.0694444,0.124811,0.628814
1044,0.240547,3.50693,1.07612,1,5.49222,0.01,0.732981,0.0694444,0.124811,0.628814
1044,0.240547,3.50693,1.07612,1,5.49222,0.01,0.732981,0.0694444,0.124811,0.628814
38,0.373854,3.50736,1.03349,1,5.49222,0.01,0.732981,0.0694444,0.124811,0.628814
38,0.373854,3.50736,1.03349,1,5.49222,0.01,0.732981,0.0694444,0.124811,0.628814
664,0.50574,3.5079,0.952423,1,5.49222,0.01,0.732981,0.0694444,0.124811,0.628814
664,0.50574,3.5079,0.952423,1,5.49222,0.01,0.732981,0.0694444,0.124811,0.628814
235,0.61965,3.50831,0.829466,1,5.49222,0.01,0.732981,0.0694444,0.124811,0.628814
235,0.61965,3.50831,0.829466,1,5.49222,0.01,0.732981,0.0694444,0.124811,0.628814
1093,0.699318,3.50844,0.668178,1,5.49222,0.01,0.732981,0.0694444,0.124811,0.628814
1093,0.699318,3.50844,0.668178,1,5.49222,0.01,0.732981,0.0694444,0.124811,0.628814
60,0.727882,3.50817,0.485914,1,5.49222,0.01,0.732981,0.0694444,0.124811,0.628814
1045,-0.469279,3.53187,0.672606,0,5.99222,0.01,0.750849,0.0694444,0.124806,0.646683
59,-0.498923,3.53155,0.48369,0,5.99222,0.01,0.750849,0.0694444,0.124806,0.646683
187,-0.38662,3.53179,0.839741,0,5.99222,0.01,0.750849,0.0694444,0.124806,0.646683
1045,-0.469279,3.53187,0.672606,0,5.99222,0.01,0.750849,0.0694444,0.124806,0.646683
616,-0.268391,3.53142,0.967044,0,5.99222,0.01,0.750849,0.0694444,0.124806,0.646683
187,-0.38662,3.53179,0.839741,0,5.99222,0.01,0.750849,0.0694444,0.124806,0.646683
16,-0.131564,3.53091,1.05084,0,5.99222,0.01,0.750849,0.0694444,0.124806,0.646683
616,-0.268391,3.53142,0.967044,0,5.99222,0.01,0.750849,0.0694444,0.124806,0.646683
16,-0.131564,3.53091,1.05084,0,5.99222,0.01,0.750849,0.0694444,0.124806,0.646683
615,0.00682338,3.5305,1.09475,0,5.99222,0.01,0.750849,0.0694444,0.124806,0.646683
615,0.00682338,3.5305,1.09475,0,5.99222,0.01,0.750849,0.0694444,0.124806,0.646683
186,0.125043,3.53035,1.10617,0,5.99222,0.01,0.750849,0.0694444,0.124806,0.646683
186,0.125043,3.53035,1.10617,0,5.99222,0.01,0.750849,0.0694444,0.124806,0.646683
1044,0.243268,3.5305,1.09474,0,5.99222,0.01,0.750849,0.0694444,0.124806,0.646683
1044,0.243268,3.5305,1.09474,0,5.99222,0.01,0.750849,0.0694444,0.124806,0.646683
38,0.381663,3.53091,1.05083,0,5.99222,0.01,0.750849,0.0694444,0.124806,0.646683
38,0.381663,3.53091,1.05083,0,5.99222,0.01,0.750849,0.0694444,0.124806,0.646683
664,0.518489,3.53142,0.967037,0,5.99222,0.01,0.750849,0.0694444,0.124806,0.646683
664,0.518489,3.53142,0.967037,0,5.99222,0.01,0.750849,0.0694444,0.124806,0.646683
235,0.63671,3.53179,0.839737,0,5.99222,0.01,0.750849,0.0694444,0.124806,0.646683
235,0.63671,3.53179,0.839737,0,5.99222,0.01,0.750849,0.0694444,0.124806,0.646683
1093,0.719363,3.53187,0.672611,0,5.99222,0.01,0.750849,0.0694444,0.124806,0.646683
1093,0.719363,3.53187,0.672611,0,5.99222,0.01,0.750849,0.0694444,0.124806,0.646683
60,0.749012,3.53155,0.483712,0,5.99222,0.01,0.750849,0.0694444,0.124806,0.646683
1045,-0.469444,3.53071,0.6723,1,5.99222,0.01,0.750849,0.0694444,0.124806,0.646683
59,-0.499048,3.53036,0.483359,1,5.99222,0.01,0.750849,0.0694444,0.124806,0.646683
187,-0.386719,3.53065,0.83943,1,5.99222,0.01,0.750849,0.0694444,0.124806,0.646683
1045,-0.469444,3.53071,0.6723,1,5.99222,0.01,0.750849,0.0694444,0.124806,0.646683
616,-0.268453,3.53029,0.966724,1,5.99222,0.01,0.750849,0.0694444,0.124806,0.646683
187,-0.386719,3.53065,0.83943,1,5.99222,0.01,0.750849,0.0694444,0.124806,0.646683
16,-0.131583,3.52979,1.05048,1,5.99222,0.01,0.750849,0.0694444,0.124806,0.646683
616,-0.268453,3.53029,0.966724,1,5.99222,0.01,0.750849,0.0694444,0.124806,0.646683
16,-0.131583,3.52979,1.05048,1,5.99222,0.01,0.750849,0.0694444,0.124806,0.646683
615,0.00681671,3.52937,1.0944,1,5.99222,0.01,0.750849,0.0694444,0.124806,0.646683
615,0.00681671,3.52937,1.0944,1,5.99222,0.01,0.750849,0.0694444,0.124806,0.646683
186,0.125042,3.52922,1.10581,1,5.99222,0.01,0.750849,0.0694444,0.124806,0.646683
186,0.125042,3.52922,1.10581,1,5.99222,0.01,0.750849,0.0694444,0.124806,0.646683
1044,0.243272,3.52937,1.09439,1,5.99222,0.01,0.750849,0.0694444,0.124806,0.646683
1044,0.243272,3.52937,1.09439,1,5.99222,0.01,0.750849,0.0694444,0.124806,0.646683
38,0.381675,3.52979,1.05047,1,5.99222,0.01,0.750849,0.0694444,0.124806,0.646683
38,0.381675,3.52979,1.05047,1,5.99222,0.01,0.750849,0.0694444,0.124806,0.646683
664,0.518543,3.53029,0.966713,1,5.99222,0.01,0.750849,0.0694444,0.124806,0.646683
664,0.518543,3.53029,0.966713,1,5.99222,0.01,0.750849,0.0694444,0.124806,0.646683
235,0.636802,3.53064,0.839424,1,5.99222,0.01,0.750849,0.0694444,0.124806,0.646683
235,0.636802,3.53064,0.839424,1,5.99222,0.01,0.750849,0.0694444,0.124806,0.646683
1093,0.71952,3.5307,0.672305,1,5.99222,0.01,0.750849,0.0694444,0.124806,0.646683
1093,0.71952,3.5307,0.672305,1,5.99222,0.01,0.750849,0.0694444,0.124806,0.646683
60,0.749127,3.53035,0.48338,1,5.99222,0.01,0.750849,0.0694444,0.124806,0.646683
1045,-0.488072,3.5538,0.676465,0,6.49222,0.01,0.766368,0.0694444,0.124802,0.662202
59,-0.518676,3.5534,0.481351,0,6.49222,0.01,0.766368,0.0694444,0.124802,0.662202
187,-0.402601,3.55379,0.849036,0,6.49222,0.01,0.766368,0.0694444,0.124802,0.662202
1045,-0.488072,3.5538,0.676465,0,6.49222,0.01,0.766368,0.0694444,0.124802,0.662202
616,-0.280356,3.55347,0.980405,0,6.49222,0.01,0.766368,0.0694444,0.124802,0.662202
187,-0.402601,3.55379,0.849036,0,6.49222,0.01,0.766368,0.0694444,0.124802,0.662202
16,-0.13889,3.55298,1.06672,0,6.49222,0.01,0.766368,0.0694444,0.124802,0.662202
616,-0.280356,3.55347,0.980405,0,6.49222,0.01,0.766368,0.0694444,0.124802,0.662202
16,-0.13889,3.55298,1.06672,0,6.49222,0.01,0.766368,0.0694444,0.124802,0.662202
615,0.004229,3.55257,1.11187,0,6.49222,0.01,0.766368,0.0694444,0.124802,0.662202
615,0.004229,3.55257,1.11187,0,6.49222,0.01,0.766368,0.0694444,0.124802,0.662202
186,0.125048,3.55243,1.12344,0,6.49222,0.01,0.766368,0.0694444,0.124802,0.662202
186,0.125048,3.55243,1.12344,0,6.49222,0.01,0.766368,0.0694444,0.124802,0.662202
1044,0.245873,3.55257,1.11187,0,6.49222,0.01,0.766368,0.0694444,0.124802,0.662202
1044,0.245873,3.55257,1.11187,0,6.49222,0.01,0.766368,0.0694444,0.124802,0.662202
38,0.388996,3.55298,1.06671,0,6.49222,0.01,0.766368,0.0694444,0.124802,0.662202
38,0.388996,3.55298,1.06671,0,6.49222,0.01,0.766368,0.0694444,0.124802,0.662202
664,0.530459,3.55347,0.980397,0,6.49222,0.01,0.766368,0.0694444,0.124802,0.662202
664,0.530459,3.55347,0.980397,0,6.49222,0.01,0.766368,0.0694444,0.124802,0.662202
235,0.652698,3.55379,0.849033,0,6.49222,0.01,0.766368,0.0694444,0.124802,0.662202
235,0.652698,3.55379,0.849033,0,6.49222,0.01,0.766368,0.0694444,0.124802,0.662202
1093,0.73816,3.55379,0.676474,0,6.49222,0.01,0.766368,0.0694444,0.124802,0.662202
1093,0.73816,3.55379,0.676474,0,6.49222,0.01,0.766368,0.0694444,0.124802,0.662202
60,0.768775,3.5534,0.481375,0,6.49222,0.01,0.766368,0.0694444,0.124802,0.662202
1045,-0.488254,3.55266,0.676205,1,6.49222,0.01,0.766368,0.0694444,0.124802,0.662202
59,-0.518838,3.55224,0.481065,1,6.49222,0.01,0.766368,0.0694444,0.124802,0.662202
187,-0.402701,3.55266,0.848767,1,6.49222,0.01,0.766368,0.0694444,0.124802,0.662202
1045,-0.488254,3.55266,0.676205,1,6.49222,0.01,0.766368,0.0694444,0.124802,0.662202
616,-0.280402,3.55234,0.980107,1,6.49222,0.01,0.766368,0.0694444,0.124802,0.662202
187,-0.402701,3.55266,0.848767,1,6.49222,0.01,0.766368,0.0694444,0.124802,0.662202
16,-0.138906,3.55186,1.06639,1,6.49222,0.01,0.766368,0.0694444,0.124802,0.662202
616,-0.280402,3.55234,0.980107,1,6.49222,0.01,0.766368,0.0694444,0.124802,0.662202
16,-0.138906,3.55186,1.06639,1,6.49222,0.01,0.766368,0.0694444,0.124802,0.662202
615,0.00422544,3.55144,1.11152,1,6.49222,0.01,0.766368,0.0694444,0.124802,0.662202
615,0.00422544,3.55144,1.11152,1,6.49222,0.01,0.766368,0.0694444,0.124802,0.662202
186,0.125043,3.5513,1.12307,1,6.49222,0.01,0.766368,0.0694444,0.124802,0.662202
186,0.125043,3.5513,1.12307,1,6.49222,0.01,0.766368,0.0694444,0.124802,0.662202
1044,0.245867,3.55145,1.11151,1,6.49222,0.01,0.766368,0.0694444,0.124802,0.662202
1044,0.245867,3.55145,1.11151,1,6.49222,0.01,0.766368,0.0694444,0.124802,0.662202
38,0.389002,3.55186,1.06638,1,6.49222,0.01,0.766368,0.0694444,0.124802,0.662202
38,0.389002,3.55186,1.06638,1,6.49222,0.01,0.766368,0.0694444,0.124802,0.662202
664,0.530496,3.55234,0.980097,1,6.49222,0.01,0.766368,0.0694444,0.124802,0.662202
664,0.530496,3.55234,0.980097,1,6.49222,0.01,0.766368,0.0694444,0.124802,0.662202
235,0.652788,3.55265,0.848762,1,6.49222,0.01,0.766368,0.0694444,0.124802,0.662202
235,0.652788,3.55265,0.848762,1,6.49222,0.01,0.766368,0.0694444,0.124802,0.662202
1093,0.738335,3.55265,0.676213,1,6.49222,0.01,0.766368,0.0694444,0.124802,0.662202
1093,0.738335,3.55265,0.676213,1,6.49222,0.01,0.766368,0.0694444,0.124802,0.662202
60,0.768923,3.55223,0.48109,1,6.49222,0.01,0.766368,0.0694444,0.124802,0.662202
1045,-0.505755,3.57526,0.680174,0,6.99222,0.01,0.779869,0.0694444,0.124797,0.675702
59,-0.537283,3.57481,0.479251,0,6.99222,0.01,0.779869,0.0694444,0.124797,0.675702
187,-0.417616,3.57529,0.857833,0,6.99222,0.01,0.779869,0.0694444,0.124797,0.675702
1045,-0.505755,3.57526,0.680174,0,6.99222,0.01,0.779869,0.0694444,0.124797,0.675702
616,-0.291591,3.57502,0.992995,0,6.99222,0.01,0.779869,0.0694444,0.124797,0.675702
187,-0.417616,3.57529,0.857833,0,6.99222,0.01,0.779869,0.0694444,0.124797,0.675702
16,-0.145797,3.57456,1.0817,0,6.99222,0.01,0.779869,0.0694444,0.124797,0.675702
616,-0.291591,3.57502,0.992995,0,6.99222,0.01,0.779869,0.0694444,0.124797,0.675702
16,-0.145797,3.57456,1.0817,0,6.99222,0.01,0.779869,0.0694444,0.124797,0.675702
615,0.00175499,3.57415,1.12799,0,6.99222,0.01,0.779869,0.0694444,0.124797,0.675702
615,0.00175499,3.57415,1.12799,0,6.99222,0.01,0.779869,0.0694444,0.124797,0.675702
186,0.12505,3.57399,1.13969,0,6.99222,0.01,0.779869,0.0694444,0.124797,0.675702
186,0.12505,3.57399,1.13969,0,6.99222,0.01,0.779869,0.0694444,0.124797,0.675702
1044,0.248352,3.57415,1.12799,0,6.99222,0.01,0.779869,0.0694444,0.124797,0.675702
1044,0.248352,3.57415,1.12799,0,6.99222,0.01,0.779869,0.0694444,0.124797,0.675702
38,0.395908,3.57456,1.08169,0,6.99222,0.01,0.779869,0.0694444,0.124797,0.675702
38,0.395908,3.57456,1.08169,0,6.99222,0.01,0.779869,0.0694444,0.124797,0.675702
664,0.541701,3.57501,0.992987,0,6.99222,0.01,0.779869,0.0694444,0.124797,0.675702
664,0.541701,3.57501,0.992987,0,6.99222,0.01,0.779869,0.0694444,0.124797,0.675702
235,0.667716,3.57529,0.857827,0,6.99222,0.01,0.779869,0.0694444,0.124797,0.675702
235,0.667716,3.57529,0.857827,0,6.99222,0.01,0.779869,0.0694444,0.124797,0.675702
1093,0.755848,3.57525,0.680182,0,6.99222,0.01,0.779869,0.0694444,0.124797,0.675702
1093,0.755848,3.57525,0.680182,0,6.99222,0.01,0.779869,0.0694444,0.124797,0.675702
60,0.787384,3.5748,0.479274,0,6.99222,0.01,0.779869,0.0694444,0.124797,0.675702
1045,-0.505933,3.57414,0.679913,1,6.99222,0.01,0.779869,0.0694444,0.124797,0.675702
59,-0.537438,3.57366,0.478957,1,6.99222,0.01,0.779869,0.0694444,0.124797,0.675702
187,-0.41773,3.57419,0.857574,1,6.99222,0.01,0.779869,0.0694444,0.124797,0.675702
1045,-0.505933,3.57414,0.679913,1,6.99222,0.01,0.779869,0.0694444,0.124797,0.675702
616,-0.291652,3.57391,0.992715,1,6.99222,0.01,0.779869,0.0694444,0.124797,0.675702
187,-0.41773,3.57419,0.857574,1,6.99222,0.01,0.779869,0.0694444,0.124797,0.675702
16,-0.145819,3.57344,1.08138,1,6.99222,0.01,0.779869,0.0694444,0.124797,0.675702
616,-0.291652,3.57391,0.992715,1,6.99222,0.01,0.779869,0.0694444,0.124797,0.675702
16,-0.145819,3.57344,1.08138,1,6.99222,0.01,0.779869,0.0694444,0.124797,0.675702
615,0.00174641,3.57303,1.12765,1,6.99222,0.01,0.779869,0.0694444,0.124797,0.675702
615,0.00174641,3.57303,1.12765,1,6.99222,0.01,0.779869,0.0694444,0.124797,0.675702
186,0.125045,3.57288,1.13934,1,6.99222,0.01,0.779869,0.0694444,0.124797,0.675702
186,0.125045,3.57288,1.13934,1,6.99222,0.01,0.779869,0.0694444,0.124797,0.675702
1044,0.24835,3.57303,1.12764,1,6.99222,0.01,0.779869,0.0694444,0.124797,0.675702
1044,0.24835,3.57303,1.12764,1,6.99222,0.01,0.779869,0.0694444,0.124797,0.675702
38,0.39592,3.57344,1.08137,1,6.99222,0.01,0.779869,0.0694444,0.124797,0.675702
38,0.39592,3.57344,1.08137,1,6.99222,0.01,0.779869,0.0694444,0.124797,0.675702
664,0.54175,3.5739,0.992706,1,6.99222,0.01,0.779869,0.0694444,0.124797,0.675702
664,0.54175,3.5739,0.992706,1,6.99222,0.01,0.779869,0.0694444,0.124797,0.675702
235,0.667821,3.57418,0.857569,1,6.99222,0.01,0.779869,0.0694444,0.124797,0.675702
235,0.667821,3.57418,0.857569,1,6.99222,0.01,0.779869,0.0694444,0.124797,0.675702
1093,0.756019,3.57413,0.67992,1,6.99222,0.01,0.779869,0.0694444,0.124797,0.675702
1093,0.756019,3.57413,0.67992,1,6.99222,0.01,0.779869,0.0694444,0.124797,0.675702
60,0.787529,3.57365,0.478983,1,6.99222,0.01,0.779869,0.0694444,0.124797,0.675702
1045,-0.52246,3.59617,0.683709,0,7.49222,0.01,0.791704,0.0694444,0.124794,0.687537
59,-0.554864,3.59567,0.477295,0,7.49222,0.01,0.791704,0.0694444,0.124794,0.687537
187,-0.43183,3.59624,0.86619,0,7.49222,0.01,0.791704,0.0694444,0.124794,0.687537
1045,-0.52246,3.59617,0.683709,0,7.49222,0.01,0.791704,0.0694444,0.124794,0.687537
616,-0.302241,3.59599,1.00495,0,7.49222,0.01,0.791704,0.0694444,0.124794,0.687537
187,-0.43183,3.59624,0.86619,0,7.49222,0.01,0.791704,0.0694444,0.124794,0.687537
16,-0.152353,3.59555,1.0959,0,7.49222,0.01,0.791704,0.0694444,0.124794,0.687537
616,-0.302241,3.59599,1.00495,0,7.49222,0.01,0.791704,0.0694444,0.124794,0.687537
16,-0.152353,3.59555,1.0959,0,7.49222,0.01,0.791704,0.0694444,0.124794,0.687537
615,-0.000619625,3.59514,1.14325,0,7.49222,0.01,0.791704,0.0694444,0.124794,0.687537
615,-0.000619625,3.59514,1.14325,0,7.49222,0.01,0.791704,0.0694444,0.124794,0.687537
186,0.125051,3.595,1.15508,0,7.49222,0.01,0.791704,0.0694444,0.124794,0.687537
186,0.125051,3.595,1.15508,0,7.49222,0.01,0.791704,0.0694444,0.124794,0.687537
1044,0.250729,3.59514,1.14324,0,7.49222,0.01,0.791704,0.0694444,0.124794,0.687537
1044,0.250729,3.59514,1.14324,0,7.49222,0.01,0.791704,0.0694444,0.124794,0.687537
38,0.402468,3.59555,1.09588,0,7.49222,0.01,0.791704,0.0694444,0.124794,0.687537
38,0.402468,3.59555,1.09588,0,7.49222,0.01,0.791704,0.0694444,0.124794,0.687537
664,0.552355,3.59599,1.00494,0,7.49222,0.01,0.791704,0.0694444,0.124794,0.687537
664,0.552355,3.59599,1.00494,0,7.49222,0.01,0.791704,0.0694444,0.124794,0.687537
235,0.681936,3.59623,0.866184,0,7.49222,0.01,0.791704,0.0694444,0.124794,0.687537
235,0.681936,3.59623,0.866184,0,7.49222,0.01,0.791704,0.0694444,0.124794,0.687537
1093,0.77256,3.59616,0.683715,0,7.49222,0.01,0.791704,0.0694444,0.124794,0.687537
1093,0.77256,3.59616,0.683715,0,7.49222,0.01,0.791704,0.0694444,0.124794,0.687537
60,0.80498,3.59566,0.47732,0,7.49222,0.01,0.791704,0.0694444,0.124794,0.687537
1045,-0.522632,3.59506,0.683459,1,7.49222,0.01,0.791704,0.0694444,0.124794,0.687537
59,-0.55501,3.59453,0.477013,1,7.49222,0.01,0.791704,0.0694444,0.124794,0.687537
187,-0.431933,3.59516,0.865938,1,7.49222,0.01,0.791704,0.0694444,0.124794,0.687537
1045,-0.522632,3.59506,0.683459,1,7.49222,0.01,0.791704,0.0694444,0.124794,0.687537
616,-0.302294,3.59491,1.00468,1,7.49222,0.01,0.791704,0.0694444,0.124794,0.687537
187,-0.431933,3.59516,0.865938,1,7.49222,0.01,0.791704,0.0694444,0.124794,0.687537
16,-0.152372,3.59445,1.0956,1,7.49222,0.01,0.791704,0.0694444,0.124794,0.687537
616,-0.302294,3.59491,1.00468,1,7.49222,0.01,0.791704,0.0694444,0.124794,0.687537
16,-0.152372,3.59445,1.0956,1,7.49222,0.01,0.791704,0.0694444,0.124794,0.687537
615,-0.000624878,3.59404,1.14295,1,7.49222,0.01,0.791704,0.0694444,0.124794,0.687537
615,-0.000624878,3.59404,1.14295,1,7.49222,0.01,0.791704,0.0694444,0.124794,0.687537
186,0.125056,3.59388,1.15478,1,7.49222,0.01,0.791704,0.0694444,0.124794,0.687537
186,0.125056,3.59388,1.15478,1,7.49222,0.01,0.791704,0.0694444,0.124794,0.687537
1044,0.250743,3.59404,1.14295,1,7.49222,0.01,0.791704,0.0694444,0.124794,0.687537
1044,0.250743,3.59404,1.14295,1,7.49222,0.01,0.791704,0.0694444,0.124794,0.687537
38,0.402495,3.59445,1.09559,1,7.49222,0.01,0.791704,0.0694444,0.124794,0.687537
38,0.402495,3.59445,1.09559,1,7.49222,0.01,0.791704,0.0694444,0.124794,0.687537
664,0.552414,3.5949,1.00466,1,7.49222,0.01,0.791704,0.0694444,0.124794,0.687537
664,0.552414,3.5949,1.00466,1,7.49222,0.01,0.791704,0.0694444,0.124794,0.687537
235,0.682046,3.59515,0.865931,1,7.49222,0.01,0.791704,0.0694444,0.124794,0.687537
235,0.682046,3.59515,0.865931,1,7.49222,0.01,0.791704,0.0694444,0.124794,0.687537
1093,0.772739,3.59506,0.683465,1,7.49222,0.01,0.791704,0.0694444,0.124794,0.687537
1093,0.772739,3.59506,0.683465,1,7.49222,0.01,0.791704,0.0694444,0.124794,0.687537
60,0.80512,3.59452,0.477036,1,7.49222,0.01,0.791704,0.0694444,0.124794,0.687537
