id,x,y,z,ablated,v,bulkheadyoungs,nickdepth,nickw,nickc,bbmin
1045,-0.319263,3.43222,0.643967,0,3.49222,0.1,0.633084,0.0694444,0.12484,0.528917
59,-0.346302,3.43251,0.498487,0,3.49222,0.1,0.633084,0.0694444,0.12484,0.528917
187,-0.262725,3.4316,0.77615,0,3.49222,0.1,0.633084,0.0694444,0.12484,0.528917
1045,-0.319263,3.43222,0.643967,0,3.49222,0.1,0.633084,0.0694444,0.12484,0.528917
616,-0.180347,3.43083,0.881983,0,3.49222,0.1,0.633084,0.0694444,0.12484,0.528917
187,-0.262725,3.4316,0.77615,0,3.49222,0.1,0.633084,0.0694444,0.12484,0.528917
16,-0.0811133,3.43008,0.956929,0,3.49222,0.1,0.633084,0.0694444,0.12484,0.528917
616,-0.180347,3.43083,0.881983,0,3.49222,0.1,0.633084,0.0694444,0.12484,0.528917
16,-0.0811133,3.43008,0.956929,0,3.49222,0.1,0.633084,0.0694444,0.12484,0.528917
615,0.0229535,3.42955,0.997947,0,3.49222,0.1,0.633084,0.0694444,0.12484,0.528917
615,0.0229535,3.42955,0.997947,0,3.49222,0.1,0.633084,0.0694444,0.12484,0.528917
186,0.125029,3.42939,1.01031,0,3.49222,0.1,0.633084,0.0694444,0.12484,0.528917
186,0.125029,3.42939,1.01031,0,3.49222,0.1,0.633084,0.0694444,0.12484,0.528917
1044,0.227102,3.42955,0.997924,0,3.49222,0.1,0.633084,0.0694444,0.12484,0.528917
1044,0.227102,3.42955,0.997924,0,3.49222,0.1,0.633084,0.0694444,0.12484,0.528917
38,0.331171,3.43008,0.956915,0,3.49222,0.1,0.633084,0.0694444,0.12484,0.528917
38,0.331171,3.43008,0.956915,0,3.49222,0.1,0.633084,0.0694444,0.12484,0.528917
664,0.430408,3.43082,0.88198,0,3.49222,0.1,0.633084,0.0694444,0.12484,0.528917
664,0.430408,3.43082,0.88198,0,3.49222,0.1,0.633084,0.0694444,0.12484,0.528917
235,0.512777,3.4316,0.776146,0,3.49222,0.1,0.633084,0.0694444,0.12484,0.528917
235,0.512777,3.4316,0.776146,0,3.49222,0.1,0.633084,0.0694444,0.12484,0.528917
1093,0.569291,3.43222,0.643966,0,3.49222,0.1,0.633084,0.0694444,0.12484,0.528917
1093,0.569291,3.43222,0.643966,0,3.49222,0.1,0.633084,0.0694444,0.12484,0.528917
60,0.596328,3.4325,0.498502,0,3.49222,0.1,0.633084,0.0694444,0.12484,0.528917
1045,-0.321963,3.43192,0.645046,1,3.49222,0.1,0.633084,0.0694444,0.12484,0.528917
59,-0.348912,3.43216,0.499294,1,3.49222,0.1,0.633084,0.0694444,0.12484,0.528917
187,-0.263918,3.43131,0.776764,1,3.49222,0.1,0.633084,0.0694444,0.12484,0.528917
1045,-0.321963,3.43192,0.645046,1,3.49222,0.1,0.633084,0.0694444,0.12484,0.528917
616,-0.180559,3.43053,0.881862,1,3.49222,0.1,0.633084,0.0694444,0.12484,0.528917
187,-0.263918,3.43131,0.776764,1,3.49222,0.1,0.633084,0.0694444,0.12484,0.528917
16,-0.0809795,3.42976,0.956261,1,3.49222,0.1,0.633084,0.0694444,0.12484,0.528917
616,-0.180559,3.43053,0.881862,1,3.49222,0.1,0.633084,0.0694444,0.12484,0.528917
16,-0.0809795,3.42976,0.956261,1,3.49222,0.1,0.633084,0.0694444,0.12484,0.528917
615,0.0230176,3.42922,0.997158,1,3.49222,0.1,0.633084,0.0694444,0.12484,0.528917
615,0.0230176,3.42922,0.997158,1,3.49222,0.1,0.633084,0.0694444,0.12484,0.528917
186,0.125028,3.42906,1.00963,1,3.49222,0.1,0.633084,0.0694444,0.12484,0.528917
186,0.125028,3.42906,1.00963,1,3.49222,0.1,0.633084,0.0694444,0.12484,0.528917
1044,0.227037,3.42922,0.997151,1,3.49222,0.1,0.633084,0.0694444,0.12484,0.528917
1044,0.227037,3.42922,0.997151,1,3.49222,0.1,0.633084,0.0694444,0.12484,0.528917
38,0.331035,3.42976,0.956255,1,3.49222,0.1,0.633084,0.0694444,0.12484,0.528917
38,0.331035,3.42976,0.956255,1,3.49222,0.1,0.633084,0.0694444,0.12484,0.528917
664,0.430612,3.43053,0.881857,1,3.49222,0.1,0.633084,0.0694444,0.12484,0.528917
664,0.430612,3.43053,0.881857,1,3.49222,0.1,0.633084,0.0694444,0.12484,0.528917
235,0.513963,3.43131,0.77676,1,3.49222,0.1,0.633084,0.0694444,0.12484,0.528917
235,0.513963,3.43131,0.77676,1,3.49222,0.1,0.633084,0.0694444,0.12484,0.528917
1093,0.571996,3.43191,0.645049,1,3.49222,0.1,0.633084,0.0694444,0.12484,0.528917
1093,0.571996,3.43191,0.645049,1,3.49222,0.1,0.633084,0.0694444,0.12484,0.528917
60,0.598938,3.43216,0.499309,1,3.49222,0.1,0.633084,0.0694444,0.12484,0.528917
1045,-0.355336,3.44808,0.651713,0,3.99222,0.1,0.66556,0.0694444,0.124832,0.561393
59,-0.382966,3.44818,0.49584,0,3.99222,0.1,0.66556,0.0694444,0.124832,0.561393
187,-0.292281,3.44767,0.79178,0,3.99222,0.1,0.66556,0.0694444,0.124832,0.561393
1045,-0.355336,3.44808,0.651713,0,3.99222,0.1,0.66556,0.0694444,0.124832,0.561393
616,-0.200817,3.44706,0.901843,0,3.99222,0.1,0.66556,0.0694444,0.124832,0.561393
187,-0.292281,3.44767,0.79178,0,3.99222,0.1,0.66556,0.0694444,0.124832,0.561393
16,-0.092167,3.44643,0.977514,0,3.99222,0.1,0.66556,0.0694444,0.124832,0.561393
616,-0.200817,3.44706,0.901843,0,3.99222,0.1,0.66556,0.0694444,0.124832,0.561393
16,-0.092167,3.44643,0.977514,0,3.99222,0.1,0.66556,0.0694444,0.124832,0.561393
615,0.0197586,3.44596,1.01847,0,3.99222,0.1,0.66556,0.0694444,0.124832,0.561393
615,0.0197586,3.44596,1.01847,0,3.99222,0.1,0.66556,0.0694444,0.124832,0.561393
186,0.125032,3.44582,1.03036,0,3.99222,0.1,0.66556,0.0694444,0.124832,0.561393
186,0.125032,3.44582,1.03036,0,3.99222,0.1,0.66556,0.0694444,0.124832,0.561393
1044,0.23031,3.44596,1.01846,0,3.99222,0.1,0.66556,0.0694444,0.124832,0.561393
1044,0.23031,3.44596,1.01846,0,3.99222,0.1,0.66556,0.0694444,0.124832,0.561393
38,0.342237,3.44643,0.977507,0,3.99222,0.1,0.66556,0.0694444,0.124832,0.561393
38,0.342237,3.44643,0.977507,0,3.99222,0.1,0.66556,0.0694444,0.124832,0.561393
664,0.450885,3.44706,0.901835,0,3.99222,0.1,0.66556,0.0694444,0.124832,0.561393
664,0.450885,3.44706,0.901835,0,3.99222,0.1,0.66556,0.0694444,0.124832,0.561393
235,0.542336,3.44766,0.791771,0,3.99222,0.1,0.66556,0.0694444,0.124832,0.561393
235,0.542336,3.44766,0.791771,0,3.99222,0.1,0.66556,0.0694444,0.124832,0.561393
1093,0.605378,3.44808,0.651711,0,3.99222,0.1,0.66556,0.0694444,0.124832,0.561393
1093,0.605378,3.44808,0.651711,0,3.99222,0.1,0.66556,0.0694444,0.124832,0.561393
60,0.633014,3.44818,0.495853,0,3.99222,0.1,0.66556,0.0694444,0.124832,0.561393
1045,-0.357447,3.44791,0.652383,1,3.99222,0.1,0.66556,0.0694444,0.124832,0.561393
59,-0.384974,3.44798,0.496205,1,3.99222,0.1,0.66556,0.0694444,0.124832,0.561393
187,-0.293245,3.4475,0.792181,1,3.99222,0.1,0.66556,0.0694444,0.124832,0.561393
1045,-0.357447,3.44791,0.652383,1,3.99222,0.1,0.66556,0.0694444,0.124832,0.561393
616,-0.201089,3.44689,0.901802,1,3.99222,0.1,0.66556,0.0694444,0.124832,0.561393
187,-0.293245,3.4475,0.792181,1,3.99222,0.1,0.66556,0.0694444,0.124832,0.561393
16,-0.0921924,3.44625,0.97718,1,3.99222,0.1,0.66556,0.0694444,0.124832,0.561393
616,-0.201089,3.44689,0.901802,1,3.99222,0.1,0.66556,0.0694444,0.124832,0.561393
16,-0.0921924,3.44625,0.97718,1,3.99222,0.1,0.66556,0.0694444,0.124832,0.561393
615,0.0197602,3.44578,1.01804,1,3.99222,0.1,0.66556,0.0694444,0.124832,0.561393
615,0.0197602,3.44578,1.01804,1,3.99222,0.1,0.66556,0.0694444,0.124832,0.561393
186,0.12503,3.44563,1.02994,1,3.99222,0.1,0.66556,0.0694444,0.124832,0.561393
186,0.12503,3.44563,1.02994,1,3.99222,0.1,0.66556,0.0694444,0.124832,0.561393
1044,0.2303,3.44578,1.01804,1,3.99222,0.1,0.66556,0.0694444,0.124832,0.561393
1044,0.2303,3.44578,1.01804,1,3.99222,0.1,0.66556,0.0694444,0.124832,0.561393
38,0.342253,3.44625,0.977172,1,3.99222,0.1,0.66556,0.0694444,0.124832,0.561393
38,0.342253,3.44625,0.977172,1,3.99222,0.1,0.66556,0.0694444,0.124832,0.561393
664,0.451147,3.44689,0.901795,1,3.99222,0.1,0.66556,0.0694444,0.124832,0.561393
664,0.451147,3.44689,0.901795,1,3.99222,0.1,0.66556,0.0694444,0.124832,0.561393
235,0.543297,3.4475,0.792176,1,3.99222,0.1,0.66556,0.0694444,0.124832,0.561393
235,0.543297,3.4475,0.792176,1,3.99222,0.1,0.66556,0.0694444,0.124832,0.561393
1093,0.607488,3.44791,0.652386,1,3.99222,0.1,0.66556,0.0694444,0.124832,0.561393
1093,0.607488,3.44791,0.652386,1,3.99222,0.1,0.66556,0.0694444,0.124832,0.561393
60,0.635012,3.44798,0.496222,1,3.99222,0.1,0.66556,0.0694444,0.124832,0.561393
1045,-0.383478,3.4684,0.657642,0,4.49222,0.1,0.692667,0.0694444,0.124825,0.5885
59,-0.41231,3.46837,0.492889,0,4.49222,0.1,0.692667,0.0694444,0.124825,0.5885
187,-0.315692,3.46812,0.804961,0,4.49222,0.1,0.692667,0.0694444,0.124825,0.5885
1045,-0.383478,3.4684,0.657642,0,4.49222,0.1,0.692667,0.0694444,0.124825,0.5885
616,-0.217681,3.46762,0.919848,0,4.49222,0.1,0.692667,0.0694444,0.124825,0.5885
187,-0.315692,3.46812,0.804961,0,4.49222,0.1,0.692667,0.0694444,0.124825,0.5885
16,-0.101956,3.46707,0.99794,0,4.49222,0.1,0.692667,0.0694444,0.124825,0.5885
616,-0.217681,3.46762,0.919848,0,4.49222,0.1,0.692667,0.0694444,0.124825,0.5885
16,-0.101956,3.46707,0.99794,0,4.49222,0.1,0.692667,0.0694444,0.124825,0.5885
615,0.0166855,3.46664,1.03993,0,4.49222,0.1,0.692667,0.0694444,0.124825,0.5885
615,0.0166855,3.46664,1.03993,0,4.49222,0.1,0.692667,0.0694444,0.124825,0.5885
186,0.125036,3.46651,1.05177,0,4.49222,0.1,0.692667,0.0694444,0.124825,0.5885
186,0.125036,3.46651,1.05177,0,4.49222,0.1,0.692667,0.0694444,0.124825,0.5885
1044,0.233387,3.46664,1.03992,0,4.49222,0.1,0.692667,0.0694444,0.124825,0.5885
1044,0.233387,3.46664,1.03992,0,4.49222,0.1,0.692667,0.0694444,0.124825,0.5885
38,0.352031,3.46707,0.997933,0,4.49222,0.1,0.692667,0.0694444,0.124825,0.5885
38,0.352031,3.46707,0.997933,0,4.49222,0.1,0.692667,0.0694444,0.124825,0.5885
664,0.467752,3.46762,0.91984,0,4.49222,0.1,0.692667,0.0694444,0.124825,0.5885
664,0.467752,3.46762,0.91984,0,4.49222,0.1,0.692667,0.0694444,0.124825,0.5885
235,0.565757,3.46811,0.804955,0,4.49222,0.1,0.692667,0.0694444,0.124825,0.5885
235,0.565757,3.46811,0.804955,0,4.49222,0.1,0.692667,0.0694444,0.124825,0.5885
1093,0.63354,3.46839,0.657648,0,4.49222,0.1,0.692667,0.0694444,0.124825,0.5885
1093,0.63354,3.46839,0.657648,0,4.49222,0.1,0.692667,0.0694444,0.124825,0.5885
60,0.662372,3.46836,0.492908,0,4.49222,0.1,0.692667,0.0694444,0.124825,0.5885
1045,-0.386291,3.4683,0.658471,1,4.49222,0.1,0.692667,0.0694444,0.124825,0.5885
59,-0.414912,3.46823,0.493266,1,4.49222,0.1,0.692667,0.0694444,0.124825,0.5885
187,-0.317132,3.46804,0.805573,1,4.49222,0.1,0.692667,0.0694444,0.124825,0.5885
1045,-0.386291,3.4683,0.658471,1,4.49222,0.1,0.692667,0.0694444,0.124825,0.5885
616,-0.218215,3.46756,0.919959,1,4.49222,0.1,0.692667,0.0694444,0.124825,0.5885
187,-0.317132,3.46804,0.805573,1,4.49222,0.1,0.692667,0.0694444,0.124825,0.5885
16,-0.102105,3.467,0.997668,1,4.49222,0.1,0.692667,0.0694444,0.124825,0.5885
616,-0.218215,3.46756,0.919959,1,4.49222,0.1,0.692667,0.0694444,0.124825,0.5885
16,-0.102105,3.467,0.997668,1,4.49222,0.1,0.692667,0.0694444,0.124825,0.5885
615,0.0166513,3.46658,1.03948,1,4.49222,0.1,0.692667,0.0694444,0.124825,0.5885
615,0.0166513,3.46658,1.03948,1,4.49222,0.1,0.692667,0.0694444,0.124825,0.5885
186,0.125028,3.46644,1.05128,1,4.49222,0.1,0.692667,0.0694444,0.124825,0.5885
186,0.125028,3.46644,1.05128,1,4.49222,0.1,0.692667,0.0694444,0.124825,0.5885
1044,0.233407,3.46658,1.03947,1,4.49222,0.1,0.692667,0.0694444,0.124825,0.5885
1044,0.233407,3.46658,1.03947,1,4.49222,0.1,0.692667,0.0694444,0.124825,0.5885
38,0.352164,3.467,0.997658,1,4.49222,0.1,0.692667,0.0694444,0.124825,0.5885
38,0.352164,3.467,0.997658,1,4.49222,0.1,0.692667,0.0694444,0.124825,0.5885
664,0.468271,3.46755,0.919949,1,4.49222,0.1,0.692667,0.0694444,0.124825,0.5885
664,0.468271,3.46755,0.919949,1,4.49222,0.1,0.692667,0.0694444,0.124825,0.5885
235,0.567182,3.46803,0.805567,1,4.49222,0.1,0.692667,0.0694444,0.124825,0.5885
235,0.567182,3.46803,0.805567,1,4.49222,0.1,0.692667,0.0694444,0.124825,0.5885
1093,0.636337,3.4683,0.658476,1,4.49222,0.1,0.692667,0.0694444,0.124825,0.5885
1093,0.636337,3.4683,0.658476,1,4.49222,0.1,0.692667,0.0694444,0.124825,0.5885
60,0.66496,3.46823,0.493287,1,4.49222,0.1,0.692667,0.0694444,0.124825,0.5885
1045,-0.4077,3.49062,0.662924,0,4.99222,0.1,0.714849,0.0694444,0.124819,0.610682
59,-0.437793,3.49047,0.490324,0,4.99222,0.1,0.714849,0.0694444,0.124819,0.610682
187,-0.335982,3.49045,0.816806,0,4.99222,0.1,0.714849,0.0694444,0.124819,0.610682
1045,-0.4077,3.49062,0.662924,0,4.99222,0.1,0.714849,0.0694444,0.124819,0.610682
616,-0.232522,3.49005,0.936305,0,4.99222,0.1,0.714849,0.0694444,0.124819,0.610682
187,-0.335982,3.49045,0.816806,0,4.99222,0.1,0.714849,0.0694444,0.124819,0.610682
16,-0.110769,3.48955,1.01699,0,4.99222,0.1,0.714849,0.0694444,0.124819,0.610682
616,-0.232522,3.49005,0.936305,0,4.99222,0.1,0.714849,0.0694444,0.124819,0.610682
16,-0.110769,3.48955,1.01699,0,4.99222,0.1,0.714849,0.0694444,0.124819,0.610682
615,0.0138038,3.48916,1.06016,0,4.99222,0.1,0.714849,0.0694444,0.124819,0.610682
615,0.0138038,3.48916,1.06016,0,4.99222,0.1,0.714849,0.0694444,0.124819,0.610682
186,0.125038,3.48903,1.07205,0,4.99222,0.1,0.714849,0.0694444,0.124819,0.610682
186,0.125038,3.48903,1.07205,0,4.99222,0.1,0.714849,0.0694444,0.124819,0.610682
1044,0.236275,3.48916,1.06016,0,4.99222,0.1,0.714849,0.0694444,0.124819,0.610682
1044,0.236275,3.48916,1.06016,0,4.99222,0.1,0.714849,0.0694444,0.124819,0.610682
38,0.360849,3.48955,1.01698,0,4.99222,0.1,0.714849,0.0694444,0.124819,0.610682
38,0.360849,3.48955,1.01698,0,4.99222,0.1,0.714849,0.0694444,0.124819,0.610682
664,0.4826,3.49004,0.9363,0,4.99222,0.1,0.714849,0.0694444,0.124819,0.610682
664,0.4826,3.49004,0.9363,0,4.99222,0.1,0.714849,0.0694444,0.124819,0.610682
235,0.586052,3.49045,0.816802,0,4.99222,0.1,0.714849,0.0694444,0.124819,0.610682
235,0.586052,3.49045,0.816802,0,4.99222,0.1,0.714849,0.0694444,0.124819,0.610682
1093,0.657763,3.49062,0.662929,0,4.99222,0.1,0.714849,0.0694444,0.124819,0.610682
1093,0.657763,3.49062,0.662929,0,4.99222,0.1,0.714849,0.0694444,0.124819,0.610682
60,0.687861,3.49047,0.490348,0,4.99222,0.1,0.714849,0.0694444,0.124819,0.610682
1045,-0.410472,3.49056,0.663606,1,4.99222,0.1,0.714849,0.0694444,0.124819,0.610682
59,-0.440351,3.49037,0.49054,1,4.99222,0.1,0.714849,0.0694444,0.124819,0.610682
187,-0.337462,3.49041,0.817342,1,4.99222,0.1,0.714849,0.0694444,0.124819,0.610682
1045,-0.410472,3.49056,0.663606,1,4.99222,0.1,0.714849,0.0694444,0.124819,0.610682
616,-0.23313,3.49002,0.936412,1,4.99222,0.1,0.714849,0.0694444,0.124819,0.610682
187,-0.337462,3.49041,0.817342,1,4.99222,0.1,0.714849,0.0694444,0.124819,0.610682
16,-0.110978,3.48953,1.01676,1,4.99222,0.1,0.714849,0.0694444,0.124819,0.610682
616,-0.23313,3.49002,0.936412,1,4.99222,0.1,0.714849,0.0694444,0.124819,0.610682
16,-0.110978,3.48953,1.01676,1,4.99222,0.1,0.714849,0.0694444,0.124819,0.610682
615,0.0137465,3.48914,1.05976,1,4.99222,0.1,0.714849,0.0694444,0.124819,0.610682
615,0.0137465,3.48914,1.05976,1,4.99222,0.1,0.714849,0.0694444,0.124819,0.610682
186,0.125029,3.48901,1.07161,1,4.99222,0.1,0.714849,0.0694444,0.124819,0.610682
186,0.125029,3.48901,1.07161,1,4.99222,0.1,0.714849,0.0694444,0.124819,0.610682
1044,0.236315,3.48914,1.05975,1,4.99222,0.1,0.714849,0.0694444,0.124819,0.610682
1044,0.236315,3.48914,1.05975,1,4.99222,0.1,0.714849,0.0694444,0.124819,0.610682
38,0.361042,3.48953,1.01675,1,4.99222,0.1,0.714849,0.0694444,0.124819,0.610682
38,0.361042,3.48953,1.01675,1,4.99222,0.1,0.714849,0.0694444,0.124819,0.610682
664,0.483191,3.49002,0.936402,1,4.99222,0.1,0.714849,0.0694444,0.124819,0.610682
664,0.483191,3.49002,0.936402,1,4.99222,0.1,0.714849,0.0694444,0.124819,0.610682
235,0.587518,3.49041,0.817338,1,4.99222,0.1,0.714849,0.0694444,0.124819,0.610682
235,0.587518,3.49041,0.817338,1,4.99222,0.1,0.714849,0.0694444,0.124819,0.610682
1093,0.660523,3.49055,0.663613,1,4.99222,0.1,0.714849,0.0694444,0.124819,0.610682
1093,0.660523,3.49055,0.663613,1,4.99222,0.1,0.714849,0.0694444,0.124819,0.610682
60,0.690406,3.49037,0.490564,1,4.99222,0.1,0.714849,0.0694444,0.124819,0.610682
1045,-0.429433,3.51341,0.667748,0,5.49222,0.1,0.734198,0.0694444,0.124814,0.630031
59,-0.460738,3.51316,0.488039,0,5.49222,0.1,0.734198,0.0694444,0.124814,0.630031
187,-0.354265,3.51333,0.827653,0,5.49222,0.1,0.734198,0.0694444,0.124814,0.630031
1045,-0.429433,3.51341,0.667748,0,5.49222,0.1,0.734198,0.0694444,0.124814,0.630031
616,-0.245997,3.51299,0.951481,0,5.49222,0.1,0.734198,0.0694444,0.124814,0.630031
187,-0.354265,3.51333,0.827653,0,5.49222,0.1,0.734198,0.0694444,0.124814,0.630031
16,-0.118865,3.51254,1.03472,0,5.49222,0.1,0.734198,0.0694444,0.124814,0.630031
616,-0.245997,3.51299,0.951481,0,5.49222,0.1,0.734198,0.0694444,0.124814,0.630031
16,-0.118865,3.51254,1.03472,0,5.49222,0.1,0.734198,0.0694444,0.124814,0.630031
615,0.0110805,3.51216,1.07908,0,5.49222,0.1,0.734198,0.0694444,0.124814,0.630031
615,0.0110805,3.51216,1.07908,0,5.49222,0.1,0.734198,0.0694444,0.124814,0.630031
186,0.12504,3.51204,1.09106,0,5.49222,0.1,0.734198,0.0694444,0.124814,0.630031
186,0.12504,3.51204,1.09106,0,5.49222,0.1,0.734198,0.0694444,0.124814,0.630031
1044,0.239003,3.51217,1.07907,0,5.49222,0.1,0.734198,0.0694444,0.124814,0.630031
1044,0.239003,3.51217,1.07907,0,5.49222,0.1,0.734198,0.0694444,0.124814,0.630031
38,0.368951,3.51254,1.03471,0,5.49222,0.1,0.734198,0.0694444,0.124814,0.630031
38,0.368951,3.51254,1.03471,0,5.49222,0.1,0.734198,0.0694444,0.124814,0.630031
664,0.496082,3.51299,0.951474,0,5.49222,0.1,0.734198,0.0694444,0.124814,0.630031
664,0.496082,3.51299,0.951474,0,5.49222,0.1,0.734198,0.0694444,0.124814,0.630031
235,0.604342,3.51332,0.827648,0,5.49222,0.1,0.734198,0.0694444,0.124814,0.630031
235,0.604342,3.51332,0.827648,0,5.49222,0.1,0.734198,0.0694444,0.124814,0.630031
1093,0.679504,3.5134,0.667754,0,5.49222,0.1,0.734198,0.0694444,0.124814,0.630031
1093,0.679504,3.5134,0.667754,0,5.49222,0.1,0.734198,0.0694444,0.124814,0.630031
60,0.710812,3.51315,0.488062,0,5.49222,0.1,0.734198,0.0694444,0.124814,0.630031
1045,-0.432217,3.51337,0.668288,1,5.49222,0.1,0.734198,0.0694444,0.124814,0.630031
59,-0.463309,3.51308,0.488099,1,5.49222,0.1,0.734198,0.0694444,0.124814,0.630031
187,-0.355794,3.51331,0.828097,1,5.49222,0.1,0.734198,0.0694444,0.124814,0.630031
1045,-0.432217,3.51337,0.668288,1,5.49222,0.1,0.734198,0.0694444,0.124814,0.630031
616,-0.246669,3.51299,0.951544,1,5.49222,0.1,0.734198,0.0694444,0.124814,0.630031
187,-0.355794,3.51331,0.828097,1,5.49222,0.1,0.734198,0.0694444,0.124814,0.630031
16,-0.119124,3.51255,1.03447,1,5.49222,0.1,0.734198,0.0694444,0.124814,0.630031
616,-0.246669,3.51299,0.951544,1,5.49222,0.1,0.734198,0.0694444,0.124814,0.630031
16,-0.119124,3.51255,1.03447,1,5.49222,0.1,0.734198,0.0694444,0.124814,0.630031
615,0.0109994,3.51218,1.07867,1,5.49222,0.1,0.734198,0.0694444,0.124814,0.630031
615,0.0109994,3.51218,1.07867,1,5.49222,0.1,0.734198,0.0694444,0.124814,0.630031
186,0.125031,3.51205,1.09062,1,5.49222,0.1,0.734198,0.0694444,0.124814,0.630031
186,0.125031,3.51205,1.09062,1,5.49222,0.1,0.734198,0.0694444,0.124814,0.630031
1044,0.239065,3.51218,1.07867,1,5.49222,0.1,0.734198,0.0694444,0.124814,0.630031
1044,0.239065,3.51218,1.07867,1,5.49222,0.1,0.734198,0.0694444,0.124814,0.630031
38,0.369192,3.51255,1.03446,1,5.49222,0.1,0.734198,0.0694444,0.124814,0.630031
38,0.369192,3.51255,1.03446,1,5.49222,0.1,0.734198,0.0694444,0.124814,0.630031
664,0.496734,3.51299,0.951536,1,5.49222,0.1,0.734198,0.0694444,0.124814,0.630031
664,0.496734,3.51299,0.951536,1,5.49222,0.1,0.734198,0.0694444,0.124814,0.630031
235,0.605855,3.5133,0.828094,1,5.49222,0.1,0.734198,0.0694444,0.124814,0.630031
235,0.605855,3.5133,0.828094,1,5.49222,0.1,0.734198,0.0694444,0.124814,0.630031
1093,0.682273,3.51336,0.668297,1,5.49222,0.1,0.734198,0.0694444,0.124814,0.630031
1093,0.682273,3.51336,0.668297,1,5.49222,0.1,0.734198,0.0694444,0.124814,0.630031
60,0.71337,3.51308,0.488125,1,5.49222,0.1,0.734198,0.0694444,0.124814,0.630031
1045,-0.449366,3.53613,0.672194,0,5.99222,0.1,0.751467,0.0694444,0.124809,0.6473
59,-0.481821,3.53581,0.485941,0,5.99222,0.1,0.751467,0.0694444,0.124809,0.6473
187,-0.371077,3.53612,0.837691,0,5.99222,0.1,0.751467,0.0694444,0.124809,0.6473
1045,-0.449366,3.53613,0.672194,0,5.99222,0.1,0.751467,0.0694444,0.124809,0.6473
616,-0.258456,3.53584,0.965598,0,5.99222,0.1,0.751467,0.0694444,0.124809,0.6473
187,-0.371077,3.53612,0.837691,0,5.99222,0.1,0.751467,0.0694444,0.124809,0.6473
16,-0.126405,3.53542,1.05128,0,5.99222,0.1,0.751467,0.0694444,0.124809,0.6473
616,-0.258456,3.53584,0.965598,0,5.99222,0.1,0.751467,0.0694444,0.124809,0.6473
16,-0.126405,3.53542,1.05128,0,5.99222,0.1,0.751467,0.0694444,0.124809,0.6473
615,0.00848191,3.53505,1.0968,0,5.99222,0.1,0.751467,0.0694444,0.124809,0.6473
615,0.00848191,3.53505,1.0968,0,5.99222,0.1,0.751467,0.0694444,0.124809,0.6473
186,0.125042,3.53492,1.10891,0,5.99222,0.1,0.751467,0.0694444,0.124809,0.6473
186,0.125042,3.53492,1.10891,0,5.99222,0.1,0.751467,0.0694444,0.124809,0.6473
1044,0.241607,3.53505,1.0968,0,5.99222,0.1,0.751467,0.0694444,0.124809,0.6473
1044,0.241607,3.53505,1.0968,0,5.99222,0.1,0.751467,0.0694444,0.124809,0.6473
38,0.376499,3.53542,1.05127,0,5.99222,0.1,0.751467,0.0694444,0.124809,0.6473
38,0.376499,3.53542,1.05127,0,5.99222,0.1,0.751467,0.0694444,0.124809,0.6473
664,0.508545,3.53584,0.965588,0,5.99222,0.1,0.751467,0.0694444,0.124809,0.6473
664,0.508545,3.53584,0.965588,0,5.99222,0.1,0.751467,0.0694444,0.124809,0.6473
235,0.621161,3.53611,0.837688,0,5.99222,0.1,0.751467,0.0694444,0.124809,0.6473
235,0.621161,3.53611,0.837688,0,5.99222,0.1,0.751467,0.0694444,0.124809,0.6473
1093,0.699444,3.53612,0.672202,0,5.99222,0.1,0.751467,0.0694444,0.124809,0.6473
1093,0.699444,3.53612,0.672202,0,5.99222,0.1,0.751467,0.0694444,0.124809,0.6473
60,0.731903,3.5358,0.485966,0,5.99222,0.1,0.751467,0.0694444,0.124809,0.6473
1045,-0.452161,3.5361,0.672633,1,5.99222,0.1,0.751467,0.0694444,0.124809,0.6473
59,-0.4844,3.53574,0.485886,1,5.99222,0.1,0.751467,0.0694444,0.124809,0.6473
187,-0.372641,3.53612,0.838064,1,5.99222,0.1,0.751467,0.0694444,0.124809,0.6473
1045,-0.452161,3.5361,0.672633,1,5.99222,0.1,0.751467,0.0694444,0.124809,0.6473
616,-0.259164,3.53586,0.965613,1,5.99222,0.1,0.751467,0.0694444,0.124809,0.6473
187,-0.372641,3.53612,0.838064,1,5.99222,0.1,0.751467,0.0694444,0.124809,0.6473
16,-0.126699,3.53544,1.05102,1,5.99222,0.1,0.751467,0.0694444,0.124809,0.6473
616,-0.259164,3.53586,0.965613,1,5.99222,0.1,0.751467,0.0694444,0.124809,0.6473
16,-0.126699,3.53544,1.05102,1,5.99222,0.1,0.751467,0.0694444,0.124809,0.6473
615,0.00838543,3.53509,1.09639,1,5.99222,0.1,0.751467,0.0694444,0.124809,0.6473
615,0.00838543,3.53509,1.09639,1,5.99222,0.1,0.751467,0.0694444,0.124809,0.6473
186,0.125032,3.53496,1.10846,1,5.99222,0.1,0.751467,0.0694444,0.124809,0.6473
186,0.125032,3.53496,1.10846,1,5.99222,0.1,0.751467,0.0694444,0.124809,0.6473
1044,0.241683,3.53509,1.09638,1,5.99222,0.1,0.751467,0.0694444,0.124809,0.6473
1044,0.241683,3.53509,1.09638,1,5.99222,0.1,0.751467,0.0694444,0.124809,0.6473
38,0.376771,3.53544,1.05101,1,5.99222,0.1,0.751467,0.0694444,0.124809,0.6473
38,0.376771,3.53544,1.05101,1,5.99222,0.1,0.751467,0.0694444,0.124809,0.6473
664,0.509234,3.53585,0.965605,1,5.99222,0.1,0.751467,0.0694444,0.124809,0.6473
664,0.509234,3.53585,0.965605,1,5.99222,0.1,0.751467,0.0694444,0.124809,0.6473
235,0.622705,3.53611,0.838062,1,5.99222,0.1,0.751467,0.0694444,0.124809,0.6473
235,0.622705,3.53611,0.838062,1,5.99222,0.1,0.751467,0.0694444,0.124809,0.6473
1093,0.702222,3.53609,0.672643,1,5.99222,0.1,0.751467,0.0694444,0.124809,0.6473
1093,0.702222,3.53609,0.672643,1,5.99222,0.1,0.751467,0.0694444,0.124809,0.6473
60,0.734465,3.53573,0.485914,1,5.99222,0.1,0.751467,0.0694444,0.124809,0.6473
1045,-0.467886,3.55847,0.676344,0,6.49222,0.1,0.766723,0.0694444,0.124804,0.662556
59,-0.501418,3.55808,0.483994,0,6.49222,0.1,0.766723,0.0694444,0.124804,0.662556
187,-0.386731,3.55852,0.847077,0,6.49222,0.1,0.766723,0.0694444,0.124804,0.662556
1045,-0.467886,3.55847,0.676344,0,6.49222,0.1,0.766723,0.0694444,0.124804,0.662556
616,-0.270093,3.55829,0.978822,0,6.49222,0.1,0.766723,0.0694444,0.124804,0.662556
187,-0.386731,3.55852,0.847077,0,6.49222,0.1,0.766723,0.0694444,0.124804,0.662556
16,-0.133493,3.55789,1.06685,0,6.49222,0.1,0.766723,0.0694444,0.124804,0.662556
616,-0.270093,3.55829,0.978822,0,6.49222,0.1,0.766723,0.0694444,0.124804,0.662556
16,-0.133493,3.55789,1.06685,0,6.49222,0.1,0.766723,0.0694444,0.124804,0.662556
615,0.00599331,3.55753,1.1135,0,6.49222,0.1,0.766723,0.0694444,0.124804,0.662556
615,0.00599331,3.55753,1.1135,0,6.49222,0.1,0.766723,0.0694444,0.124804,0.662556
186,0.125045,3.5574,1.12574,0,6.49222,0.1,0.766723,0.0694444,0.124804,0.662556
186,0.125045,3.5574,1.12574,0,6.49222,0.1,0.766723,0.0694444,0.124804,0.662556
1044,0.244101,3.55753,1.11349,0,6.49222,0.1,0.766723,0.0694444,0.124804,0.662556
1044,0.244101,3.55753,1.11349,0,6.49222,0.1,0.766723,0.0694444,0.124804,0.662556
38,0.383593,3.55789,1.06684,0,6.49222,0.1,0.766723,0.0694444,0.124804,0.662556
38,0.383593,3.55789,1.06684,0,6.49222,0.1,0.766723,0.0694444,0.124804,0.662556
664,0.52019,3.55829,0.978815,0,6.49222,0.1,0.766723,0.0694444,0.124804,0.662556
664,0.52019,3.55829,0.978815,0,6.49222,0.1,0.766723,0.0694444,0.124804,0.662556
235,0.636821,3.55852,0.847073,0,6.49222,0.1,0.766723,0.0694444,0.124804,0.662556
235,0.636821,3.55852,0.847073,0,6.49222,0.1,0.766723,0.0694444,0.124804,0.662556
1093,0.71797,3.55847,0.676352,0,6.49222,0.1,0.766723,0.0694444,0.124804,0.662556
1093,0.71797,3.55847,0.676352,0,6.49222,0.1,0.766723,0.0694444,0.124804,0.662556
60,0.751506,3.55808,0.484022,0,6.49222,0.1,0.766723,0.0694444,0.124804,0.662556
1045,-0.47089,3.55845,0.676714,1,6.49222,0.1,0.766723,0.0694444,0.124804,0.662556
59,-0.504186,3.55802,0.483827,1,6.49222,0.1,0.766723,0.0694444,0.124804,0.662556
187,-0.388434,3.55853,0.847399,1,6.49222,0.1,0.766723,0.0694444,0.124804,0.662556
1045,-0.47089,3.55845,0.676714,1,6.49222,0.1,0.766723,0.0694444,0.124804,0.662556
616,-0.270883,3.55831,0.978788,1,6.49222,0.1,0.766723,0.0694444,0.124804,0.662556
187,-0.388434,3.55853,0.847399,1,6.49222,0.1,0.766723,0.0694444,0.124804,0.662556
16,-0.133833,3.55793,1.06653,1,6.49222,0.1,0.766723,0.0694444,0.124804,0.662556
616,-0.270883,3.55831,0.978788,1,6.49222,0.1,0.766723,0.0694444,0.124804,0.662556
16,-0.133833,3.55793,1.06653,1,6.49222,0.1,0.766723,0.0694444,0.124804,0.662556
615,0.00587742,3.55758,1.11302,1,6.49222,0.1,0.766723,0.0694444,0.124804,0.662556
615,0.00587742,3.55758,1.11302,1,6.49222,0.1,0.766723,0.0694444,0.124804,0.662556
186,0.125031,3.55745,1.12523,1,6.49222,0.1,0.766723,0.0694444,0.124804,0.662556
186,0.125031,3.55745,1.12523,1,6.49222,0.1,0.766723,0.0694444,0.124804,0.662556
1044,0.244191,3.55758,1.11302,1,6.49222,0.1,0.766723,0.0694444,0.124804,0.662556
1044,0.244191,3.55758,1.11302,1,6.49222,0.1,0.766723,0.0694444,0.124804,0.662556
38,0.383906,3.55793,1.06652,1,6.49222,0.1,0.766723,0.0694444,0.124804,0.662556
38,0.383906,3.55793,1.06652,1,6.49222,0.1,0.766723,0.0694444,0.124804,0.662556
664,0.520954,3.55831,0.97878,1,6.49222,0.1,0.766723,0.0694444,0.124804,0.662556
664,0.520954,3.55831,0.97878,1,6.49222,0.1,0.766723,0.0694444,0.124804,0.662556
235,0.6385,3.55852,0.847398,1,6.49222,0.1,0.766723,0.0694444,0.124804,0.662556
235,0.6385,3.55852,0.847398,1,6.49222,0.1,0.766723,0.0694444,0.124804,0.662556
1093,0.720954,3.55844,0.676726,1,6.49222,0.1,0.766723,0.0694444,0.124804,0.662556
1093,0.720954,3.55844,0.676726,1,6.49222,0.1,0.766723,0.0694444,0.124804,0.662556
60,0.754255,3.55801,0.483858,1,6.49222,0.1,0.766723,0.0694444,0.124804,0.662556
1045,-0.48523,3.5803,0.680254,0,6.99222,0.1,0.779891,0.0694444,0.1248,0.675725
59,-0.519784,3.57985,0.482187,0,6.99222,0.1,0.779891,0.0694444,0.1248,0.675725
187,-0.401413,3.5804,0.855912,0,6.99222,0.1,0.779891,0.0694444,0.1248,0.675725
1045,-0.48523,3.5803,0.680254,0,6.99222,0.1,0.779891,0.0694444,0.1248,0.675725
616,-0.281035,3.5802,0.991292,0,6.99222,0.1,0.779891,0.0694444,0.1248,0.675725
187,-0.401413,3.5804,0.855912,0,6.99222,0.1,0.779891,0.0694444,0.1248,0.675725
16,-0.140188,3.57982,1.08157,0,6.99222,0.1,0.779891,0.0694444,0.1248,0.675725
616,-0.281035,3.5802,0.991292,0,6.99222,0.1,0.779891,0.0694444,0.1248,0.675725
16,-0.140188,3.57982,1.08157,0,6.99222,0.1,0.779891,0.0694444,0.1248,0.675725
615,0.00360602,3.57946,1.12929,0,6.99222,0.1,0.779891,0.0694444,0.1248,0.675725
615,0.00360602,3.57946,1.12929,0,6.99222,0.1,0.779891,0.0694444,0.1248,0.675725
186,0.125046,3.57933,1.14168,0,6.99222,0.1,0.779891,0.0694444,0.1248,0.675725
186,0.125046,3.57933,1.14168,0,6.99222,0.1,0.779891,0.0694444,0.1248,0.675725
1044,0.246493,3.57946,1.12928,0,6.99222,0.1,0.779891,0.0694444,0.1248,0.675725
1044,0.246493,3.57946,1.12928,0,6.99222,0.1,0.779891,0.0694444,0.1248,0.675725
38,0.390293,3.57982,1.08156,0,6.99222,0.1,0.779891,0.0694444,0.1248,0.675725
38,0.390293,3.57982,1.08156,0,6.99222,0.1,0.779891,0.0694444,0.1248,0.675725
664,0.531136,3.5802,0.991283,0,6.99222,0.1,0.779891,0.0694444,0.1248,0.675725
664,0.531136,3.5802,0.991283,0,6.99222,0.1,0.779891,0.0694444,0.1248,0.675725
235,0.651507,3.58039,0.855908,0,6.99222,0.1,0.779891,0.0694444,0.1248,0.675725
235,0.651507,3.58039,0.855908,0,6.99222,0.1,0.779891,0.0694444,0.1248,0.675725
1093,0.73532,3.58029,0.680263,0,6.99222,0.1,0.779891,0.0694444,0.1248,0.675725
1093,0.73532,3.58029,0.680263,0,6.99222,0.1,0.779891,0.0694444,0.1248,0.675725
60,0.769878,3.57985,0.482216,0,6.99222,0.1,0.779891,0.0694444,0.1248,0.675725
1045,-0.488262,3.58027,0.680552,1,6.99222,0.1,0.779891,0.0694444,0.1248,0.675725
59,-0.522577,3.57978,0.481937,1,6.99222,0.1,0.779891,0.0694444,0.1248,0.675725
187,-0.403145,3.5804,0.856181,1,6.99222,0.1,0.779891,0.0694444,0.1248,0.675725
1045,-0.488262,3.58027,0.680552,1,6.99222,0.1,0.779891,0.0694444,0.1248,0.675725
616,-0.281855,3.58023,0.991222,1,6.99222,0.1,0.779891,0.0694444,0.1248,0.675725
187,-0.403145,3.5804,0.856181,1,6.99222,0.1,0.779891,0.0694444,0.1248,0.675725
16,-0.140549,3.57986,1.08122,1,6.99222,0.1,0.779891,0.0694444,0.1248,0.675725
616,-0.281855,3.58023,0.991222,1,6.99222,0.1,0.779891,0.0694444,0.1248,0.675725
16,-0.140549,3.57986,1.08122,1,6.99222,0.1,0.779891,0.0694444,0.1248,0.675725
615,0.00347963,3.57951,1.1288,1,6.99222,0.1,0.779891,0.0694444,0.1248,0.675725
615,0.00347963,3.57951,1.1288,1,6.99222,0.1,0.779891,0.0694444,0.1248,0.675725
186,0.125033,3.57938,1.14115,1,6.99222,0.1,0.779891,0.0694444,0.1248,0.675725
186,0.125033,3.57938,1.14115,1,6.99222,0.1,0.779891,0.0694444,0.1248,0.675725
1044,0.246592,3.57952,1.12879,1,6.99222,0.1,0.779891,0.0694444,0.1248,0.675725
1044,0.246592,3.57952,1.12879,1,6.99222,0.1,0.779891,0.0694444,0.1248,0.675725
38,0.390626,3.57986,1.08121,1,6.99222,0.1,0.779891,0.0694444,0.1248,0.675725
38,0.390626,3.57986,1.08121,1,6.99222,0.1,0.779891,0.0694444,0.1248,0.675725
664,0.531929,3.58023,0.991216,1,6.99222,0.1,0.779891,0.0694444,0.1248,0.675725
664,0.531929,3.58023,0.991216,1,6.99222,0.1,0.779891,0.0694444,0.1248,0.675725
235,0.653215,3.5804,0.856181,1,6.99222,0.1,0.779891,0.0694444,0.1248,0.675725
235,0.653215,3.5804,0.856181,1,6.99222,0.1,0.779891,0.0694444,0.1248,0.675725
1093,0.738329,3.58027,0.680565,1,6.99222,0.1,0.779891,0.0694444,0.1248,0.675725
1093,0.738329,3.58027,0.680565,1,6.99222,0.1,0.779891,0.0694444,0.1248,0.675725
60,0.772651,3.57978,0.481971,1,6.99222,0.1,0.779891,0.0694444,0.1248,0.675725
1045,-0.501586,3.60154,0.683974,0,7.49222,0.1,0.791986,0.0694444,0.124796,0.68782
59,-0.537109,3.60104,0.48051,0,7.49222,0.1,0.791986,0.0694444,0.124796,0.68782
187,-0.415275,3.60168,0.864293,0,7.49222,0.1,0.791986,0.0694444,0.124796,0.68782
1045,-0.501586,3.60154,0.683974,0,7.49222,0.1,0.791986,0.0694444,0.124796,0.68782
616,-0.291388,3.60151,1.00313,0,7.49222,0.1,0.791986,0.0694444,0.124796,0.68782
187,-0.415275,3.60168,0.864293,0,7.49222,0.1,0.791986,0.0694444,0.124796,0.68782
16,-0.146548,3.60114,1.09555,0,7.49222,0.1,0.791986,0.0694444,0.124796,0.68782
616,-0.291388,3.60151,1.00313,0,7.49222,0.1,0.791986,0.0694444,0.124796,0.68782
16,-0.146548,3.60114,1.09555,0,7.49222,0.1,0.791986,0.0694444,0.124796,0.68782
615,0.00130866,3.60078,1.14432,0,7.49222,0.1,0.791986,0.0694444,0.124796,0.68782
615,0.00130866,3.60078,1.14432,0,7.49222,0.1,0.791986,0.0694444,0.124796,0.68782
186,0.125048,3.60064,1.15685,0,7.49222,0.1,0.791986,0.0694444,0.124796,0.68782
186,0.125048,3.60064,1.15685,0,7.49222,0.1,0.791986,0.0694444,0.124796,0.68782
1044,0.248794,3.60078,1.14431,0,7.49222,0.1,0.791986,0.0694444,0.124796,0.68782
1044,0.248794,3.60078,1.14431,0,7.49222,0.1,0.791986,0.0694444,0.124796,0.68782
38,0.396655,3.60114,1.09554,0,7.49222,0.1,0.791986,0.0694444,0.124796,0.68782
38,0.396655,3.60114,1.09554,0,7.49222,0.1,0.791986,0.0694444,0.124796,0.68782
664,0.541494,3.6015,1.00312,0,7.49222,0.1,0.791986,0.0694444,0.124796,0.68782
664,0.541494,3.6015,1.00312,0,7.49222,0.1,0.791986,0.0694444,0.124796,0.68782
235,0.665375,3.60168,0.864291,0,7.49222,0.1,0.791986,0.0694444,0.124796,0.68782
235,0.665375,3.60168,0.864291,0,7.49222,0.1,0.791986,0.0694444,0.124796,0.68782
1093,0.75168,3.60154,0.683984,0,7.49222,0.1,0.791986,0.0694444,0.124796,0.68782
1093,0.75168,3.60154,0.683984,0,7.49222,0.1,0.791986,0.0694444,0.124796,0.68782
60,0.787208,3.60104,0.48054,0,7.49222,0.1,0.791986,0.0694444,0.124796,0.68782
1045,-0.504594,3.60152,0.684202,1,7.49222,0.1,0.791986,0.0694444,0.124796,0.68782
59,-0.539877,3.60097,0.480188,1,7.49222,0.1,0.791986,0.0694444,0.124796,0.68782
187,-0.417001,3.6017,0.864511,1,7.49222,0.1,0.791986,0.0694444,0.124796,0.68782
1045,-0.504594,3.60152,0.684202,1,7.49222,0.1,0.791986,0.0694444,0.124796,0.68782
616,-0.292208,3.60155,1.00303,1,7.49222,0.1,0.791986,0.0694444,0.124796,0.68782
187,-0.417001,3.6017,0.864511,1,7.49222,0.1,0.791986,0.0694444,0.124796,0.68782
16,-0.146902,3.60119,1.09518,1,7.49222,0.1,0.791986,0.0694444,0.124796,0.68782
616,-0.292208,3.60155,1.00303,1,7.49222,0.1,0.791986,0.0694444,0.124796,0.68782
16,-0.146902,3.60119,1.09518,1,7.49222,0.1,0.791986,0.0694444,0.124796,0.68782
615,0.00119639,3.60085,1.1438,1,7.49222,0.1,0.791986,0.0694444,0.124796,0.68782
615,0.00119639,3.60085,1.1438,1,7.49222,0.1,0.791986,0.0694444,0.124796,0.68782
186,0.125056,3.60071,1.1563,1,7.49222,0.1,0.791986,0.0694444,0.124796,0.68782
186,0.125056,3.60071,1.1563,1,7.49222,0.1,0.791986,0.0694444,0.124796,0.68782
1044,0.248922,3.60085,1.14379,1,7.49222,0.1,0.791986,0.0694444,0.124796,0.68782
1044,0.248922,3.60085,1.14379,1,7.49222,0.1,0.791986,0.0694444,0.124796,0.68782
38,0.397025,3.60119,1.09517,1,7.49222,0.1,0.791986,0.0694444,0.124796,0.68782
38,0.397025,3.60119,1.09517,1,7.49222,0.1,0.791986,0.0694444,0.124796,0.68782
664,0.542328,3.60154,1.00301,1,7.49222,0.1,0.791986,0.0694444,0.124796,0.68782
664,0.542328,3.60154,1.00301,1,7.49222,0.1,0.791986,0.0694444,0.124796,0.68782
235,0.667114,3.60169,0.864504,1,7.49222,0.1,0.791986,0.0694444,0.124796,0.68782
235,0.667114,3.60169,0.864504,1,7.49222,0.1,0.791986,0.0694444,0.124796,0.68782
1093,0.754704,3.60151,0.684209,1,7.49222,0.1,0.791986,0.0694444,0.124796,0.68782
1093,0.754704,3.60151,0.684209,1,7.49222,0.1,0.791986,0.0694444,0.124796,0.68782
60,0.789995,3.60096,0.480214,1,7.49222,0.1,0.791986,0.0694444,0.124796,0.68782
