id,x,y,z,ablated,v,bulkheadyoungs,nickdepth,nickw,nickc,bbmin
1045,-0.271501,3.43317,0.639527,0,3.49222,1,0.614672,0.0694444,0.124846,0.510505
59,-0.297776,3.43343,0.495995,0,3.49222,1,0.614672,0.0694444,0.124846,0.510505
187,-0.226128,3.43282,0.772286,0,3.49222,1,0.614672,0.0694444,0.124846,0.510505
1045,-0.271501,3.43317,0.639527,0,3.49222,1,0.614672,0.0694444,0.124846,0.510505
616,-0.157704,3.43243,0.883453,0,3.49222,1,0.614672,0.0694444,0.124846,0.510505
187,-0.226128,3.43282,0.772286,0,3.49222,1,0.614672,0.0694444,0.124846,0.510505
16,-0.0722513,3.43208,0.969321,0,3.49222,1,0.614672,0.0694444,0.124846,0.510505
616,-0.157704,3.43243,0.883453,0,3.49222,1,0.614672,0.0694444,0.124846,0.510505
16,-0.0722513,3.43208,0.969321,0,3.49222,1,0.614672,0.0694444,0.124846,0.510505
615,0.0247535,3.43183,1.01837,0,3.49222,1,0.614672,0.0694444,0.124846,0.510505
615,0.0247535,3.43183,1.01837,0,3.49222,1,0.614672,0.0694444,0.124846,0.510505
186,0.12502,3.43175,1.03371,0,3.49222,1,0.614672,0.0694444,0.124846,0.510505
186,0.12502,3.43175,1.03371,0,3.49222,1,0.614672,0.0694444,0.124846,0.510505
1044,0.225286,3.43182,1.01832,0,3.49222,1,0.614672,0.0694444,0.124846,0.510505
1044,0.225286,3.43182,1.01832,0,3.49222,1,0.614672,0.0694444,0.124846,0.510505
38,0.322295,3.43207,0.969323,0,3.49222,1,0.614672,0.0694444,0.124846,0.510505
38,0.322295,3.43207,0.969323,0,3.49222,1,0.614672,0.0694444,0.124846,0.510505
664,0.407763,3.43242,0.883459,0,3.49222,1,0.614672,0.0694444,0.124846,0.510505
664,0.407763,3.43242,0.883459,0,3.49222,1,0.614672,0.0694444,0.124846,0.510505
235,0.476176,3.43282,0.772301,0,3.49222,1,0.614672,0.0694444,0.124846,0.510505
235,0.476176,3.43282,0.772301,0,3.49222,1,0.614672,0.0694444,0.124846,0.510505
1093,0.5215,3.43316,0.639541,0,3.49222,1,0.614672,0.0694444,0.124846,0.510505
1093,0.5215,3.43316,0.639541,0,3.49222,1,0.614672,0.0694444,0.124846,0.510505
60,0.547804,3.43341,0.496016,0,3.49222,1,0.614672,0.0694444,0.124846,0.510505
1045,-0.276201,3.43334,0.641486,1,3.49222,1,0.614672,0.0694444,0.124846,0.510505
59,-0.303084,3.43342,0.497636,1,3.49222,1,0.614672,0.0694444,0.124846,0.510505
187,-0.228198,3.43309,0.773409,1,3.49222,1,0.614672,0.0694444,0.124846,0.510505
1045,-0.276201,3.43334,0.641486,1,3.49222,1,0.614672,0.0694444,0.124846,0.510505
616,-0.158056,3.43273,0.883202,1,3.49222,1,0.614672,0.0694444,0.124846,0.510505
187,-0.228198,3.43309,0.773409,1,3.49222,1,0.614672,0.0694444,0.124846,0.510505
16,-0.0718548,3.43235,0.967825,1,3.49222,1,0.614672,0.0694444,0.124846,0.510505
616,-0.158056,3.43273,0.883202,1,3.49222,1,0.614672,0.0694444,0.124846,0.510505
16,-0.0718548,3.43235,0.967825,1,3.49222,1,0.614672,0.0694444,0.124846,0.510505
615,0.0250294,3.43208,1.01603,1,3.49222,1,0.614672,0.0694444,0.124846,0.510505
615,0.0250294,3.43208,1.01603,1,3.49222,1,0.614672,0.0694444,0.124846,0.510505
186,0.125022,3.43199,1.03121,1,3.49222,1,0.614672,0.0694444,0.124846,0.510505
186,0.125022,3.43199,1.03121,1,3.49222,1,0.614672,0.0694444,0.124846,0.510505
1044,0.225015,3.43208,1.01603,1,3.49222,1,0.614672,0.0694444,0.124846,0.510505
1044,0.225015,3.43208,1.01603,1,3.49222,1,0.614672,0.0694444,0.124846,0.510505
38,0.321905,3.43235,0.967833,1,3.49222,1,0.614672,0.0694444,0.124846,0.510505
38,0.321905,3.43235,0.967833,1,3.49222,1,0.614672,0.0694444,0.124846,0.510505
664,0.408095,3.43273,0.883201,1,3.49222,1,0.614672,0.0694444,0.124846,0.510505
664,0.408095,3.43273,0.883201,1,3.49222,1,0.614672,0.0694444,0.124846,0.510505
235,0.478232,3.43309,0.773416,1,3.49222,1,0.614672,0.0694444,0.124846,0.510505
235,0.478232,3.43309,0.773416,1,3.49222,1,0.614672,0.0694444,0.124846,0.510505
1093,0.526232,3.43334,0.641506,1,3.49222,1,0.614672,0.0694444,0.124846,0.510505
1093,0.526232,3.43334,0.641506,1,3.49222,1,0.614672,0.0694444,0.124846,0.510505
60,0.5531,3.43344,0.497672,1,3.49222,1,0.614672,0.0694444,0.124846,0.510505
1045,-0.296807,3.45402,0.648092,0,3.99222,1,0.642358,0.0694444,0.12484,0.538191
59,-0.325779,3.45436,0.496666,0,3.99222,1,0.642358,0.0694444,0.12484,0.538191
187,-0.24687,3.45375,0.786302,0,3.99222,1,0.642358,0.0694444,0.12484,0.538191
1045,-0.296807,3.45402,0.648092,0,3.99222,1,0.642358,0.0694444,0.12484,0.538191
616,-0.171959,3.45348,0.90028,0,3.99222,1,0.642358,0.0694444,0.12484,0.538191
187,-0.24687,3.45375,0.786302,0,3.99222,1,0.642358,0.0694444,0.12484,0.538191
16,-0.0790491,3.45323,0.985639,0,3.99222,1,0.642358,0.0694444,0.12484,0.538191
616,-0.171959,3.45348,0.90028,0,3.99222,1,0.642358,0.0694444,0.12484,0.538191
16,-0.0790491,3.45323,0.985639,0,3.99222,1,0.642358,0.0694444,0.12484,0.538191
615,0.0231239,3.45303,1.03383,0,3.99222,1,0.642358,0.0694444,0.12484,0.538191
615,0.0231239,3.45303,1.03383,0,3.99222,1,0.642358,0.0694444,0.12484,0.538191
186,0.125044,3.45298,1.04864,0,3.99222,1,0.642358,0.0694444,0.12484,0.538191
186,0.125044,3.45298,1.04864,0,3.99222,1,0.642358,0.0694444,0.12484,0.538191
1044,0.226924,3.45304,1.0338,0,3.99222,1,0.642358,0.0694444,0.12484,0.538191
1044,0.226924,3.45304,1.0338,0,3.99222,1,0.642358,0.0694444,0.12484,0.538191
38,0.329063,3.45323,0.985644,0,3.99222,1,0.642358,0.0694444,0.12484,0.538191
38,0.329063,3.45323,0.985644,0,3.99222,1,0.642358,0.0694444,0.12484,0.538191
664,0.421951,3.45347,0.900304,0,3.99222,1,0.642358,0.0694444,0.12484,0.538191
664,0.421951,3.45347,0.900304,0,3.99222,1,0.642358,0.0694444,0.12484,0.538191
235,0.496906,3.45374,0.786307,0,3.99222,1,0.642358,0.0694444,0.12484,0.538191
235,0.496906,3.45374,0.786307,0,3.99222,1,0.642358,0.0694444,0.12484,0.538191
1093,0.546838,3.45402,0.648086,0,3.99222,1,0.642358,0.0694444,0.12484,0.538191
1093,0.546838,3.45402,0.648086,0,3.99222,1,0.642358,0.0694444,0.12484,0.538191
60,0.57579,3.45438,0.496684,0,3.99222,1,0.642358,0.0694444,0.12484,0.538191
1045,-0.301933,3.45545,0.650778,1,3.99222,1,0.642358,0.0694444,0.12484,0.538191
59,-0.331473,3.4554,0.498828,1,3.99222,1,0.642358,0.0694444,0.12484,0.538191
187,-0.248912,3.45532,0.788141,1,3.99222,1,0.642358,0.0694444,0.12484,0.538191
1045,-0.301933,3.45545,0.650778,1,3.99222,1,0.642358,0.0694444,0.12484,0.538191
616,-0.172163,3.45508,0.900694,1,3.99222,1,0.642358,0.0694444,0.12484,0.538191
187,-0.248912,3.45532,0.788141,1,3.99222,1,0.642358,0.0694444,0.12484,0.538191
16,-0.0786355,3.45478,0.984938,1,3.99222,1,0.642358,0.0694444,0.12484,0.538191
616,-0.172163,3.45508,0.900694,1,3.99222,1,0.642358,0.0694444,0.12484,0.538191
16,-0.0786355,3.45478,0.984938,1,3.99222,1,0.642358,0.0694444,0.12484,0.538191
615,0.0234067,3.45455,1.0325,1,3.99222,1,0.642358,0.0694444,0.12484,0.538191
615,0.0234067,3.45455,1.0325,1,3.99222,1,0.642358,0.0694444,0.12484,0.538191
186,0.125019,3.45447,1.04723,1,3.99222,1,0.642358,0.0694444,0.12484,0.538191
186,0.125019,3.45447,1.04723,1,3.99222,1,0.642358,0.0694444,0.12484,0.538191
1044,0.226631,3.45455,1.0325,1,3.99222,1,0.642358,0.0694444,0.12484,0.538191
1044,0.226631,3.45455,1.0325,1,3.99222,1,0.642358,0.0694444,0.12484,0.538191
38,0.328678,3.45478,0.984938,1,3.99222,1,0.642358,0.0694444,0.12484,0.538191
38,0.328678,3.45478,0.984938,1,3.99222,1,0.642358,0.0694444,0.12484,0.538191
664,0.422206,3.45508,0.900696,1,3.99222,1,0.642358,0.0694444,0.12484,0.538191
664,0.422206,3.45508,0.900696,1,3.99222,1,0.642358,0.0694444,0.12484,0.538191
235,0.498949,3.45532,0.788144,1,3.99222,1,0.642358,0.0694444,0.12484,0.538191
235,0.498949,3.45532,0.788144,1,3.99222,1,0.642358,0.0694444,0.12484,0.538191
1093,0.551952,3.45544,0.650786,1,3.99222,1,0.642358,0.0694444,0.12484,0.538191
1093,0.551952,3.45544,0.650786,1,3.99222,1,0.642358,0.0694444,0.12484,0.538191
60,0.581481,3.45542,0.498857,1,3.99222,1,0.642358,0.0694444,0.12484,0.538191
1045,-0.318003,3.47972,0.655944,0,4.49222,1,0.666424,0.0694444,0.124834,0.562258
59,-0.349652,3.4799,0.497555,0,4.49222,1,0.666424,0.0694444,0.124834,0.562258
187,-0.264241,3.47955,0.799306,0,4.49222,1,0.666424,0.0694444,0.124834,0.562258
1045,-0.318003,3.47972,0.655944,0,4.49222,1,0.666424,0.0694444,0.124834,0.562258
616,-0.184201,3.47933,0.916441,0,4.49222,1,0.666424,0.0694444,0.124834,0.562258
187,-0.264241,3.47955,0.799306,0,4.49222,1,0.666424,0.0694444,0.124834,0.562258
16,-0.0855049,3.47911,1.00265,0,4.49222,1,0.666424,0.0694444,0.124834,0.562258
616,-0.184201,3.47933,0.916441,0,4.49222,1,0.666424,0.0694444,0.124834,0.562258
16,-0.0855049,3.47911,1.00265,0,4.49222,1,0.666424,0.0694444,0.124834,0.562258
615,0.0214182,3.47894,1.05096,0,4.49222,1,0.666424,0.0694444,0.124834,0.562258
615,0.0214182,3.47894,1.05096,0,4.49222,1,0.666424,0.0694444,0.124834,0.562258
186,0.125024,3.4789,1.06578,0,4.49222,1,0.666424,0.0694444,0.124834,0.562258
186,0.125024,3.4789,1.06578,0,4.49222,1,0.666424,0.0694444,0.124834,0.562258
1044,0.228629,3.47894,1.05095,0,4.49222,1,0.666424,0.0694444,0.124834,0.562258
1044,0.228629,3.47894,1.05095,0,4.49222,1,0.666424,0.0694444,0.124834,0.562258
38,0.335537,3.47911,1.00264,0,4.49222,1,0.666424,0.0694444,0.124834,0.562258
38,0.335537,3.47911,1.00264,0,4.49222,1,0.666424,0.0694444,0.124834,0.562258
664,0.434236,3.47933,0.916456,0,4.49222,1,0.666424,0.0694444,0.124834,0.562258
664,0.434236,3.47933,0.916456,0,4.49222,1,0.666424,0.0694444,0.124834,0.562258
235,0.514304,3.47955,0.799287,0,4.49222,1,0.666424,0.0694444,0.124834,0.562258
235,0.514304,3.47955,0.799287,0,4.49222,1,0.666424,0.0694444,0.124834,0.562258
1093,0.568046,3.47969,0.65594,0,4.49222,1,0.666424,0.0694444,0.124834,0.562258
1093,0.568046,3.47969,0.65594,0,4.49222,1,0.666424,0.0694444,0.124834,0.562258
60,0.599698,3.47993,0.497573,0,4.49222,1,0.666424,0.0694444,0.124834,0.562258
1045,-0.323784,3.48093,0.658575,1,4.49222,1,0.666424,0.0694444,0.124834,0.562258
59,-0.355875,3.48076,0.499432,1,4.49222,1,0.666424,0.0694444,0.124834,0.562258
187,-0.266766,3.48092,0.801176,1,4.49222,1,0.666424,0.0694444,0.124834,0.562258
1045,-0.323784,3.48093,0.658575,1,4.49222,1,0.666424,0.0694444,0.124834,0.562258
616,-0.184734,3.48078,0.916944,1,4.49222,1,0.666424,0.0694444,0.124834,0.562258
187,-0.266766,3.48092,0.801176,1,4.49222,1,0.666424,0.0694444,0.124834,0.562258
16,-0.0853436,3.48055,1.00208,1,4.49222,1,0.666424,0.0694444,0.124834,0.562258
616,-0.184734,3.48078,0.916944,1,4.49222,1,0.666424,0.0694444,0.124834,0.562258
16,-0.0853436,3.48055,1.00208,1,4.49222,1,0.666424,0.0694444,0.124834,0.562258
615,0.0215635,3.48036,1.04988,1,4.49222,1,0.666424,0.0694444,0.124834,0.562258
615,0.0215635,3.48036,1.04988,1,4.49222,1,0.666424,0.0694444,0.124834,0.562258
186,0.125019,3.48029,1.06458,1,4.49222,1,0.666424,0.0694444,0.124834,0.562258
186,0.125019,3.48029,1.06458,1,4.49222,1,0.666424,0.0694444,0.124834,0.562258
1044,0.228477,3.48036,1.04988,1,4.49222,1,0.666424,0.0694444,0.124834,0.562258
1044,0.228477,3.48036,1.04988,1,4.49222,1,0.666424,0.0694444,0.124834,0.562258
38,0.335391,3.48055,1.00209,1,4.49222,1,0.666424,0.0694444,0.124834,0.562258
38,0.335391,3.48055,1.00209,1,4.49222,1,0.666424,0.0694444,0.124834,0.562258
664,0.434782,3.48078,0.916949,1,4.49222,1,0.666424,0.0694444,0.124834,0.562258
664,0.434782,3.48078,0.916949,1,4.49222,1,0.666424,0.0694444,0.124834,0.562258
235,0.51681,3.48091,0.801184,1,4.49222,1,0.666424,0.0694444,0.124834,0.562258
235,0.51681,3.48091,0.801184,1,4.49222,1,0.666424,0.0694444,0.124834,0.562258
1093,0.57381,3.48091,0.658589,1,4.49222,1,0.666424,0.0694444,0.124834,0.562258
1093,0.57381,3.48091,0.658589,1,4.49222,1,0.666424,0.0694444,0.124834,0.562258
60,0.605888,3.48079,0.499467,1,4.49222,1,0.666424,0.0694444,0.124834,0.562258
1045,-0.33688,3.50659,0.662904,0,4.99222,1,0.687402,0.0694444,0.124828,0.583235
59,-0.370994,3.50664,0.498209,0,4.99222,1,0.687402,0.0694444,0.124828,0.583235
187,-0.279828,3.50651,0.811059,0,4.99222,1,0.687402,0.0694444,0.124828,0.583235
1045,-0.33688,3.50659,0.662904,0,4.99222,1,0.687402,0.0694444,0.124828,0.583235
616,-0.195304,3.50635,0.931354,0,4.99222,1,0.687402,0.0694444,0.124828,0.583235
187,-0.279828,3.50651,0.811059,0,4.99222,1,0.687402,0.0694444,0.124828,0.583235
16,-0.0916429,3.50614,1.01882,0,4.99222,1,0.687402,0.0694444,0.124828,0.583235
616,-0.195304,3.50635,0.931354,0,4.99222,1,0.687402,0.0694444,0.124828,0.583235
16,-0.0916429,3.50614,1.01882,0,4.99222,1,0.687402,0.0694444,0.124828,0.583235
615,0.0196253,3.50596,1.06766,0,4.99222,1,0.687402,0.0694444,0.124828,0.583235
615,0.0196253,3.50596,1.06766,0,4.99222,1,0.687402,0.0694444,0.124828,0.583235
186,0.125015,3.50591,1.08258,0,4.99222,1,0.687402,0.0694444,0.124828,0.583235
186,0.125015,3.50591,1.08258,0,4.99222,1,0.687402,0.0694444,0.124828,0.583235
1044,0.230419,3.50597,1.06765,0,4.99222,1,0.687402,0.0694444,0.124828,0.583235
1044,0.230419,3.50597,1.06765,0,4.99222,1,0.687402,0.0694444,0.124828,0.583235
38,0.341686,3.50614,1.0188,0,4.99222,1,0.687402,0.0694444,0.124828,0.583235
38,0.341686,3.50614,1.0188,0,4.99222,1,0.687402,0.0694444,0.124828,0.583235
664,0.445331,3.50635,0.931334,0,4.99222,1,0.687402,0.0694444,0.124828,0.583235
664,0.445331,3.50635,0.931334,0,4.99222,1,0.687402,0.0694444,0.124828,0.583235
235,0.529881,3.50651,0.81108,0,4.99222,1,0.687402,0.0694444,0.124828,0.583235
235,0.529881,3.50651,0.81108,0,4.99222,1,0.687402,0.0694444,0.124828,0.583235
1093,0.586912,3.50657,0.662934,0,4.99222,1,0.687402,0.0694444,0.124828,0.583235
1093,0.586912,3.50657,0.662934,0,4.99222,1,0.687402,0.0694444,0.124828,0.583235
60,0.621038,3.50665,0.498261,0,4.99222,1,0.687402,0.0694444,0.124828,0.583235
1045,-0.343133,3.50721,0.665319,1,4.99222,1,0.687402,0.0694444,0.124828,0.583235
59,-0.377654,3.50695,0.499706,1,4.99222,1,0.687402,0.0694444,0.124828,0.583235
187,-0.282661,3.50729,0.812806,1,4.99222,1,0.687402,0.0694444,0.124828,0.583235
1045,-0.343133,3.50721,0.665319,1,4.99222,1,0.687402,0.0694444,0.124828,0.583235
616,-0.196114,3.50723,0.931823,1,4.99222,1,0.687402,0.0694444,0.124828,0.583235
187,-0.282661,3.50729,0.812806,1,4.99222,1,0.687402,0.0694444,0.124828,0.583235
16,-0.0917156,3.50705,1.01835,1,4.99222,1,0.687402,0.0694444,0.124828,0.583235
616,-0.196114,3.50723,0.931823,1,4.99222,1,0.687402,0.0694444,0.124828,0.583235
16,-0.0917156,3.50705,1.01835,1,4.99222,1,0.687402,0.0694444,0.124828,0.583235
615,0.019663,3.50689,1.06675,1,4.99222,1,0.687402,0.0694444,0.124828,0.583235
615,0.019663,3.50689,1.06675,1,4.99222,1,0.687402,0.0694444,0.124828,0.583235
186,0.125019,3.50683,1.08158,1,4.99222,1,0.687402,0.0694444,0.124828,0.583235
186,0.125019,3.50683,1.08158,1,4.99222,1,0.687402,0.0694444,0.124828,0.583235
1044,0.230379,3.50689,1.06675,1,4.99222,1,0.687402,0.0694444,0.124828,0.583235
1044,0.230379,3.50689,1.06675,1,4.99222,1,0.687402,0.0694444,0.124828,0.583235
38,0.341764,3.50706,1.01835,1,4.99222,1,0.687402,0.0694444,0.124828,0.583235
38,0.341764,3.50706,1.01835,1,4.99222,1,0.687402,0.0694444,0.124828,0.583235
664,0.446164,3.50723,0.931827,1,4.99222,1,0.687402,0.0694444,0.124828,0.583235
664,0.446164,3.50723,0.931827,1,4.99222,1,0.687402,0.0694444,0.124828,0.583235
235,0.532708,3.50729,0.812813,1,4.99222,1,0.687402,0.0694444,0.124828,0.583235
235,0.532708,3.50729,0.812813,1,4.99222,1,0.687402,0.0694444,0.124828,0.583235
1093,0.593157,3.50719,0.665328,1,4.99222,1,0.687402,0.0694444,0.124828,0.583235
1093,0.593157,3.50719,0.665328,1,4.99222,1,0.687402,0.0694444,0.124828,0.583235
60,0.627672,3.50698,0.499744,1,4.99222,1,0.687402,0.0694444,0.124828,0.583235
1045,-0.354225,3.53265,0.668975,0,5.49222,1,0.705796,0.0694444,0.124822,0.601629
59,-0.390687,3.53262,0.498468,0,5.49222,1,0.705796,0.0694444,0.124822,0.601629
187,-0.294104,3.53264,0.821617,0,5.49222,1,0.705796,0.0694444,0.124822,0.601629
1045,-0.354225,3.53265,0.668975,0,5.49222,1,0.705796,0.0694444,0.124822,0.601629
616,-0.205612,3.53252,0.94501,0,5.49222,1,0.705796,0.0694444,0.124822,0.601629
187,-0.294104,3.53264,0.821617,0,5.49222,1,0.705796,0.0694444,0.124822,0.601629
16,-0.0975905,3.53233,1.03406,0,5.49222,1,0.705796,0.0694444,0.124822,0.601629
616,-0.205612,3.53252,0.94501,0,5.49222,1,0.705796,0.0694444,0.124822,0.601629
16,-0.0975905,3.53233,1.03406,0,5.49222,1,0.705796,0.0694444,0.124822,0.601629
615,0.0177384,3.53218,1.08371,0,5.49222,1,0.705796,0.0694444,0.124822,0.601629
615,0.0177384,3.53218,1.08371,0,5.49222,1,0.705796,0.0694444,0.124822,0.601629
186,0.125031,3.53214,1.09882,0,5.49222,1,0.705796,0.0694444,0.124822,0.601629
186,0.125031,3.53214,1.09882,0,5.49222,1,0.705796,0.0694444,0.124822,0.601629
1044,0.232315,3.53219,1.08369,0,5.49222,1,0.705796,0.0694444,0.124822,0.601629
1044,0.232315,3.53219,1.08369,0,5.49222,1,0.705796,0.0694444,0.124822,0.601629
38,0.347646,3.53234,1.03405,0,5.49222,1,0.705796,0.0694444,0.124822,0.601629
38,0.347646,3.53234,1.03405,0,5.49222,1,0.705796,0.0694444,0.124822,0.601629
664,0.45566,3.53252,0.945012,0,5.49222,1,0.705796,0.0694444,0.124822,0.601629
664,0.45566,3.53252,0.945012,0,5.49222,1,0.705796,0.0694444,0.124822,0.601629
235,0.544153,3.53263,0.821626,0,5.49222,1,0.705796,0.0694444,0.124822,0.601629
235,0.544153,3.53263,0.821626,0,5.49222,1,0.705796,0.0694444,0.124822,0.601629
1093,0.604266,3.53263,0.668975,0,5.49222,1,0.705796,0.0694444,0.124822,0.601629
1093,0.604266,3.53263,0.668975,0,5.49222,1,0.705796,0.0694444,0.124822,0.601629
60,0.640733,3.53265,0.498498,0,5.49222,1,0.705796,0.0694444,0.124822,0.601629
1045,-0.360686,3.53329,0.671338,1,5.49222,1,0.705796,0.0694444,0.124822,0.601629
59,-0.397487,3.53295,0.499809,1,5.49222,1,0.705796,0.0694444,0.124822,0.601629
187,-0.297135,3.53344,0.823402,1,5.49222,1,0.705796,0.0694444,0.124822,0.601629
1045,-0.360686,3.53329,0.671338,1,5.49222,1,0.705796,0.0694444,0.124822,0.601629
616,-0.20659,3.53344,0.9456,1,5.49222,1,0.705796,0.0694444,0.124822,0.601629
187,-0.297135,3.53344,0.823402,1,5.49222,1,0.705796,0.0694444,0.124822,0.601629
16,-0.0977499,3.53331,1.03372,1,5.49222,1,0.705796,0.0694444,0.124822,0.601629
616,-0.20659,3.53344,0.9456,1,5.49222,1,0.705796,0.0694444,0.124822,0.601629
16,-0.0977499,3.53331,1.03372,1,5.49222,1,0.705796,0.0694444,0.124822,0.601629
615,0.0177583,3.53317,1.0829,1,5.49222,1,0.705796,0.0694444,0.124822,0.601629
615,0.0177583,3.53317,1.0829,1,5.49222,1,0.705796,0.0694444,0.124822,0.601629
186,0.125019,3.53311,1.09793,1,5.49222,1,0.705796,0.0694444,0.124822,0.601629
186,0.125019,3.53311,1.09793,1,5.49222,1,0.705796,0.0694444,0.124822,0.601629
1044,0.232284,3.53317,1.0829,1,5.49222,1,0.705796,0.0694444,0.124822,0.601629
1044,0.232284,3.53317,1.0829,1,5.49222,1,0.705796,0.0694444,0.124822,0.601629
38,0.3478,3.53332,1.03372,1,5.49222,1,0.705796,0.0694444,0.124822,0.601629
38,0.3478,3.53332,1.03372,1,5.49222,1,0.705796,0.0694444,0.124822,0.601629
664,0.456641,3.53345,0.945605,1,5.49222,1,0.705796,0.0694444,0.124822,0.601629
664,0.456641,3.53345,0.945605,1,5.49222,1,0.705796,0.0694444,0.124822,0.601629
235,0.547182,3.53344,0.823412,1,5.49222,1,0.705796,0.0694444,0.124822,0.601629
235,0.547182,3.53344,0.823412,1,5.49222,1,0.705796,0.0694444,0.124822,0.601629
1093,0.610715,3.53327,0.671353,1,5.49222,1,0.705796,0.0694444,0.124822,0.601629
1093,0.610715,3.53327,0.671353,1,5.49222,1,0.705796,0.0694444,0.124822,0.601629
60,0.647504,3.53298,0.499847,1,5.49222,1,0.705796,0.0694444,0.124822,0.601629
1045,-0.370071,3.55845,0.674592,0,5.99222,1,0.722531,0.0694444,0.124817,0.618365
59,-0.408649,3.5583,0.498697,0,5.99222,1,0.722531,0.0694444,0.124817,0.618365
187,-0.307229,3.55851,0.831477,0,5.99222,1,0.722531,0.0694444,0.124817,0.618365
1045,-0.370071,3.55845,0.674592,0,5.99222,1,0.722531,0.0694444,0.124817,0.618365
616,-0.21517,3.55844,0.957889,0,5.99222,1,0.722531,0.0694444,0.124817,0.618365
187,-0.307229,3.55851,0.831477,0,5.99222,1,0.722531,0.0694444,0.124817,0.618365
16,-0.103177,3.55826,1.04856,0,5.99222,1,0.722531,0.0694444,0.124817,0.618365
616,-0.21517,3.55844,0.957889,0,5.99222,1,0.722531,0.0694444,0.124817,0.618365
16,-0.103177,3.55826,1.04856,0,5.99222,1,0.722531,0.0694444,0.124817,0.618365
615,0.0159142,3.55809,1.09907,0,5.99222,1,0.722531,0.0694444,0.124817,0.618365
615,0.0159142,3.55809,1.09907,0,5.99222,1,0.722531,0.0694444,0.124817,0.618365
186,0.125022,3.55803,1.11442,0,5.99222,1,0.722531,0.0694444,0.124817,0.618365
186,0.125022,3.55803,1.11442,0,5.99222,1,0.722531,0.0694444,0.124817,0.618365
1044,0.234139,3.55809,1.09906,0,5.99222,1,0.722531,0.0694444,0.124817,0.618365
1044,0.234139,3.55809,1.09906,0,5.99222,1,0.722531,0.0694444,0.124817,0.618365
38,0.353227,3.55826,1.04855,0,5.99222,1,0.722531,0.0694444,0.124817,0.618365
38,0.353227,3.55826,1.04855,0,5.99222,1,0.722531,0.0694444,0.124817,0.618365
664,0.465225,3.55843,0.957873,0,5.99222,1,0.722531,0.0694444,0.124817,0.618365
664,0.465225,3.55843,0.957873,0,5.99222,1,0.722531,0.0694444,0.124817,0.618365
235,0.55729,3.5585,0.83147,0,5.99222,1,0.722531,0.0694444,0.124817,0.618365
235,0.55729,3.5585,0.83147,0,5.99222,1,0.722531,0.0694444,0.124817,0.618365
1093,0.620126,3.55843,0.674611,0,5.99222,1,0.722531,0.0694444,0.124817,0.618365
1093,0.620126,3.55843,0.674611,0,5.99222,1,0.722531,0.0694444,0.124817,0.618365
60,0.658705,3.55833,0.498746,0,5.99222,1,0.722531,0.0694444,0.124817,0.618365
1045,-0.37686,3.55876,0.676812,1,5.99222,1,0.722531,0.0694444,0.124817,0.618365
59,-0.415781,3.55835,0.499801,1,5.99222,1,0.722531,0.0694444,0.124817,0.618365
187,-0.310514,3.55898,0.83319,1,5.99222,1,0.722531,0.0694444,0.124817,0.618365
1045,-0.37686,3.55876,0.676812,1,5.99222,1,0.722531,0.0694444,0.124817,0.618365
616,-0.216351,3.55904,0.958468,1,5.99222,1,0.722531,0.0694444,0.124817,0.618365
187,-0.310514,3.55898,0.83319,1,5.99222,1,0.722531,0.0694444,0.124817,0.618365
16,-0.103479,3.55894,1.04826,1,5.99222,1,0.722531,0.0694444,0.124817,0.618365
616,-0.216351,3.55904,0.958468,1,5.99222,1,0.722531,0.0694444,0.124817,0.618365
16,-0.103479,3.55894,1.04826,1,5.99222,1,0.722531,0.0694444,0.124817,0.618365
615,0.0158728,3.55881,1.0983,1,5.99222,1,0.722531,0.0694444,0.124817,0.618365
615,0.0158728,3.55881,1.0983,1,5.99222,1,0.722531,0.0694444,0.124817,0.618365
186,0.125019,3.55876,1.11356,1,5.99222,1,0.722531,0.0694444,0.124817,0.618365
186,0.125019,3.55876,1.11356,1,5.99222,1,0.722531,0.0694444,0.124817,0.618365
1044,0.23417,3.55882,1.0983,1,5.99222,1,0.722531,0.0694444,0.124817,0.618365
1044,0.23417,3.55882,1.0983,1,5.99222,1,0.722531,0.0694444,0.124817,0.618365
38,0.35353,3.55894,1.04827,1,5.99222,1,0.722531,0.0694444,0.124817,0.618365
38,0.35353,3.55894,1.04827,1,5.99222,1,0.722531,0.0694444,0.124817,0.618365
664,0.466403,3.55904,0.958473,1,5.99222,1,0.722531,0.0694444,0.124817,0.618365
664,0.466403,3.55904,0.958473,1,5.99222,1,0.722531,0.0694444,0.124817,0.618365
235,0.560564,3.55898,0.833201,1,5.99222,1,0.722531,0.0694444,0.124817,0.618365
235,0.560564,3.55898,0.833201,1,5.99222,1,0.722531,0.0694444,0.124817,0.618365
1093,0.626891,3.55874,0.676829,1,5.99222,1,0.722531,0.0694444,0.124817,0.618365
1093,0.626891,3.55874,0.676829,1,5.99222,1,0.722531,0.0694444,0.124817,0.618365
60,0.665803,3.55838,0.499842,1,5.99222,1,0.722531,0.0694444,0.124817,0.618365
1045,-0.384916,3.58314,0.679681,0,6.49222,1,0.737708,0.0694444,0.124813,0.633541
59,-0.425423,3.58295,0.49871,0,6.49222,1,0.737708,0.0694444,0.124813,0.633541
187,-0.3196,3.58324,0.840601,0,6.49222,1,0.737708,0.0694444,0.124813,0.633541
1045,-0.384916,3.58314,0.679681,0,6.49222,1,0.737708,0.0694444,0.124813,0.633541
616,-0.224251,3.58321,0.969955,0,6.49222,1,0.737708,0.0694444,0.124813,0.633541
187,-0.3196,3.58324,0.840601,0,6.49222,1,0.737708,0.0694444,0.124813,0.633541
16,-0.108571,3.58306,1.06232,0,6.49222,1,0.737708,0.0694444,0.124813,0.633541
616,-0.224251,3.58321,0.969955,0,6.49222,1,0.737708,0.0694444,0.124813,0.633541
16,-0.108571,3.58306,1.06232,0,6.49222,1,0.737708,0.0694444,0.124813,0.633541
615,0.0140858,3.58291,1.11371,0,6.49222,1,0.737708,0.0694444,0.124813,0.633541
615,0.0140858,3.58291,1.11371,0,6.49222,1,0.737708,0.0694444,0.124813,0.633541
186,0.12502,3.58284,1.12931,0,6.49222,1,0.737708,0.0694444,0.124813,0.633541
186,0.12502,3.58284,1.12931,0,6.49222,1,0.737708,0.0694444,0.124813,0.633541
1044,0.235975,3.58291,1.1137,0,6.49222,1,0.737708,0.0694444,0.124813,0.633541
1044,0.235975,3.58291,1.1137,0,6.49222,1,0.737708,0.0694444,0.124813,0.633541
38,0.358639,3.58307,1.06232,0,6.49222,1,0.737708,0.0694444,0.124813,0.633541
38,0.358639,3.58307,1.06232,0,6.49222,1,0.737708,0.0694444,0.124813,0.633541
664,0.474312,3.58321,0.969954,0,6.49222,1,0.737708,0.0694444,0.124813,0.633541
664,0.474312,3.58321,0.969954,0,6.49222,1,0.737708,0.0694444,0.124813,0.633541
235,0.569656,3.58324,0.840604,0,6.49222,1,0.737708,0.0694444,0.124813,0.633541
235,0.569656,3.58324,0.840604,0,6.49222,1,0.737708,0.0694444,0.124813,0.633541
1093,0.63497,3.58312,0.679695,0,6.49222,1,0.737708,0.0694444,0.124813,0.633541
1093,0.63497,3.58312,0.679695,0,6.49222,1,0.737708,0.0694444,0.124813,0.633541
60,0.675478,3.58297,0.498746,0,6.49222,1,0.737708,0.0694444,0.124813,0.633541
1045,-0.396802,3.58334,0.682791,1,6.49222,1,0.737708,0.0694444,0.124813,0.633541
59,-0.437634,3.58286,0.499844,1,6.49222,1,0.737708,0.0694444,0.124813,0.633541
187,-0.325765,3.58363,0.843204,1,6.49222,1,0.737708,0.0694444,0.124813,0.633541
1045,-0.396802,3.58334,0.682791,1,6.49222,1,0.737708,0.0694444,0.124813,0.633541
616,-0.226679,3.58373,0.970766,1,6.49222,1,0.737708,0.0694444,0.124813,0.633541
187,-0.325765,3.58363,0.843204,1,6.49222,1,0.737708,0.0694444,0.124813,0.633541
16,-0.109312,3.58367,1.06162,1,6.49222,1,0.737708,0.0694444,0.124813,0.633541
616,-0.226679,3.58373,0.970766,1,6.49222,1,0.737708,0.0694444,0.124813,0.633541
16,-0.109312,3.58367,1.06162,1,6.49222,1,0.737708,0.0694444,0.124813,0.633541
615,0.0139266,3.58355,1.11218,1,6.49222,1,0.737708,0.0694444,0.124813,0.633541
615,0.0139266,3.58355,1.11218,1,6.49222,1,0.737708,0.0694444,0.124813,0.633541
186,0.125009,3.58349,1.1276,1,6.49222,1,0.737708,0.0694444,0.124813,0.633541
186,0.125009,3.58349,1.1276,1,6.49222,1,0.737708,0.0694444,0.124813,0.633541
1044,0.236097,3.58355,1.11217,1,6.49222,1,0.737708,0.0694444,0.124813,0.633541
1044,0.236097,3.58355,1.11217,1,6.49222,1,0.737708,0.0694444,0.124813,0.633541
38,0.359338,3.58367,1.06161,1,6.49222,1,0.737708,0.0694444,0.124813,0.633541
38,0.359338,3.58367,1.06161,1,6.49222,1,0.737708,0.0694444,0.124813,0.633541
664,0.4767,3.58373,0.970749,1,6.49222,1,0.737708,0.0694444,0.124813,0.633541
664,0.4767,3.58373,0.970749,1,6.49222,1,0.737708,0.0694444,0.124813,0.633541
235,0.575786,3.58362,0.8432,1,6.49222,1,0.737708,0.0694444,0.124813,0.633541
235,0.575786,3.58362,0.8432,1,6.49222,1,0.737708,0.0694444,0.124813,0.633541
1093,0.646831,3.58332,0.682804,1,6.49222,1,0.737708,0.0694444,0.124813,0.633541
1093,0.646831,3.58332,0.682804,1,6.49222,1,0.737708,0.0694444,0.124813,0.633541
60,0.687681,3.58289,0.499883,1,6.49222,1,0.737708,0.0694444,0.124813,0.633541
1045,-0.39889,3.607,0.684453,0,6.99222,1,0.751768,0.0694444,0.124809,0.647602
59,-0.441209,3.60678,0.498669,0,6.99222,1,0.751768,0.0694444,0.124809,0.647602
187,-0.33123,3.60716,0.849236,0,6.99222,1,0.751768,0.0694444,0.124809,0.647602
1045,-0.39889,3.607,0.684453,0,6.99222,1,0.751768,0.0694444,0.124809,0.647602
616,-0.23283,3.60718,0.981438,0,6.99222,1,0.751768,0.0694444,0.124809,0.647602
187,-0.33123,3.60716,0.849236,0,6.99222,1,0.751768,0.0694444,0.124809,0.647602
16,-0.113724,3.60706,1.07548,0,6.99222,1,0.751768,0.0694444,0.124809,0.647602
616,-0.23283,3.60718,0.981438,0,6.99222,1,0.751768,0.0694444,0.124809,0.647602
16,-0.113724,3.60706,1.07548,0,6.99222,1,0.751768,0.0694444,0.124809,0.647602
615,0.0122898,3.60691,1.12776,0,6.99222,1,0.751768,0.0694444,0.124809,0.647602
615,0.0122898,3.60691,1.12776,0,6.99222,1,0.751768,0.0694444,0.124809,0.647602
186,0.125027,3.60684,1.14363,0,6.99222,1,0.751768,0.0694444,0.124809,0.647602
186,0.125027,3.60684,1.14363,0,6.99222,1,0.751768,0.0694444,0.124809,0.647602
1044,0.237775,3.60691,1.12776,0,6.99222,1,0.751768,0.0694444,0.124809,0.647602
1044,0.237775,3.60691,1.12776,0,6.99222,1,0.751768,0.0694444,0.124809,0.647602
38,0.363805,3.60706,1.07548,0,6.99222,1,0.751768,0.0694444,0.124809,0.647602
38,0.363805,3.60706,1.07548,0,6.99222,1,0.751768,0.0694444,0.124809,0.647602
664,0.482906,3.60718,0.981433,0,6.99222,1,0.751768,0.0694444,0.124809,0.647602
664,0.482906,3.60718,0.981433,0,6.99222,1,0.751768,0.0694444,0.124809,0.647602
235,0.581296,3.60716,0.849243,0,6.99222,1,0.751768,0.0694444,0.124809,0.647602
235,0.581296,3.60716,0.849243,0,6.99222,1,0.751768,0.0694444,0.124809,0.647602
1093,0.648951,3.60701,0.684478,0,6.99222,1,0.751768,0.0694444,0.124809,0.647602
1093,0.648951,3.60701,0.684478,0,6.99222,1,0.751768,0.0694444,0.124809,0.647602
60,0.691266,3.60677,0.498712,0,6.99222,1,0.751768,0.0694444,0.124809,0.647602
1045,-0.411122,3.60718,0.687479,1,6.99222,1,0.751768,0.0694444,0.124809,0.647602
59,-0.453768,3.60669,0.499638,1,6.99222,1,0.751768,0.0694444,0.124809,0.647602
187,-0.337658,3.60753,0.851814,1,6.99222,1,0.751768,0.0694444,0.124809,0.647602
1045,-0.411122,3.60718,0.687479,1,6.99222,1,0.751768,0.0694444,0.124809,0.647602
616,-0.235448,3.60768,0.982262,1,6.99222,1,0.751768,0.0694444,0.124809,0.647602
187,-0.337658,3.60753,0.851814,1,6.99222,1,0.751768,0.0694444,0.124809,0.647602
16,-0.114585,3.60764,1.07483,1,6.99222,1,0.751768,0.0694444,0.124809,0.647602
616,-0.235448,3.60768,0.982262,1,6.99222,1,0.751768,0.0694444,0.124809,0.647602
16,-0.114585,3.60764,1.07483,1,6.99222,1,0.751768,0.0694444,0.124809,0.647602
615,0.0120845,3.60754,1.12629,1,6.99222,1,0.751768,0.0694444,0.124809,0.647602
615,0.0120845,3.60754,1.12629,1,6.99222,1,0.751768,0.0694444,0.124809,0.647602
186,0.12501,3.60748,1.14196,1,6.99222,1,0.751768,0.0694444,0.124809,0.647602
186,0.12501,3.60748,1.14196,1,6.99222,1,0.751768,0.0694444,0.124809,0.647602
1044,0.237941,3.60754,1.12627,1,6.99222,1,0.751768,0.0694444,0.124809,0.647602
1044,0.237941,3.60754,1.12627,1,6.99222,1,0.751768,0.0694444,0.124809,0.647602
38,0.364615,3.60765,1.07481,1,6.99222,1,0.751768,0.0694444,0.124809,0.647602
38,0.364615,3.60765,1.07481,1,6.99222,1,0.751768,0.0694444,0.124809,0.647602
664,0.485473,3.60769,0.982247,1,6.99222,1,0.751768,0.0694444,0.124809,0.647602
664,0.485473,3.60769,0.982247,1,6.99222,1,0.751768,0.0694444,0.124809,0.647602
235,0.587683,3.60754,0.851812,1,6.99222,1,0.751768,0.0694444,0.124809,0.647602
235,0.587683,3.60754,0.851812,1,6.99222,1,0.751768,0.0694444,0.124809,0.647602
1093,0.661156,3.6072,0.687495,1,6.99222,1,0.751768,0.0694444,0.124809,0.647602
1093,0.661156,3.6072,0.687495,1,6.99222,1,0.751768,0.0694444,0.124809,0.647602
60,0.703822,3.60667,0.49968,1,6.99222,1,0.751768,0.0694444,0.124809,0.647602
1045,-0.412045,3.63011,0.688933,0,7.49222,1,0.764623,0.0694444,0.124806,0.660456
59,-0.456055,3.62983,0.498601,0,7.49222,1,0.764623,0.0694444,0.124806,0.660456
187,-0.342212,3.6303,0.857387,0,7.49222,1,0.764623,0.0694444,0.124806,0.660456
1045,-0.412045,3.63011,0.688933,0,7.49222,1,0.764623,0.0694444,0.124806,0.660456
616,-0.240982,3.63035,0.992335,0,7.49222,1,0.764623,0.0694444,0.124806,0.660456
187,-0.342212,3.6303,0.857387,0,7.49222,1,0.764623,0.0694444,0.124806,0.660456
16,-0.118673,3.63025,1.08806,0,7.49222,1,0.764623,0.0694444,0.124806,0.660456
616,-0.240982,3.63035,0.992335,0,7.49222,1,0.764623,0.0694444,0.124806,0.660456
16,-0.118673,3.63025,1.08806,0,7.49222,1,0.764623,0.0694444,0.124806,0.660456
615,0.0105346,3.63011,1.14122,0,7.49222,1,0.764623,0.0694444,0.124806,0.660456
615,0.0105346,3.63011,1.14122,0,7.49222,1,0.764623,0.0694444,0.124806,0.660456
186,0.125029,3.63005,1.15733,0,7.49222,1,0.764623,0.0694444,0.124806,0.660456
186,0.125029,3.63005,1.15733,0,7.49222,1,0.764623,0.0694444,0.124806,0.660456
1044,0.239532,3.63011,1.14122,0,7.49222,1,0.764623,0.0694444,0.124806,0.660456
1044,0.239532,3.63011,1.14122,0,7.49222,1,0.764623,0.0694444,0.124806,0.660456
38,0.368752,3.63025,1.08806,0,7.49222,1,0.764623,0.0694444,0.124806,0.660456
38,0.368752,3.63025,1.08806,0,7.49222,1,0.764623,0.0694444,0.124806,0.660456
664,0.491059,3.63035,0.992333,0,7.49222,1,0.764623,0.0694444,0.124806,0.660456
664,0.491059,3.63035,0.992333,0,7.49222,1,0.764623,0.0694444,0.124806,0.660456
235,0.59228,3.63031,0.85739,0,7.49222,1,0.764623,0.0694444,0.124806,0.660456
235,0.59228,3.63031,0.85739,0,7.49222,1,0.764623,0.0694444,0.124806,0.660456
1093,0.662114,3.63011,0.688944,0,7.49222,1,0.764623,0.0694444,0.124806,0.660456
1093,0.662114,3.63011,0.688944,0,7.49222,1,0.764623,0.0694444,0.124806,0.660456
60,0.706124,3.62984,0.498643,0,7.49222,1,0.764623,0.0694444,0.124806,0.660456
1045,-0.424665,3.63025,0.691885,1,7.49222,1,0.764623,0.0694444,0.124806,0.660456
59,-0.469008,3.62971,0.499399,1,7.49222,1,0.764623,0.0694444,0.124806,0.660456
187,-0.348926,3.63065,0.859962,1,7.49222,1,0.764623,0.0694444,0.124806,0.660456
1045,-0.424665,3.63025,0.691885,1,7.49222,1,0.764623,0.0694444,0.124806,0.660456
616,-0.243787,3.63084,0.993189,1,7.49222,1,0.764623,0.0694444,0.124806,0.660456
187,-0.348926,3.63065,0.859962,1,7.49222,1,0.764623,0.0694444,0.124806,0.660456
16,-0.119638,3.63082,1.08744,1,7.49222,1,0.764623,0.0694444,0.124806,0.660456
616,-0.243787,3.63084,0.993189,1,7.49222,1,0.764623,0.0694444,0.124806,0.660456
16,-0.119638,3.63082,1.08744,1,7.49222,1,0.764623,0.0694444,0.124806,0.660456
615,0.0102827,3.63072,1.13979,1,7.49222,1,0.764623,0.0694444,0.124806,0.660456
615,0.0102827,3.63072,1.13979,1,7.49222,1,0.764623,0.0694444,0.124806,0.660456
186,0.12501,3.63067,1.15572,1,7.49222,1,0.764623,0.0694444,0.124806,0.660456
186,0.12501,3.63067,1.15572,1,7.49222,1,0.764623,0.0694444,0.124806,0.660456
1044,0.239744,3.63073,1.13978,1,7.49222,1,0.764623,0.0694444,0.124806,0.660456
1044,0.239744,3.63073,1.13978,1,7.49222,1,0.764623,0.0694444,0.124806,0.660456
38,0.36967,3.63083,1.08743,1,7.49222,1,0.764623,0.0694444,0.124806,0.660456
38,0.36967,3.63083,1.08743,1,7.49222,1,0.764623,0.0694444,0.124806,0.660456
664,0.493813,3.63084,0.993175,1,7.49222,1,0.764623,0.0694444,0.124806,0.660456
664,0.493813,3.63084,0.993175,1,7.49222,1,0.764623,0.0694444,0.124806,0.660456
235,0.598953,3.63066,0.85996,1,7.49222,1,0.764623,0.0694444,0.124806,0.660456
235,0.598953,3.63066,0.85996,1,7.49222,1,0.764623,0.0694444,0.124806,0.660456
1093,0.674701,3.63025,0.691901,1,7.49222,1,0.764623,0.0694444,0.124806,0.660456
1093,0.674701,3.63025,0.691901,1,7.49222,1,0.764623,0.0694444,0.124806,0.660456
60,0.719061,3.62971,0.499443,1,7.49222,1,0.764623,0.0694444,0.124806,0.660456
