id,x,y,z,ablated,v,bulkheadyoungs,nickdepth,nickw,nickc,bbmin
1045,-0.260303,3.4321,0.63931,0,3.49222,2.15,0.611412,0.0694444,0.124844,0.507246
59,-0.284268,3.43245,0.49604,0,3.49222,2.15,0.611412,0.0694444,0.124844,0.507246
187,-0.21746,3.43177,0.771774,0,3.49222,2.15,0.611412,0.0694444,0.124844,0.507246
1045,-0.260303,3.4321,0.63931,0,3.49222,2.15,0.611412,0.0694444,0.124844,0.507246
616,-0.152,3.43145,0.883426,0,3.49222,2.15,0.611412,0.0694444,0.124844,0.507246
187,-0.21746,3.43177,0.771774,0,3.49222,2.15,0.611412,0.0694444,0.124844,0.507246
16,-0.0698562,3.4312,0.971043,0,3.49222,2.15,0.611412,0.0694444,0.124844,0.507246
616,-0.152,3.43145,0.883426,0,3.49222,2.15,0.611412,0.0694444,0.124844,0.507246
16,-0.0698562,3.4312,0.971043,0,3.49222,2.15,0.611412,0.0694444,0.124844,0.507246
615,0.0253286,3.43103,1.02122,0,3.49222,2.15,0.611412,0.0694444,0.124844,0.507246
615,0.0253286,3.43103,1.02122,0,3.49222,2.15,0.611412,0.0694444,0.124844,0.507246
186,0.125016,3.43099,1.03719,0,3.49222,2.15,0.611412,0.0694444,0.124844,0.507246
186,0.125016,3.43099,1.03719,0,3.49222,2.15,0.611412,0.0694444,0.124844,0.507246
1044,0.224679,3.43103,1.02121,0,3.49222,2.15,0.611412,0.0694444,0.124844,0.507246
1044,0.224679,3.43103,1.02121,0,3.49222,2.15,0.611412,0.0694444,0.124844,0.507246
38,0.319863,3.43119,0.971079,0,3.49222,2.15,0.611412,0.0694444,0.124844,0.507246
38,0.319863,3.43119,0.971079,0,3.49222,2.15,0.611412,0.0694444,0.124844,0.507246
664,0.402028,3.43145,0.883457,0,3.49222,2.15,0.611412,0.0694444,0.124844,0.507246
664,0.402028,3.43145,0.883457,0,3.49222,2.15,0.611412,0.0694444,0.124844,0.507246
235,0.467476,3.43178,0.771785,0,3.49222,2.15,0.611412,0.0694444,0.124844,0.507246
235,0.467476,3.43178,0.771785,0,3.49222,2.15,0.611412,0.0694444,0.124844,0.507246
1093,0.510322,3.4321,0.639301,0,3.49222,2.15,0.611412,0.0694444,0.124844,0.507246
1093,0.510322,3.4321,0.639301,0,3.49222,2.15,0.611412,0.0694444,0.124844,0.507246
60,0.5343,3.43242,0.49605,0,3.49222,2.15,0.611412,0.0694444,0.124844,0.507246
1045,-0.264559,3.43396,0.641155,1,3.49222,2.15,0.611412,0.0694444,0.124844,0.507246
59,-0.289252,3.43405,0.497715,1,3.49222,2.15,0.611412,0.0694444,0.124844,0.507246
187,-0.219422,3.43372,0.772871,1,3.49222,2.15,0.611412,0.0694444,0.124844,0.507246
1045,-0.264559,3.43396,0.641155,1,3.49222,2.15,0.611412,0.0694444,0.124844,0.507246
616,-0.152328,3.43339,0.883169,1,3.49222,2.15,0.611412,0.0694444,0.124844,0.507246
187,-0.219422,3.43372,0.772871,1,3.49222,2.15,0.611412,0.0694444,0.124844,0.507246
16,-0.0693946,3.43305,0.969431,1,3.49222,2.15,0.611412,0.0694444,0.124844,0.507246
616,-0.152328,3.43339,0.883169,1,3.49222,2.15,0.611412,0.0694444,0.124844,0.507246
16,-0.0693946,3.43305,0.969431,1,3.49222,2.15,0.611412,0.0694444,0.124844,0.507246
615,0.0256596,3.43281,1.01873,1,3.49222,2.15,0.611412,0.0694444,0.124844,0.507246
615,0.0256596,3.43281,1.01873,1,3.49222,2.15,0.611412,0.0694444,0.124844,0.507246
186,0.125019,3.43272,1.03448,1,3.49222,2.15,0.611412,0.0694444,0.124844,0.507246
186,0.125019,3.43272,1.03448,1,3.49222,2.15,0.611412,0.0694444,0.124844,0.507246
1044,0.224378,3.43281,1.01872,1,3.49222,2.15,0.611412,0.0694444,0.124844,0.507246
1044,0.224378,3.43281,1.01872,1,3.49222,2.15,0.611412,0.0694444,0.124844,0.507246
38,0.319432,3.43305,0.969419,1,3.49222,2.15,0.611412,0.0694444,0.124844,0.507246
38,0.319432,3.43305,0.969419,1,3.49222,2.15,0.611412,0.0694444,0.124844,0.507246
664,0.402364,3.43339,0.883159,1,3.49222,2.15,0.611412,0.0694444,0.124844,0.507246
664,0.402364,3.43339,0.883159,1,3.49222,2.15,0.611412,0.0694444,0.124844,0.507246
235,0.469456,3.43371,0.772872,1,3.49222,2.15,0.611412,0.0694444,0.124844,0.507246
235,0.469456,3.43371,0.772872,1,3.49222,2.15,0.611412,0.0694444,0.124844,0.507246
1093,0.514585,3.43396,0.64117,1,3.49222,2.15,0.611412,0.0694444,0.124844,0.507246
1093,0.514585,3.43396,0.64117,1,3.49222,2.15,0.611412,0.0694444,0.124844,0.507246
60,0.539266,3.43405,0.497747,1,3.49222,2.15,0.611412,0.0694444,0.124844,0.507246
1045,-0.278251,3.4546,0.647837,0,3.99222,2.15,0.635884,0.0694444,0.124843,0.531717
59,-0.304576,3.4551,0.497625,0,3.99222,2.15,0.635884,0.0694444,0.124843,0.531717
187,-0.232555,3.45427,0.784992,0,3.99222,2.15,0.635884,0.0694444,0.124843,0.531717
1045,-0.278251,3.4546,0.647837,0,3.99222,2.15,0.635884,0.0694444,0.124843,0.531717
616,-0.162365,3.45409,0.899178,0,3.99222,2.15,0.635884,0.0694444,0.124843,0.531717
187,-0.232555,3.45427,0.784992,0,3.99222,2.15,0.635884,0.0694444,0.124843,0.531717
16,-0.0745627,3.45401,0.986594,0,3.99222,2.15,0.635884,0.0694444,0.124843,0.531717
616,-0.162365,3.45409,0.899178,0,3.99222,2.15,0.635884,0.0694444,0.124843,0.531717
16,-0.0745627,3.45401,0.986594,0,3.99222,2.15,0.635884,0.0694444,0.124843,0.531717
615,0.0243355,3.45402,1.03601,0,3.99222,2.15,0.635884,0.0694444,0.124843,0.531717
615,0.0243355,3.45402,1.03601,0,3.99222,2.15,0.635884,0.0694444,0.124843,0.531717
186,0.125026,3.45401,1.05154,0,3.99222,2.15,0.635884,0.0694444,0.124843,0.531717
186,0.125026,3.45401,1.05154,0,3.99222,2.15,0.635884,0.0694444,0.124843,0.531717
1044,0.225687,3.45401,1.03595,0,3.99222,2.15,0.635884,0.0694444,0.124843,0.531717
1044,0.225687,3.45401,1.03595,0,3.99222,2.15,0.635884,0.0694444,0.124843,0.531717
38,0.324612,3.45402,0.986599,0,3.99222,2.15,0.635884,0.0694444,0.124843,0.531717
38,0.324612,3.45402,0.986599,0,3.99222,2.15,0.635884,0.0694444,0.124843,0.531717
664,0.412385,3.4541,0.899157,0,3.99222,2.15,0.635884,0.0694444,0.124843,0.531717
664,0.412385,3.4541,0.899157,0,3.99222,2.15,0.635884,0.0694444,0.124843,0.531717
235,0.482556,3.45428,0.784986,0,3.99222,2.15,0.635884,0.0694444,0.124843,0.531717
235,0.482556,3.45428,0.784986,0,3.99222,2.15,0.635884,0.0694444,0.124843,0.531717
1093,0.528291,3.45459,0.647905,0,3.99222,2.15,0.635884,0.0694444,0.124843,0.531717
1093,0.528291,3.45459,0.647905,0,3.99222,2.15,0.635884,0.0694444,0.124843,0.531717
60,0.554575,3.45511,0.497703,0,3.99222,2.15,0.635884,0.0694444,0.124843,0.531717
1045,-0.283511,3.45833,0.651516,1,3.99222,2.15,0.635884,0.0694444,0.124843,0.531717
59,-0.311168,3.45824,0.501008,1,3.99222,2.15,0.635884,0.0694444,0.124843,0.531717
187,-0.234175,3.45829,0.78738,1,3.99222,2.15,0.635884,0.0694444,0.124843,0.531717
1045,-0.283511,3.45833,0.651516,1,3.99222,2.15,0.635884,0.0694444,0.124843,0.531717
616,-0.162046,3.45816,0.899683,1,3.99222,2.15,0.635884,0.0694444,0.124843,0.531717
187,-0.234175,3.45829,0.78738,1,3.99222,2.15,0.635884,0.0694444,0.124843,0.531717
16,-0.0736823,3.45798,0.985586,1,3.99222,2.15,0.635884,0.0694444,0.124843,0.531717
616,-0.162046,3.45816,0.899683,1,3.99222,2.15,0.635884,0.0694444,0.124843,0.531717
16,-0.0736823,3.45798,0.985586,1,3.99222,2.15,0.635884,0.0694444,0.124843,0.531717
615,0.0248316,3.45784,1.03435,1,3.99222,2.15,0.635884,0.0694444,0.124843,0.531717
615,0.0248316,3.45784,1.03435,1,3.99222,2.15,0.635884,0.0694444,0.124843,0.531717
186,0.125029,3.45779,1.04981,1,3.99222,2.15,0.635884,0.0694444,0.124843,0.531717
186,0.125029,3.45779,1.04981,1,3.99222,2.15,0.635884,0.0694444,0.124843,0.531717
1044,0.225226,3.45784,1.03434,1,3.99222,2.15,0.635884,0.0694444,0.124843,0.531717
1044,0.225226,3.45784,1.03434,1,3.99222,2.15,0.635884,0.0694444,0.124843,0.531717
38,0.323736,3.45798,0.985579,1,3.99222,2.15,0.635884,0.0694444,0.124843,0.531717
38,0.323736,3.45798,0.985579,1,3.99222,2.15,0.635884,0.0694444,0.124843,0.531717
664,0.412093,3.45816,0.899674,1,3.99222,2.15,0.635884,0.0694444,0.124843,0.531717
664,0.412093,3.45816,0.899674,1,3.99222,2.15,0.635884,0.0694444,0.124843,0.531717
235,0.484215,3.45829,0.787375,1,3.99222,2.15,0.635884,0.0694444,0.124843,0.531717
235,0.484215,3.45829,0.787375,1,3.99222,2.15,0.635884,0.0694444,0.124843,0.531717
1093,0.533554,3.45833,0.651533,1,3.99222,2.15,0.635884,0.0694444,0.124843,0.531717
1093,0.533554,3.45833,0.651533,1,3.99222,2.15,0.635884,0.0694444,0.124843,0.531717
60,0.561174,3.45824,0.501029,1,3.99222,2.15,0.635884,0.0694444,0.124843,0.531717
1045,-0.295073,3.48099,0.656571,0,4.49222,2.15,0.6566,0.0694444,0.124838,0.552433
59,-0.324779,3.48137,0.500372,0,4.49222,2.15,0.6566,0.0694444,0.124838,0.552433
187,-0.245719,3.48088,0.797664,0,4.49222,2.15,0.6566,0.0694444,0.124838,0.552433
1045,-0.295073,3.48099,0.656571,0,4.49222,2.15,0.6566,0.0694444,0.124838,0.552433
616,-0.171378,3.48082,0.914163,0,4.49222,2.15,0.6566,0.0694444,0.124838,0.552433
187,-0.245719,3.48088,0.797664,0,4.49222,2.15,0.6566,0.0694444,0.124838,0.552433
16,-0.0789979,3.48085,1.00211,0,4.49222,2.15,0.6566,0.0694444,0.124838,0.552433
616,-0.171378,3.48082,0.914163,0,4.49222,2.15,0.6566,0.0694444,0.124838,0.552433
16,-0.0789979,3.48085,1.00211,0,4.49222,2.15,0.6566,0.0694444,0.124838,0.552433
615,0.0232672,3.48085,1.05205,0,4.49222,2.15,0.6566,0.0694444,0.124838,0.552433
615,0.0232672,3.48085,1.05205,0,4.49222,2.15,0.6566,0.0694444,0.124838,0.552433
186,0.125021,3.4809,1.06768,0,4.49222,2.15,0.6566,0.0694444,0.124838,0.552433
186,0.125021,3.4809,1.06768,0,4.49222,2.15,0.6566,0.0694444,0.124838,0.552433
1044,0.226801,3.48085,1.05196,0,4.49222,2.15,0.6566,0.0694444,0.124838,0.552433
1044,0.226801,3.48085,1.05196,0,4.49222,2.15,0.6566,0.0694444,0.124838,0.552433
38,0.32903,3.48085,1.00219,0,4.49222,2.15,0.6566,0.0694444,0.124838,0.552433
38,0.32903,3.48085,1.00219,0,4.49222,2.15,0.6566,0.0694444,0.124838,0.552433
664,0.421376,3.48082,0.914225,0,4.49222,2.15,0.6566,0.0694444,0.124838,0.552433
664,0.421376,3.48082,0.914225,0,4.49222,2.15,0.6566,0.0694444,0.124838,0.552433
235,0.495746,3.48087,0.797631,0,4.49222,2.15,0.6566,0.0694444,0.124838,0.552433
235,0.495746,3.48087,0.797631,0,4.49222,2.15,0.6566,0.0694444,0.124838,0.552433
1093,0.545151,3.48101,0.656538,0,4.49222,2.15,0.6566,0.0694444,0.124838,0.552433
1093,0.545151,3.48101,0.656538,0,4.49222,2.15,0.6566,0.0694444,0.124838,0.552433
60,0.574773,3.48134,0.500376,0,4.49222,2.15,0.6566,0.0694444,0.124838,0.552433
1045,-0.300601,3.48597,0.660126,1,4.49222,2.15,0.6566,0.0694444,0.124838,0.552433
59,-0.331104,3.4858,0.503326,1,4.49222,2.15,0.6566,0.0694444,0.124838,0.552433
187,-0.247856,3.48602,0.800153,1,4.49222,2.15,0.6566,0.0694444,0.124838,0.552433
1045,-0.300601,3.48597,0.660126,1,4.49222,2.15,0.6566,0.0694444,0.124838,0.552433
616,-0.171468,3.48597,0.914919,1,4.49222,2.15,0.6566,0.0694444,0.124838,0.552433
187,-0.247856,3.48602,0.800153,1,4.49222,2.15,0.6566,0.0694444,0.124838,0.552433
16,-0.0784474,3.48584,1.00138,1,4.49222,2.15,0.6566,0.0694444,0.124838,0.552433
616,-0.171468,3.48597,0.914919,1,4.49222,2.15,0.6566,0.0694444,0.124838,0.552433
16,-0.0784474,3.48584,1.00138,1,4.49222,2.15,0.6566,0.0694444,0.124838,0.552433
615,0.0236422,3.48572,1.05027,1,4.49222,2.15,0.6566,0.0694444,0.124838,0.552433
615,0.0236422,3.48572,1.05027,1,4.49222,2.15,0.6566,0.0694444,0.124838,0.552433
186,0.125018,3.48567,1.06584,1,4.49222,2.15,0.6566,0.0694444,0.124838,0.552433
186,0.125018,3.48567,1.06584,1,4.49222,2.15,0.6566,0.0694444,0.124838,0.552433
1044,0.226397,3.48572,1.05028,1,4.49222,2.15,0.6566,0.0694444,0.124838,0.552433
1044,0.226397,3.48572,1.05028,1,4.49222,2.15,0.6566,0.0694444,0.124838,0.552433
38,0.328495,3.48584,1.00139,1,4.49222,2.15,0.6566,0.0694444,0.124838,0.552433
38,0.328495,3.48584,1.00139,1,4.49222,2.15,0.6566,0.0694444,0.124838,0.552433
664,0.421514,3.48597,0.914926,1,4.49222,2.15,0.6566,0.0694444,0.124838,0.552433
664,0.421514,3.48597,0.914926,1,4.49222,2.15,0.6566,0.0694444,0.124838,0.552433
235,0.497895,3.48601,0.800162,1,4.49222,2.15,0.6566,0.0694444,0.124838,0.552433
235,0.497895,3.48601,0.800162,1,4.49222,2.15,0.6566,0.0694444,0.124838,0.552433
1093,0.550623,3.48596,0.660145,1,4.49222,2.15,0.6566,0.0694444,0.124838,0.552433
1093,0.550623,3.48596,0.660145,1,4.49222,2.15,0.6566,0.0694444,0.124838,0.552433
60,0.581113,3.4858,0.503366,1,4.49222,2.15,0.6566,0.0694444,0.124838,0.552433
1045,-0.309809,3.51028,0.664372,0,4.99222,2.15,0.675917,0.0694444,0.124834,0.571751
59,-0.342373,3.51052,0.502833,0,4.99222,2.15,0.675917,0.0694444,0.124834,0.571751
187,-0.257928,3.51025,0.809327,0,4.99222,2.15,0.675917,0.0694444,0.124834,0.571751
1045,-0.309809,3.51028,0.664372,0,4.99222,2.15,0.675917,0.0694444,0.124834,0.571751
616,-0.179985,3.51022,0.928385,0,4.99222,2.15,0.675917,0.0694444,0.124834,0.571751
187,-0.257928,3.51025,0.809327,0,4.99222,2.15,0.675917,0.0694444,0.124834,0.571751
16,-0.0835832,3.51021,1.01713,0,4.99222,2.15,0.675917,0.0694444,0.124834,0.571751
616,-0.179985,3.51022,0.928385,0,4.99222,2.15,0.675917,0.0694444,0.124834,0.571751
16,-0.0835832,3.51021,1.01713,0,4.99222,2.15,0.675917,0.0694444,0.124834,0.571751
615,0.0220065,3.51022,1.06715,0,4.99222,2.15,0.675917,0.0694444,0.124834,0.571751
615,0.0220065,3.51022,1.06715,0,4.99222,2.15,0.675917,0.0694444,0.124834,0.571751
186,0.12501,3.51025,1.08304,0,4.99222,2.15,0.675917,0.0694444,0.124834,0.571751
186,0.12501,3.51025,1.08304,0,4.99222,2.15,0.675917,0.0694444,0.124834,0.571751
1044,0.228015,3.51023,1.06714,0,4.99222,2.15,0.675917,0.0694444,0.124834,0.571751
1044,0.228015,3.51023,1.06714,0,4.99222,2.15,0.675917,0.0694444,0.124834,0.571751
38,0.333625,3.51022,1.01713,0,4.99222,2.15,0.675917,0.0694444,0.124834,0.571751
38,0.333625,3.51022,1.01713,0,4.99222,2.15,0.675917,0.0694444,0.124834,0.571751
664,0.43005,3.51023,0.928402,0,4.99222,2.15,0.675917,0.0694444,0.124834,0.571751
664,0.43005,3.51023,0.928402,0,4.99222,2.15,0.675917,0.0694444,0.124834,0.571751
235,0.507959,3.51025,0.809358,0,4.99222,2.15,0.675917,0.0694444,0.124834,0.571751
235,0.507959,3.51025,0.809358,0,4.99222,2.15,0.675917,0.0694444,0.124834,0.571751
1093,0.559845,3.51028,0.664397,0,4.99222,2.15,0.675917,0.0694444,0.124834,0.571751
1093,0.559845,3.51028,0.664397,0,4.99222,2.15,0.675917,0.0694444,0.124834,0.571751
60,0.592415,3.51051,0.502847,0,4.99222,2.15,0.675917,0.0694444,0.124834,0.571751
1045,-0.316181,3.5142,0.667672,1,4.99222,2.15,0.675917,0.0694444,0.124834,0.571751
59,-0.349495,3.51398,0.505269,1,4.99222,2.15,0.675917,0.0694444,0.124834,0.571751
187,-0.260456,3.51432,0.811653,1,4.99222,2.15,0.675917,0.0694444,0.124834,0.571751
1045,-0.316181,3.5142,0.667672,1,4.99222,2.15,0.675917,0.0694444,0.124834,0.571751
616,-0.180331,3.51433,0.928975,1,4.99222,2.15,0.675917,0.0694444,0.124834,0.571751
187,-0.260456,3.51432,0.811653,1,4.99222,2.15,0.675917,0.0694444,0.124834,0.571751
16,-0.0832107,3.51424,1.01641,1,4.99222,2.15,0.675917,0.0694444,0.124834,0.571751
616,-0.180331,3.51433,0.928975,1,4.99222,2.15,0.675917,0.0694444,0.124834,0.571751
16,-0.0832107,3.51424,1.01641,1,4.99222,2.15,0.675917,0.0694444,0.124834,0.571751
615,0.0223193,3.51413,1.06576,1,4.99222,2.15,0.675917,0.0694444,0.124834,0.571751
615,0.0223193,3.51413,1.06576,1,4.99222,2.15,0.675917,0.0694444,0.124834,0.571751
186,0.125016,3.51409,1.08154,1,4.99222,2.15,0.675917,0.0694444,0.124834,0.571751
186,0.125016,3.51409,1.08154,1,4.99222,2.15,0.675917,0.0694444,0.124834,0.571751
1044,0.227717,3.51413,1.06575,1,4.99222,2.15,0.675917,0.0694444,0.124834,0.571751
1044,0.227717,3.51413,1.06575,1,4.99222,2.15,0.675917,0.0694444,0.124834,0.571751
38,0.333255,3.51424,1.01642,1,4.99222,2.15,0.675917,0.0694444,0.124834,0.571751
38,0.333255,3.51424,1.01642,1,4.99222,2.15,0.675917,0.0694444,0.124834,0.571751
664,0.430377,3.51432,0.928983,1,4.99222,2.15,0.675917,0.0694444,0.124834,0.571751
664,0.430377,3.51432,0.928983,1,4.99222,2.15,0.675917,0.0694444,0.124834,0.571751
235,0.510502,3.51431,0.811665,1,4.99222,2.15,0.675917,0.0694444,0.124834,0.571751
235,0.510502,3.51431,0.811665,1,4.99222,2.15,0.675917,0.0694444,0.124834,0.571751
1093,0.566205,3.5142,0.66769,1,4.99222,2.15,0.675917,0.0694444,0.124834,0.571751
1093,0.566205,3.5142,0.66769,1,4.99222,2.15,0.675917,0.0694444,0.124834,0.571751
60,0.599504,3.51398,0.50531,1,4.99222,2.15,0.675917,0.0694444,0.124834,0.571751
1045,-0.32358,3.53835,0.671169,0,5.49222,2.15,0.69336,0.0694444,0.12483,0.589194
59,-0.358794,3.53853,0.504633,0,5.49222,2.15,0.69336,0.0694444,0.12483,0.589194
187,-0.269219,3.53835,0.819797,0,5.49222,2.15,0.69336,0.0694444,0.12483,0.589194
1045,-0.32358,3.53835,0.671169,0,5.49222,2.15,0.69336,0.0694444,0.12483,0.589194
616,-0.188059,3.53834,0.941342,0,5.49222,2.15,0.69336,0.0694444,0.12483,0.589194
187,-0.269219,3.53835,0.819797,0,5.49222,2.15,0.69336,0.0694444,0.12483,0.589194
16,-0.0880441,3.53834,1.03121,0,5.49222,2.15,0.69336,0.0694444,0.12483,0.589194
616,-0.188059,3.53834,0.941342,0,5.49222,2.15,0.69336,0.0694444,0.12483,0.589194
16,-0.0880441,3.53834,1.03121,0,5.49222,2.15,0.69336,0.0694444,0.12483,0.589194
615,0.0207033,3.53834,1.08174,0,5.49222,2.15,0.69336,0.0694444,0.12483,0.589194
615,0.0207033,3.53834,1.08174,0,5.49222,2.15,0.69336,0.0694444,0.12483,0.589194
186,0.124985,3.53837,1.09797,0,5.49222,2.15,0.69336,0.0694444,0.12483,0.589194
186,0.124985,3.53837,1.09797,0,5.49222,2.15,0.69336,0.0694444,0.12483,0.589194
1044,0.229304,3.53835,1.08175,0,5.49222,2.15,0.69336,0.0694444,0.12483,0.589194
1044,0.229304,3.53835,1.08175,0,5.49222,2.15,0.69336,0.0694444,0.12483,0.589194
38,0.338132,3.53836,1.03118,0,5.49222,2.15,0.69336,0.0694444,0.12483,0.589194
38,0.338132,3.53836,1.03118,0,5.49222,2.15,0.69336,0.0694444,0.12483,0.589194
664,0.438134,3.53836,0.941286,0,5.49222,2.15,0.69336,0.0694444,0.12483,0.589194
664,0.438134,3.53836,0.941286,0,5.49222,2.15,0.69336,0.0694444,0.12483,0.589194
235,0.519259,3.53835,0.819809,0,5.49222,2.15,0.69336,0.0694444,0.12483,0.589194
235,0.519259,3.53835,0.819809,0,5.49222,2.15,0.69336,0.0694444,0.12483,0.589194
1093,0.573602,3.53835,0.671179,0,5.49222,2.15,0.69336,0.0694444,0.12483,0.589194
1093,0.573602,3.53835,0.671179,0,5.49222,2.15,0.69336,0.0694444,0.12483,0.589194
60,0.60887,3.53853,0.504656,0,5.49222,2.15,0.69336,0.0694444,0.12483,0.589194
1045,-0.330552,3.54199,0.674399,1,5.49222,2.15,0.69336,0.0694444,0.12483,0.589194
59,-0.366557,3.54169,0.506882,1,5.49222,2.15,0.69336,0.0694444,0.12483,0.589194
187,-0.272125,3.54217,0.822105,1,5.49222,2.15,0.69336,0.0694444,0.12483,0.589194
1045,-0.330552,3.54199,0.674399,1,5.49222,2.15,0.69336,0.0694444,0.12483,0.589194
616,-0.188649,3.54224,0.941969,1,5.49222,2.15,0.69336,0.0694444,0.12483,0.589194
187,-0.272125,3.54217,0.822105,1,5.49222,2.15,0.69336,0.0694444,0.12483,0.589194
16,-0.0878453,3.54219,1.03058,1,5.49222,2.15,0.69336,0.0694444,0.12483,0.589194
616,-0.188649,3.54224,0.941969,1,5.49222,2.15,0.69336,0.0694444,0.12483,0.589194
16,-0.0878453,3.54219,1.03058,1,5.49222,2.15,0.69336,0.0694444,0.12483,0.589194
615,0.0209294,3.54211,1.08055,1,5.49222,2.15,0.69336,0.0694444,0.12483,0.589194
615,0.0209294,3.54211,1.08055,1,5.49222,2.15,0.69336,0.0694444,0.12483,0.589194
186,0.125015,3.54208,1.09664,1,5.49222,2.15,0.69336,0.0694444,0.12483,0.589194
186,0.125015,3.54208,1.09664,1,5.49222,2.15,0.69336,0.0694444,0.12483,0.589194
1044,0.229106,3.54212,1.08055,1,5.49222,2.15,0.69336,0.0694444,0.12483,0.589194
1044,0.229106,3.54212,1.08055,1,5.49222,2.15,0.69336,0.0694444,0.12483,0.589194
38,0.337892,3.5422,1.03059,1,5.49222,2.15,0.69336,0.0694444,0.12483,0.589194
38,0.337892,3.5422,1.03059,1,5.49222,2.15,0.69336,0.0694444,0.12483,0.589194
664,0.438698,3.54225,0.941979,1,5.49222,2.15,0.69336,0.0694444,0.12483,0.589194
664,0.438698,3.54225,0.941979,1,5.49222,2.15,0.69336,0.0694444,0.12483,0.589194
235,0.522173,3.54218,0.822118,1,5.49222,2.15,0.69336,0.0694444,0.12483,0.589194
235,0.522173,3.54218,0.822118,1,5.49222,2.15,0.69336,0.0694444,0.12483,0.589194
1093,0.580574,3.542,0.674414,1,5.49222,2.15,0.69336,0.0694444,0.12483,0.589194
1093,0.580574,3.542,0.674414,1,5.49222,2.15,0.69336,0.0694444,0.12483,0.589194
60,0.616572,3.54169,0.50693,1,5.49222,2.15,0.69336,0.0694444,0.12483,0.589194
1045,-0.336532,3.56686,0.67744,0,5.99222,2.15,0.709222,0.0694444,0.124825,0.605056
59,-0.374304,3.56691,0.5063,0,5.99222,2.15,0.709222,0.0694444,0.124825,0.605056
187,-0.279865,3.56691,0.829539,0,5.99222,2.15,0.709222,0.0694444,0.124825,0.605056
1045,-0.336532,3.56686,0.67744,0,5.99222,2.15,0.709222,0.0694444,0.124825,0.605056
616,-0.195781,3.56694,0.953523,0,5.99222,2.15,0.709222,0.0694444,0.124825,0.605056
187,-0.279865,3.56691,0.829539,0,5.99222,2.15,0.709222,0.0694444,0.124825,0.605056
16,-0.0924825,3.56694,1.04469,0,5.99222,2.15,0.709222,0.0694444,0.124825,0.605056
616,-0.195781,3.56694,0.953523,0,5.99222,2.15,0.709222,0.0694444,0.124825,0.605056
16,-0.0924825,3.56694,1.04469,0,5.99222,2.15,0.709222,0.0694444,0.124825,0.605056
615,0.0193306,3.56693,1.09599,0,5.99222,2.15,0.709222,0.0694444,0.124825,0.605056
615,0.0193306,3.56693,1.09599,0,5.99222,2.15,0.709222,0.0694444,0.124825,0.605056
186,0.125023,3.56694,1.11249,0,5.99222,2.15,0.709222,0.0694444,0.124825,0.605056
186,0.125023,3.56694,1.11249,0,5.99222,2.15,0.709222,0.0694444,0.124825,0.605056
1044,0.230727,3.56694,1.096,0,5.99222,2.15,0.709222,0.0694444,0.124825,0.605056
1044,0.230727,3.56694,1.096,0,5.99222,2.15,0.709222,0.0694444,0.124825,0.605056
38,0.342547,3.56695,1.04469,0,5.99222,2.15,0.709222,0.0694444,0.124825,0.605056
38,0.342547,3.56695,1.04469,0,5.99222,2.15,0.709222,0.0694444,0.124825,0.605056
664,0.445819,3.56694,0.953532,0,5.99222,2.15,0.709222,0.0694444,0.124825,0.605056
664,0.445819,3.56694,0.953532,0,5.99222,2.15,0.709222,0.0694444,0.124825,0.605056
235,0.529909,3.56691,0.829557,0,5.99222,2.15,0.709222,0.0694444,0.124825,0.605056
235,0.529909,3.56691,0.829557,0,5.99222,2.15,0.709222,0.0694444,0.124825,0.605056
1093,0.586592,3.56686,0.677471,0,5.99222,2.15,0.709222,0.0694444,0.124825,0.605056
1093,0.586592,3.56686,0.677471,0,5.99222,2.15,0.709222,0.0694444,0.124825,0.605056
60,0.624351,3.56691,0.506363,0,5.99222,2.15,0.709222,0.0694444,0.124825,0.605056
1045,-0.343962,3.5689,0.680436,1,5.99222,2.15,0.709222,0.0694444,0.124825,0.605056
59,-0.382499,3.56855,0.508174,1,5.99222,2.15,0.709222,0.0694444,0.124825,0.605056
187,-0.283045,3.56912,0.831669,1,5.99222,2.15,0.709222,0.0694444,0.124825,0.605056
1045,-0.343962,3.5689,0.680436,1,5.99222,2.15,0.709222,0.0694444,0.124825,0.605056
616,-0.196507,3.56923,0.954027,1,5.99222,2.15,0.709222,0.0694444,0.124825,0.605056
187,-0.283045,3.56912,0.831669,1,5.99222,2.15,0.709222,0.0694444,0.124825,0.605056
16,-0.0923377,3.5692,1.04394,1,5.99222,2.15,0.709222,0.0694444,0.124825,0.605056
616,-0.196507,3.56923,0.954027,1,5.99222,2.15,0.709222,0.0694444,0.124825,0.605056
16,-0.0923377,3.5692,1.04394,1,5.99222,2.15,0.709222,0.0694444,0.124825,0.605056
615,0.0195052,3.56914,1.09462,1,5.99222,2.15,0.709222,0.0694444,0.124825,0.605056
615,0.0195052,3.56914,1.09462,1,5.99222,2.15,0.709222,0.0694444,0.124825,0.605056
186,0.125013,3.5691,1.11104,1,5.99222,2.15,0.709222,0.0694444,0.124825,0.605056
186,0.125013,3.5691,1.11104,1,5.99222,2.15,0.709222,0.0694444,0.124825,0.605056
1044,0.230526,3.56914,1.09462,1,5.99222,2.15,0.709222,0.0694444,0.124825,0.605056
1044,0.230526,3.56914,1.09462,1,5.99222,2.15,0.709222,0.0694444,0.124825,0.605056
38,0.342381,3.56921,1.04395,1,5.99222,2.15,0.709222,0.0694444,0.124825,0.605056
38,0.342381,3.56921,1.04395,1,5.99222,2.15,0.709222,0.0694444,0.124825,0.605056
664,0.446558,3.56924,0.954042,1,5.99222,2.15,0.709222,0.0694444,0.124825,0.605056
664,0.446558,3.56924,0.954042,1,5.99222,2.15,0.709222,0.0694444,0.124825,0.605056
235,0.533099,3.56913,0.831688,1,5.99222,2.15,0.709222,0.0694444,0.124825,0.605056
235,0.533099,3.56913,0.831688,1,5.99222,2.15,0.709222,0.0694444,0.124825,0.605056
1093,0.593992,3.5689,0.680458,1,5.99222,2.15,0.709222,0.0694444,0.124825,0.605056
1093,0.593992,3.5689,0.680458,1,5.99222,2.15,0.709222,0.0694444,0.124825,0.605056
60,0.632519,3.56855,0.508224,1,5.99222,2.15,0.709222,0.0694444,0.124825,0.605056
1045,-0.348905,3.59312,0.683054,0,6.49222,2.15,0.723095,0.0694444,0.124822,0.618928
59,-0.389102,3.5931,0.507619,0,6.49222,2.15,0.723095,0.0694444,0.124822,0.618928
187,-0.289904,3.59322,0.838402,0,6.49222,2.15,0.723095,0.0694444,0.124822,0.618928
1045,-0.348905,3.59312,0.683054,0,6.49222,2.15,0.723095,0.0694444,0.124822,0.618928
616,-0.202991,3.59326,0.964722,0,6.49222,2.15,0.723095,0.0694444,0.124822,0.618928
187,-0.289904,3.59322,0.838402,0,6.49222,2.15,0.723095,0.0694444,0.124822,0.618928
16,-0.0966192,3.59324,1.05711,0,6.49222,2.15,0.723095,0.0694444,0.124822,0.618928
616,-0.202991,3.59326,0.964722,0,6.49222,2.15,0.723095,0.0694444,0.124822,0.618928
16,-0.0966192,3.59324,1.05711,0,6.49222,2.15,0.723095,0.0694444,0.124822,0.618928
615,0.01799,3.5932,1.10909,0,6.49222,2.15,0.723095,0.0694444,0.124822,0.618928
615,0.01799,3.5932,1.10909,0,6.49222,2.15,0.723095,0.0694444,0.124822,0.618928
186,0.125021,3.5932,1.12594,0,6.49222,2.15,0.723095,0.0694444,0.124822,0.618928
186,0.125021,3.5932,1.12594,0,6.49222,2.15,0.723095,0.0694444,0.124822,0.618928
1044,0.232061,3.59321,1.10909,0,6.49222,2.15,0.723095,0.0694444,0.124822,0.618928
1044,0.232061,3.59321,1.10909,0,6.49222,2.15,0.723095,0.0694444,0.124822,0.618928
38,0.346696,3.59324,1.05713,0,6.49222,2.15,0.723095,0.0694444,0.124822,0.618928
38,0.346696,3.59324,1.05713,0,6.49222,2.15,0.723095,0.0694444,0.124822,0.618928
664,0.453061,3.59326,0.964743,0,6.49222,2.15,0.723095,0.0694444,0.124822,0.618928
664,0.453061,3.59326,0.964743,0,6.49222,2.15,0.723095,0.0694444,0.124822,0.618928
235,0.539963,3.59322,0.838414,0,6.49222,2.15,0.723095,0.0694444,0.124822,0.618928
235,0.539963,3.59322,0.838414,0,6.49222,2.15,0.723095,0.0694444,0.124822,0.618928
1093,0.598958,3.59313,0.683072,0,6.49222,2.15,0.723095,0.0694444,0.124822,0.618928
1093,0.598958,3.59313,0.683072,0,6.49222,2.15,0.723095,0.0694444,0.124822,0.618928
60,0.639157,3.5931,0.507652,0,6.49222,2.15,0.723095,0.0694444,0.124822,0.618928
1045,-0.356555,3.59489,0.686061,1,6.49222,2.15,0.723095,0.0694444,0.124822,0.618928
59,-0.397468,3.59448,0.509361,1,6.49222,2.15,0.723095,0.0694444,0.124822,0.618928
187,-0.293347,3.59518,0.840665,1,6.49222,2.15,0.723095,0.0694444,0.124822,0.618928
1045,-0.356555,3.59489,0.686061,1,6.49222,2.15,0.723095,0.0694444,0.124822,0.618928
616,-0.20398,3.59534,0.965456,1,6.49222,2.15,0.723095,0.0694444,0.124822,0.618928
187,-0.293347,3.59518,0.840665,1,6.49222,2.15,0.723095,0.0694444,0.124822,0.618928
16,-0.0966867,3.59535,1.05671,1,6.49222,2.15,0.723095,0.0694444,0.124822,0.618928
616,-0.20398,3.59534,0.965456,1,6.49222,2.15,0.723095,0.0694444,0.124822,0.618928
16,-0.0966867,3.59535,1.05671,1,6.49222,2.15,0.723095,0.0694444,0.124822,0.618928
615,0.0180713,3.5953,1.10814,1,6.49222,2.15,0.723095,0.0694444,0.124822,0.618928
615,0.0180713,3.5953,1.10814,1,6.49222,2.15,0.723095,0.0694444,0.124822,0.618928
186,0.125014,3.59527,1.12489,1,6.49222,2.15,0.723095,0.0694444,0.124822,0.618928
186,0.125014,3.59527,1.12489,1,6.49222,2.15,0.723095,0.0694444,0.124822,0.618928
1044,0.231962,3.5953,1.10814,1,6.49222,2.15,0.723095,0.0694444,0.124822,0.618928
1044,0.231962,3.5953,1.10814,1,6.49222,2.15,0.723095,0.0694444,0.124822,0.618928
38,0.346732,3.59536,1.05672,1,6.49222,2.15,0.723095,0.0694444,0.124822,0.618928
38,0.346732,3.59536,1.05672,1,6.49222,2.15,0.723095,0.0694444,0.124822,0.618928
664,0.454031,3.59535,0.965474,1,6.49222,2.15,0.723095,0.0694444,0.124822,0.618928
664,0.454031,3.59535,0.965474,1,6.49222,2.15,0.723095,0.0694444,0.124822,0.618928
235,0.5434,3.59518,0.840686,1,6.49222,2.15,0.723095,0.0694444,0.124822,0.618928
235,0.5434,3.59518,0.840686,1,6.49222,2.15,0.723095,0.0694444,0.124822,0.618928
1093,0.60659,3.5949,0.686087,1,6.49222,2.15,0.723095,0.0694444,0.124822,0.618928
1093,0.60659,3.5949,0.686087,1,6.49222,2.15,0.723095,0.0694444,0.124822,0.618928
60,0.647491,3.59448,0.509414,1,6.49222,2.15,0.723095,0.0694444,0.124822,0.618928
1045,-0.36041,3.6194,0.688451,0,6.99222,2.15,0.736473,0.0694444,0.124818,0.632307
59,-0.402772,3.61929,0.5089,0,6.99222,2.15,0.736473,0.0694444,0.124818,0.632307
187,-0.299376,3.61954,0.846954,0,6.99222,2.15,0.736473,0.0694444,0.124818,0.632307
1045,-0.36041,3.6194,0.688451,0,6.99222,2.15,0.736473,0.0694444,0.124818,0.632307
616,-0.209923,3.61961,0.975606,0,6.99222,2.15,0.736473,0.0694444,0.124818,0.632307
187,-0.299376,3.61954,0.846954,0,6.99222,2.15,0.736473,0.0694444,0.124818,0.632307
16,-0.100725,3.6196,1.06934,0,6.99222,2.15,0.736473,0.0694444,0.124818,0.632307
616,-0.209923,3.61961,0.975606,0,6.99222,2.15,0.736473,0.0694444,0.124818,0.632307
16,-0.100725,3.6196,1.06934,0,6.99222,2.15,0.736473,0.0694444,0.124818,0.632307
615,0.0166078,3.61954,1.12204,0,6.99222,2.15,0.736473,0.0694444,0.124818,0.632307
615,0.0166078,3.61954,1.12204,0,6.99222,2.15,0.736473,0.0694444,0.124818,0.632307
186,0.125017,3.61951,1.13923,0,6.99222,2.15,0.736473,0.0694444,0.124818,0.632307
186,0.125017,3.61951,1.13923,0,6.99222,2.15,0.736473,0.0694444,0.124818,0.632307
1044,0.233436,3.61955,1.12204,0,6.99222,2.15,0.736473,0.0694444,0.124818,0.632307
1044,0.233436,3.61955,1.12204,0,6.99222,2.15,0.736473,0.0694444,0.124818,0.632307
38,0.350792,3.6196,1.06936,0,6.99222,2.15,0.736473,0.0694444,0.124818,0.632307
38,0.350792,3.6196,1.06936,0,6.99222,2.15,0.736473,0.0694444,0.124818,0.632307
664,0.459987,3.61961,0.975607,0,6.99222,2.15,0.736473,0.0694444,0.124818,0.632307
664,0.459987,3.61961,0.975607,0,6.99222,2.15,0.736473,0.0694444,0.124818,0.632307
235,0.549435,3.61954,0.846948,0,6.99222,2.15,0.736473,0.0694444,0.124818,0.632307
235,0.549435,3.61954,0.846948,0,6.99222,2.15,0.736473,0.0694444,0.124818,0.632307
1093,0.610471,3.6194,0.688465,0,6.99222,2.15,0.736473,0.0694444,0.124818,0.632307
1093,0.610471,3.6194,0.688465,0,6.99222,2.15,0.736473,0.0694444,0.124818,0.632307
60,0.652836,3.61929,0.508952,0,6.99222,2.15,0.736473,0.0694444,0.124818,0.632307
1045,-0.368477,3.61997,0.69133,1,6.99222,2.15,0.736473,0.0694444,0.124818,0.632307
59,-0.41162,3.61949,0.510437,1,6.99222,2.15,0.736473,0.0694444,0.124818,0.632307
187,-0.303115,3.62031,0.849157,1,6.99222,2.15,0.736473,0.0694444,0.124818,0.632307
1045,-0.368477,3.61997,0.69133,1,6.99222,2.15,0.736473,0.0694444,0.124818,0.632307
616,-0.211101,3.62053,0.97632,1,6.99222,2.15,0.736473,0.0694444,0.124818,0.632307
187,-0.303115,3.62031,0.849157,1,6.99222,2.15,0.736473,0.0694444,0.124818,0.632307
16,-0.100883,3.62058,1.06894,1,6.99222,2.15,0.736473,0.0694444,0.124818,0.632307
616,-0.211101,3.62053,0.97632,1,6.99222,2.15,0.736473,0.0694444,0.124818,0.632307
16,-0.100883,3.62058,1.06894,1,6.99222,2.15,0.736473,0.0694444,0.124818,0.632307
615,0.0166435,3.62055,1.12115,1,6.99222,2.15,0.736473,0.0694444,0.124818,0.632307
615,0.0166435,3.62055,1.12115,1,6.99222,2.15,0.736473,0.0694444,0.124818,0.632307
186,0.12502,3.62052,1.13824,1,6.99222,2.15,0.736473,0.0694444,0.124818,0.632307
186,0.12502,3.62052,1.13824,1,6.99222,2.15,0.736473,0.0694444,0.124818,0.632307
1044,0.233402,3.62056,1.12115,1,6.99222,2.15,0.736473,0.0694444,0.124818,0.632307
1044,0.233402,3.62056,1.12115,1,6.99222,2.15,0.736473,0.0694444,0.124818,0.632307
38,0.350936,3.62059,1.06895,1,6.99222,2.15,0.736473,0.0694444,0.124818,0.632307
38,0.350936,3.62059,1.06895,1,6.99222,2.15,0.736473,0.0694444,0.124818,0.632307
664,0.461154,3.62054,0.976331,1,6.99222,2.15,0.736473,0.0694444,0.124818,0.632307
664,0.461154,3.62054,0.976331,1,6.99222,2.15,0.736473,0.0694444,0.124818,0.632307
235,0.553167,3.62032,0.849176,1,6.99222,2.15,0.736473,0.0694444,0.124818,0.632307
235,0.553167,3.62032,0.849176,1,6.99222,2.15,0.736473,0.0694444,0.124818,0.632307
1093,0.618511,3.61998,0.691358,1,6.99222,2.15,0.736473,0.0694444,0.124818,0.632307
1093,0.618511,3.61998,0.691358,1,6.99222,2.15,0.736473,0.0694444,0.124818,0.632307
60,0.661644,3.61949,0.510493,1,6.99222,2.15,0.736473,0.0694444,0.124818,0.632307
1045,-0.371467,3.64301,0.693365,0,7.49222,2.15,0.748994,0.0694444,0.124815,0.644828
59,-0.41588,3.64283,0.509884,0,7.49222,2.15,0.748994,0.0694444,0.124815,0.644828
187,-0.308471,3.64321,0.854919,0,7.49222,2.15,0.748994,0.0694444,0.124815,0.644828
1045,-0.371467,3.64301,0.693365,0,7.49222,2.15,0.748994,0.0694444,0.124815,0.644828
616,-0.216564,3.64334,0.985854,0,7.49222,2.15,0.748994,0.0694444,0.124815,0.644828
187,-0.308471,3.64321,0.854919,0,7.49222,2.15,0.748994,0.0694444,0.124815,0.644828
16,-0.104645,3.64334,1.08098,0,7.49222,2.15,0.748994,0.0694444,0.124815,0.644828
616,-0.216564,3.64334,0.985854,0,7.49222,2.15,0.748994,0.0694444,0.124815,0.644828
16,-0.104645,3.64334,1.08098,0,7.49222,2.15,0.748994,0.0694444,0.124815,0.644828
615,0.0152346,3.6433,1.13456,0,7.49222,2.15,0.748994,0.0694444,0.124815,0.644828
615,0.0152346,3.6433,1.13456,0,7.49222,2.15,0.748994,0.0694444,0.124815,0.644828
186,0.125031,3.64329,1.1521,0,7.49222,2.15,0.748994,0.0694444,0.124815,0.644828
186,0.125031,3.64329,1.1521,0,7.49222,2.15,0.748994,0.0694444,0.124815,0.644828
1044,0.234823,3.64331,1.13455,0,7.49222,2.15,0.748994,0.0694444,0.124815,0.644828
1044,0.234823,3.64331,1.13455,0,7.49222,2.15,0.748994,0.0694444,0.124815,0.644828
38,0.354705,3.64335,1.08097,0,7.49222,2.15,0.748994,0.0694444,0.124815,0.644828
38,0.354705,3.64335,1.08097,0,7.49222,2.15,0.748994,0.0694444,0.124815,0.644828
664,0.466615,3.64335,0.985856,0,7.49222,2.15,0.748994,0.0694444,0.124815,0.644828
664,0.466615,3.64335,0.985856,0,7.49222,2.15,0.748994,0.0694444,0.124815,0.644828
235,0.55852,3.64322,0.854927,0,7.49222,2.15,0.748994,0.0694444,0.124815,0.644828
235,0.55852,3.64322,0.854927,0,7.49222,2.15,0.748994,0.0694444,0.124815,0.644828
1093,0.621515,3.64302,0.693386,0,7.49222,2.15,0.748994,0.0694444,0.124815,0.644828
1093,0.621515,3.64302,0.693386,0,7.49222,2.15,0.748994,0.0694444,0.124815,0.644828
60,0.665937,3.64284,0.509933,0,7.49222,2.15,0.748994,0.0694444,0.124815,0.644828
1045,-0.379795,3.64405,0.696189,1,7.49222,2.15,0.748994,0.0694444,0.124815,0.644828
59,-0.425032,3.64353,0.511308,1,7.49222,2.15,0.748994,0.0694444,0.124815,0.644828
187,-0.31241,3.64445,0.857104,1,7.49222,2.15,0.748994,0.0694444,0.124815,0.644828
1045,-0.379795,3.64405,0.696189,1,7.49222,2.15,0.748994,0.0694444,0.124815,0.644828
616,-0.217918,3.6447,0.986568,1,7.49222,2.15,0.748994,0.0694444,0.124815,0.644828
187,-0.31241,3.64445,0.857104,1,7.49222,2.15,0.748994,0.0694444,0.124815,0.644828
16,-0.10495,3.64478,1.08056,1,7.49222,2.15,0.748994,0.0694444,0.124815,0.644828
616,-0.217918,3.6447,0.986568,1,7.49222,2.15,0.748994,0.0694444,0.124815,0.644828
16,-0.10495,3.64478,1.08056,1,7.49222,2.15,0.748994,0.0694444,0.124815,0.644828
615,0.0152159,3.64475,1.13355,1,7.49222,2.15,0.748994,0.0694444,0.124815,0.644828
615,0.0152159,3.64475,1.13355,1,7.49222,2.15,0.748994,0.0694444,0.124815,0.644828
186,0.125018,3.64472,1.15098,1,7.49222,2.15,0.748994,0.0694444,0.124815,0.644828
186,0.125018,3.64472,1.15098,1,7.49222,2.15,0.748994,0.0694444,0.124815,0.644828
1044,0.234827,3.64475,1.13355,1,7.49222,2.15,0.748994,0.0694444,0.124815,0.644828
1044,0.234827,3.64475,1.13355,1,7.49222,2.15,0.748994,0.0694444,0.124815,0.644828
38,0.355004,3.64478,1.08057,1,7.49222,2.15,0.748994,0.0694444,0.124815,0.644828
38,0.355004,3.64478,1.08057,1,7.49222,2.15,0.748994,0.0694444,0.124815,0.644828
664,0.467974,3.6447,0.986582,1,7.49222,2.15,0.748994,0.0694444,0.124815,0.644828
664,0.467974,3.6447,0.986582,1,7.49222,2.15,0.748994,0.0694444,0.124815,0.644828
235,0.562466,3.64444,0.857126,1,7.49222,2.15,0.748994,0.0694444,0.124815,0.644828
235,0.562466,3.64444,0.857126,1,7.49222,2.15,0.748994,0.0694444,0.124815,0.644828
1093,0.629832,3.64405,0.696219,1,7.49222,2.15,0.748994,0.0694444,0.124815,0.644828
1093,0.629832,3.64405,0.696219,1,7.49222,2.15,0.748994,0.0694444,0.124815,0.644828
60,0.675059,3.64353,0.511369,1,7.49222,2.15,0.748994,0.0694444,0.124815,0.644828
