id,x,y,z,ablated,v,bulkheadyoungs,nickdepth,nickw,nickc,bbmin
1045,-0.246345,3.42472,0.639566,0,3.49222,46.4,0.605606,0.0694444,0.124845,0.50144
59,-0.264452,3.42484,0.499365,0,3.49222,46.4,0.605606,0.0694444,0.124845,0.50144
187,-0.207334,3.42464,0.770958,0,3.49222,46.4,0.605606,0.0694444,0.124845,0.50144
1045,-0.246345,3.42472,0.639566,0,3.49222,46.4,0.605606,0.0694444,0.124845,0.50144
616,-0.145359,3.4245,0.882489,0,3.49222,46.4,0.605606,0.0694444,0.124845,0.50144
187,-0.207334,3.42464,0.770958,0,3.49222,46.4,0.605606,0.0694444,0.124845,0.50144
16,-0.0672317,3.42432,0.971166,0,3.49222,46.4,0.605606,0.0694444,0.124845,0.50144
616,-0.145359,3.4245,0.882489,0,3.49222,46.4,0.605606,0.0694444,0.124845,0.50144
16,-0.0672317,3.42432,0.971166,0,3.49222,46.4,0.605606,0.0694444,0.124845,0.50144
615,0.0258374,3.42425,1.02228,0,3.49222,46.4,0.605606,0.0694444,0.124845,0.50144
615,0.0258374,3.42425,1.02228,0,3.49222,46.4,0.605606,0.0694444,0.124845,0.50144
186,0.125006,3.42424,1.03885,0,3.49222,46.4,0.605606,0.0694444,0.124845,0.50144
186,0.125006,3.42424,1.03885,0,3.49222,46.4,0.605606,0.0694444,0.124845,0.50144
1044,0.22416,3.42425,1.02228,0,3.49222,46.4,0.605606,0.0694444,0.124845,0.50144
1044,0.22416,3.42425,1.02228,0,3.49222,46.4,0.605606,0.0694444,0.124845,0.50144
38,0.317242,3.42433,0.971173,0,3.49222,46.4,0.605606,0.0694444,0.124845,0.50144
38,0.317242,3.42433,0.971173,0,3.49222,46.4,0.605606,0.0694444,0.124845,0.50144
664,0.395367,3.42449,0.882511,0,3.49222,46.4,0.605606,0.0694444,0.124845,0.50144
664,0.395367,3.42449,0.882511,0,3.49222,46.4,0.605606,0.0694444,0.124845,0.50144
235,0.457344,3.42465,0.770987,0,3.49222,46.4,0.605606,0.0694444,0.124845,0.50144
235,0.457344,3.42465,0.770987,0,3.49222,46.4,0.605606,0.0694444,0.124845,0.50144
1093,0.496335,3.42469,0.639588,0,3.49222,46.4,0.605606,0.0694444,0.124845,0.50144
1093,0.496335,3.42469,0.639588,0,3.49222,46.4,0.605606,0.0694444,0.124845,0.50144
60,0.514476,3.4248,0.499419,0,3.49222,46.4,0.605606,0.0694444,0.124845,0.50144
1045,-0.246511,3.43237,0.639323,1,3.49222,46.4,0.605606,0.0694444,0.124845,0.50144
59,-0.264898,3.43274,0.499203,1,3.49222,46.4,0.605606,0.0694444,0.124845,0.50144
187,-0.207262,3.43203,0.770506,1,3.49222,46.4,0.605606,0.0694444,0.124845,0.50144
1045,-0.246511,3.43237,0.639323,1,3.49222,46.4,0.605606,0.0694444,0.124845,0.50144
616,-0.145248,3.43173,0.881862,1,3.49222,46.4,0.605606,0.0694444,0.124845,0.50144
187,-0.207262,3.43203,0.770506,1,3.49222,46.4,0.605606,0.0694444,0.124845,0.50144
16,-0.0670866,3.43171,0.970432,1,3.49222,46.4,0.605606,0.0694444,0.124845,0.50144
616,-0.145248,3.43173,0.881862,1,3.49222,46.4,0.605606,0.0694444,0.124845,0.50144
16,-0.0670866,3.43171,0.970432,1,3.49222,46.4,0.605606,0.0694444,0.124845,0.50144
615,0.0260227,3.4316,1.02138,1,3.49222,46.4,0.605606,0.0694444,0.124845,0.50144
615,0.0260227,3.4316,1.02138,1,3.49222,46.4,0.605606,0.0694444,0.124845,0.50144
186,0.125029,3.4316,1.03784,1,3.49222,46.4,0.605606,0.0694444,0.124845,0.50144
186,0.125029,3.4316,1.03784,1,3.49222,46.4,0.605606,0.0694444,0.124845,0.50144
1044,0.224022,3.43159,1.02137,1,3.49222,46.4,0.605606,0.0694444,0.124845,0.50144
1044,0.224022,3.43159,1.02137,1,3.49222,46.4,0.605606,0.0694444,0.124845,0.50144
38,0.317118,3.43168,0.970413,1,3.49222,46.4,0.605606,0.0694444,0.124845,0.50144
38,0.317118,3.43168,0.970413,1,3.49222,46.4,0.605606,0.0694444,0.124845,0.50144
664,0.395267,3.43175,0.88187,1,3.49222,46.4,0.605606,0.0694444,0.124845,0.50144
664,0.395267,3.43175,0.88187,1,3.49222,46.4,0.605606,0.0694444,0.124845,0.50144
235,0.457269,3.43203,0.770514,1,3.49222,46.4,0.605606,0.0694444,0.124845,0.50144
235,0.457269,3.43203,0.770514,1,3.49222,46.4,0.605606,0.0694444,0.124845,0.50144
1093,0.496511,3.43239,0.639326,1,3.49222,46.4,0.605606,0.0694444,0.124845,0.50144
1093,0.496511,3.43239,0.639326,1,3.49222,46.4,0.605606,0.0694444,0.124845,0.50144
60,0.514891,3.43273,0.49922,1,3.49222,46.4,0.605606,0.0694444,0.124845,0.50144
1045,-0.247889,3.43441,0.643143,0,3.99222,46.4,0.609352,0.0694444,0.124847,0.505186
59,-0.267314,3.43463,0.501834,0,3.99222,46.4,0.609352,0.0694444,0.124847,0.505186
187,-0.208271,3.43426,0.774659,0,3.99222,46.4,0.609352,0.0694444,0.124847,0.505186
1045,-0.247889,3.43441,0.643143,0,3.99222,46.4,0.609352,0.0694444,0.124847,0.505186
616,-0.145753,3.43413,0.886285,0,3.99222,46.4,0.609352,0.0694444,0.124847,0.505186
187,-0.208271,3.43426,0.774659,0,3.99222,46.4,0.609352,0.0694444,0.124847,0.505186
16,-0.0671064,3.434,0.974724,0,3.99222,46.4,0.609352,0.0694444,0.124847,0.505186
616,-0.145753,3.43413,0.886285,0,3.99222,46.4,0.609352,0.0694444,0.124847,0.505186
16,-0.0671064,3.434,0.974724,0,3.99222,46.4,0.609352,0.0694444,0.124847,0.505186
615,0.0261291,3.434,1.02564,0,3.99222,46.4,0.609352,0.0694444,0.124847,0.505186
615,0.0261291,3.434,1.02564,0,3.99222,46.4,0.609352,0.0694444,0.124847,0.505186
186,0.124996,3.43414,1.04204,0,3.99222,46.4,0.609352,0.0694444,0.124847,0.505186
186,0.124996,3.43414,1.04204,0,3.99222,46.4,0.609352,0.0694444,0.124847,0.505186
1044,0.223878,3.43403,1.02563,0,3.99222,46.4,0.609352,0.0694444,0.124847,0.505186
1044,0.223878,3.43403,1.02563,0,3.99222,46.4,0.609352,0.0694444,0.124847,0.505186
38,0.317105,3.43402,0.974783,0,3.99222,46.4,0.609352,0.0694444,0.124847,0.505186
38,0.317105,3.43402,0.974783,0,3.99222,46.4,0.609352,0.0694444,0.124847,0.505186
664,0.395809,3.43408,0.88629,0,3.99222,46.4,0.609352,0.0694444,0.124847,0.505186
664,0.395809,3.43408,0.88629,0,3.99222,46.4,0.609352,0.0694444,0.124847,0.505186
235,0.458238,3.43429,0.774699,0,3.99222,46.4,0.609352,0.0694444,0.124847,0.505186
235,0.458238,3.43429,0.774699,0,3.99222,46.4,0.609352,0.0694444,0.124847,0.505186
1093,0.497937,3.43443,0.643198,0,3.99222,46.4,0.609352,0.0694444,0.124847,0.505186
1093,0.497937,3.43443,0.643198,0,3.99222,46.4,0.609352,0.0694444,0.124847,0.505186
60,0.517279,3.4347,0.501857,0,3.99222,46.4,0.609352,0.0694444,0.124847,0.505186
1045,-0.24757,3.45673,0.651506,1,3.99222,46.4,0.609352,0.0694444,0.124847,0.505186
59,-0.265504,3.45726,0.509271,1,3.99222,46.4,0.609352,0.0694444,0.124847,0.505186
187,-0.208213,3.45648,0.783579,1,3.99222,46.4,0.609352,0.0694444,0.124847,0.505186
1045,-0.24757,3.45673,0.651506,1,3.99222,46.4,0.609352,0.0694444,0.124847,0.505186
616,-0.145823,3.45634,0.895422,1,3.99222,46.4,0.609352,0.0694444,0.124847,0.505186
187,-0.208213,3.45648,0.783579,1,3.99222,46.4,0.609352,0.0694444,0.124847,0.505186
16,-0.0672484,3.45663,0.984082,1,3.99222,46.4,0.609352,0.0694444,0.124847,0.505186
616,-0.145823,3.45634,0.895422,1,3.99222,46.4,0.609352,0.0694444,0.124847,0.505186
16,-0.0672484,3.45663,0.984082,1,3.99222,46.4,0.609352,0.0694444,0.124847,0.505186
615,0.0260967,3.45675,1.03506,1,3.99222,46.4,0.609352,0.0694444,0.124847,0.505186
615,0.0260967,3.45675,1.03506,1,3.99222,46.4,0.609352,0.0694444,0.124847,0.505186
186,0.12501,3.45682,1.05152,1,3.99222,46.4,0.609352,0.0694444,0.124847,0.505186
186,0.12501,3.45682,1.05152,1,3.99222,46.4,0.609352,0.0694444,0.124847,0.505186
1044,0.223923,3.45677,1.03506,1,3.99222,46.4,0.609352,0.0694444,0.124847,0.505186
1044,0.223923,3.45677,1.03506,1,3.99222,46.4,0.609352,0.0694444,0.124847,0.505186
38,0.317296,3.45665,0.984098,1,3.99222,46.4,0.609352,0.0694444,0.124847,0.505186
38,0.317296,3.45665,0.984098,1,3.99222,46.4,0.609352,0.0694444,0.124847,0.505186
664,0.395879,3.45633,0.895447,1,3.99222,46.4,0.609352,0.0694444,0.124847,0.505186
664,0.395879,3.45633,0.895447,1,3.99222,46.4,0.609352,0.0694444,0.124847,0.505186
235,0.458241,3.4565,0.783618,1,3.99222,46.4,0.609352,0.0694444,0.124847,0.505186
235,0.458241,3.4565,0.783618,1,3.99222,46.4,0.609352,0.0694444,0.124847,0.505186
1093,0.497649,3.45686,0.651572,1,3.99222,46.4,0.609352,0.0694444,0.124847,0.505186
1093,0.497649,3.45686,0.651572,1,3.99222,46.4,0.609352,0.0694444,0.124847,0.505186
60,0.515459,3.45747,0.509296,1,3.99222,46.4,0.609352,0.0694444,0.124847,0.505186
1045,-0.249473,3.46139,0.654321,0,4.49222,46.4,0.623029,0.0694444,0.124848,0.518863
59,-0.268963,3.46197,0.510926,0,4.49222,46.4,0.623029,0.0694444,0.124848,0.518863
187,-0.209544,3.46107,0.786708,0,4.49222,46.4,0.623029,0.0694444,0.124848,0.518863
1045,-0.249473,3.46139,0.654321,0,4.49222,46.4,0.623029,0.0694444,0.124848,0.518863
616,-0.146707,3.46083,0.898699,0,4.49222,46.4,0.623029,0.0694444,0.124848,0.518863
187,-0.209544,3.46107,0.786708,0,4.49222,46.4,0.623029,0.0694444,0.124848,0.518863
16,-0.0676276,3.46077,0.987511,0,4.49222,46.4,0.623029,0.0694444,0.124848,0.518863
616,-0.146707,3.46083,0.898699,0,4.49222,46.4,0.623029,0.0694444,0.124848,0.518863
16,-0.0676276,3.46077,0.987511,0,4.49222,46.4,0.623029,0.0694444,0.124848,0.518863
615,0.0260926,3.46082,1.03838,0,4.49222,46.4,0.623029,0.0694444,0.124848,0.518863
615,0.0260926,3.46082,1.03838,0,4.49222,46.4,0.623029,0.0694444,0.124848,0.518863
186,0.124958,3.46098,1.05494,0,4.49222,46.4,0.623029,0.0694444,0.124848,0.518863
186,0.124958,3.46098,1.05494,0,4.49222,46.4,0.623029,0.0694444,0.124848,0.518863
1044,0.223873,3.46078,1.03844,0,4.49222,46.4,0.623029,0.0694444,0.124848,0.518863
1044,0.223873,3.46078,1.03844,0,4.49222,46.4,0.623029,0.0694444,0.124848,0.518863
38,0.317517,3.46087,0.987447,0,4.49222,46.4,0.623029,0.0694444,0.124848,0.518863
38,0.317517,3.46087,0.987447,0,4.49222,46.4,0.623029,0.0694444,0.124848,0.518863
664,0.39674,3.4607,0.898698,0,4.49222,46.4,0.623029,0.0694444,0.124848,0.518863
664,0.39674,3.4607,0.898698,0,4.49222,46.4,0.623029,0.0694444,0.124848,0.518863
235,0.459522,3.46097,0.786576,0,4.49222,46.4,0.623029,0.0694444,0.124848,0.518863
235,0.459522,3.46097,0.786576,0,4.49222,46.4,0.623029,0.0694444,0.124848,0.518863
1093,0.499545,3.46151,0.654415,0,4.49222,46.4,0.623029,0.0694444,0.124848,0.518863
1093,0.499545,3.46151,0.654415,0,4.49222,46.4,0.623029,0.0694444,0.124848,0.518863
60,0.519104,3.46239,0.511074,0,4.49222,46.4,0.623029,0.0694444,0.124848,0.518863
1045,-0.250913,3.48846,0.661252,1,4.49222,46.4,0.623029,0.0694444,0.124848,0.518863
59,-0.270088,3.48941,0.51726,1,4.49222,46.4,0.623029,0.0694444,0.124848,0.518863
187,-0.210248,3.48785,0.793613,1,4.49222,46.4,0.623029,0.0694444,0.124848,0.518863
1045,-0.250913,3.48846,0.661252,1,4.49222,46.4,0.623029,0.0694444,0.124848,0.518863
616,-0.14697,3.48758,0.905422,1,4.49222,46.4,0.623029,0.0694444,0.124848,0.518863
187,-0.210248,3.48785,0.793613,1,4.49222,46.4,0.623029,0.0694444,0.124848,0.518863
16,-0.0676192,3.48754,0.993834,1,4.49222,46.4,0.623029,0.0694444,0.124848,0.518863
616,-0.14697,3.48758,0.905422,1,4.49222,46.4,0.623029,0.0694444,0.124848,0.518863
16,-0.0676192,3.48754,0.993834,1,4.49222,46.4,0.623029,0.0694444,0.124848,0.518863
615,0.02605,3.48763,1.04461,1,4.49222,46.4,0.623029,0.0694444,0.124848,0.518863
615,0.02605,3.48763,1.04461,1,4.49222,46.4,0.623029,0.0694444,0.124848,0.518863
186,0.125016,3.48776,1.06102,1,4.49222,46.4,0.623029,0.0694444,0.124848,0.518863
186,0.125016,3.48776,1.06102,1,4.49222,46.4,0.623029,0.0694444,0.124848,0.518863
1044,0.223943,3.48765,1.04464,1,4.49222,46.4,0.623029,0.0694444,0.124848,0.518863
1044,0.223943,3.48765,1.04464,1,4.49222,46.4,0.623029,0.0694444,0.124848,0.518863
38,0.317657,3.48757,0.993892,1,4.49222,46.4,0.623029,0.0694444,0.124848,0.518863
38,0.317657,3.48757,0.993892,1,4.49222,46.4,0.623029,0.0694444,0.124848,0.518863
664,0.397013,3.48749,0.905519,1,4.49222,46.4,0.623029,0.0694444,0.124848,0.518863
664,0.397013,3.48749,0.905519,1,4.49222,46.4,0.623029,0.0694444,0.124848,0.518863
235,0.460392,3.48787,0.793777,1,4.49222,46.4,0.623029,0.0694444,0.124848,0.518863
235,0.460392,3.48787,0.793777,1,4.49222,46.4,0.623029,0.0694444,0.124848,0.518863
1093,0.50105,3.48857,0.661359,1,4.49222,46.4,0.623029,0.0694444,0.124848,0.518863
1093,0.50105,3.48857,0.661359,1,4.49222,46.4,0.623029,0.0694444,0.124848,0.518863
60,0.520154,3.48932,0.517367,1,4.49222,46.4,0.623029,0.0694444,0.124848,0.518863
1045,-0.251834,3.49567,0.665959,0,4.99222,46.4,0.637544,0.0694444,0.124845,0.533378
59,-0.271851,3.49648,0.520484,0,4.99222,46.4,0.637544,0.0694444,0.124845,0.533378
187,-0.211377,3.49489,0.799384,0,4.99222,46.4,0.637544,0.0694444,0.124845,0.533378
1045,-0.251834,3.49567,0.665959,0,4.99222,46.4,0.637544,0.0694444,0.124845,0.533378
616,-0.147782,3.49434,0.912005,0,4.99222,46.4,0.637544,0.0694444,0.124845,0.533378
187,-0.211377,3.49489,0.799384,0,4.99222,46.4,0.637544,0.0694444,0.124845,0.533378
16,-0.0679734,3.49413,1.00073,0,4.99222,46.4,0.637544,0.0694444,0.124845,0.533378
616,-0.147782,3.49434,0.912005,0,4.99222,46.4,0.637544,0.0694444,0.124845,0.533378
16,-0.0679734,3.49413,1.00073,0,4.99222,46.4,0.637544,0.0694444,0.124845,0.533378
615,0.0260033,3.4943,1.05174,0,4.99222,46.4,0.637544,0.0694444,0.124845,0.533378
615,0.0260033,3.4943,1.05174,0,4.99222,46.4,0.637544,0.0694444,0.124845,0.533378
186,0.12503,3.4948,1.06823,0,4.99222,46.4,0.637544,0.0694444,0.124845,0.533378
186,0.12503,3.4948,1.06823,0,4.99222,46.4,0.637544,0.0694444,0.124845,0.533378
1044,0.224053,3.49433,1.05168,0,4.99222,46.4,0.637544,0.0694444,0.124845,0.533378
1044,0.224053,3.49433,1.05168,0,4.99222,46.4,0.637544,0.0694444,0.124845,0.533378
38,0.31803,3.49412,1.00071,0,4.99222,46.4,0.637544,0.0694444,0.124845,0.533378
38,0.31803,3.49412,1.00071,0,4.99222,46.4,0.637544,0.0694444,0.124845,0.533378
664,0.397853,3.49429,0.911982,0,4.99222,46.4,0.637544,0.0694444,0.124845,0.533378
664,0.397853,3.49429,0.911982,0,4.99222,46.4,0.637544,0.0694444,0.124845,0.533378
235,0.461452,3.49482,0.799375,0,4.99222,46.4,0.637544,0.0694444,0.124845,0.533378
235,0.461452,3.49482,0.799375,0,4.99222,46.4,0.637544,0.0694444,0.124845,0.533378
1093,0.501813,3.49573,0.665956,0,4.99222,46.4,0.637544,0.0694444,0.124845,0.533378
1093,0.501813,3.49573,0.665956,0,4.99222,46.4,0.637544,0.0694444,0.124845,0.533378
60,0.521835,3.49683,0.520475,0,4.99222,46.4,0.637544,0.0694444,0.124845,0.533378
1045,-0.253691,3.52656,0.670152,1,4.99222,46.4,0.637544,0.0694444,0.124845,0.533378
59,-0.274006,3.52772,0.524449,1,4.99222,46.4,0.637544,0.0694444,0.124845,0.533378
187,-0.212065,3.52572,0.803132,1,4.99222,46.4,0.637544,0.0694444,0.124845,0.533378
1045,-0.253691,3.52656,0.670152,1,4.99222,46.4,0.637544,0.0694444,0.124845,0.533378
616,-0.147917,3.52518,0.915163,1,4.99222,46.4,0.637544,0.0694444,0.124845,0.533378
187,-0.212065,3.52572,0.803132,1,4.99222,46.4,0.637544,0.0694444,0.124845,0.533378
16,-0.0678584,3.52481,1.00345,1,4.99222,46.4,0.637544,0.0694444,0.124845,0.533378
616,-0.147917,3.52518,0.915163,1,4.99222,46.4,0.637544,0.0694444,0.124845,0.533378
16,-0.0678584,3.52481,1.00345,1,4.99222,46.4,0.637544,0.0694444,0.124845,0.533378
615,0.0261481,3.52476,1.05405,1,4.99222,46.4,0.637544,0.0694444,0.124845,0.533378
615,0.0261481,3.52476,1.05405,1,4.99222,46.4,0.637544,0.0694444,0.124845,0.533378
186,0.125004,3.52479,1.07063,1,4.99222,46.4,0.637544,0.0694444,0.124845,0.533378
186,0.125004,3.52479,1.07063,1,4.99222,46.4,0.637544,0.0694444,0.124845,0.533378
1044,0.22389,3.52475,1.05411,1,4.99222,46.4,0.637544,0.0694444,0.124845,0.533378
1044,0.22389,3.52475,1.05411,1,4.99222,46.4,0.637544,0.0694444,0.124845,0.533378
38,0.317884,3.52484,1.00352,1,4.99222,46.4,0.637544,0.0694444,0.124845,0.533378
38,0.317884,3.52484,1.00352,1,4.99222,46.4,0.637544,0.0694444,0.124845,0.533378
664,0.397977,3.52524,0.915242,1,4.99222,46.4,0.637544,0.0694444,0.124845,0.533378
664,0.397977,3.52524,0.915242,1,4.99222,46.4,0.637544,0.0694444,0.124845,0.533378
235,0.462166,3.52576,0.803237,1,4.99222,46.4,0.637544,0.0694444,0.124845,0.533378
235,0.462166,3.52576,0.803237,1,4.99222,46.4,0.637544,0.0694444,0.124845,0.533378
1093,0.503809,3.52647,0.6702,1,4.99222,46.4,0.637544,0.0694444,0.124845,0.533378
1093,0.503809,3.52647,0.6702,1,4.99222,46.4,0.637544,0.0694444,0.124845,0.533378
60,0.524088,3.52738,0.524567,1,4.99222,46.4,0.637544,0.0694444,0.124845,0.533378
1045,-0.254051,3.5318,0.67489,0,5.49222,46.4,0.648627,0.0694444,0.124841,0.54446
59,-0.274954,3.53276,0.52766,0,5.49222,46.4,0.648627,0.0694444,0.124841,0.54446
187,-0.213303,3.53107,0.809165,0,5.49222,46.4,0.648627,0.0694444,0.124841,0.54446
1045,-0.254051,3.5318,0.67489,0,5.49222,46.4,0.648627,0.0694444,0.124841,0.54446
616,-0.149183,3.53051,0.922432,0,5.49222,46.4,0.648627,0.0694444,0.124841,0.54446
187,-0.213303,3.53107,0.809165,0,5.49222,46.4,0.648627,0.0694444,0.124841,0.54446
16,-0.0685811,3.53018,1.01147,0,5.49222,46.4,0.648627,0.0694444,0.124841,0.54446
616,-0.149183,3.53051,0.922432,0,5.49222,46.4,0.648627,0.0694444,0.124841,0.54446
16,-0.0685811,3.53018,1.01147,0,5.49222,46.4,0.648627,0.0694444,0.124841,0.54446
615,0.0258466,3.53024,1.06237,0,5.49222,46.4,0.648627,0.0694444,0.124841,0.54446
615,0.0258466,3.53024,1.06237,0,5.49222,46.4,0.648627,0.0694444,0.124841,0.54446
186,0.125039,3.5306,1.07905,0,5.49222,46.4,0.648627,0.0694444,0.124841,0.54446
186,0.125039,3.5306,1.07905,0,5.49222,46.4,0.648627,0.0694444,0.124841,0.54446
1044,0.224179,3.53022,1.06242,0,5.49222,46.4,0.648627,0.0694444,0.124841,0.54446
1044,0.224179,3.53022,1.06242,0,5.49222,46.4,0.648627,0.0694444,0.124841,0.54446
38,0.318616,3.53016,1.01144,0,5.49222,46.4,0.648627,0.0694444,0.124841,0.54446
38,0.318616,3.53016,1.01144,0,5.49222,46.4,0.648627,0.0694444,0.124841,0.54446
664,0.399243,3.53049,0.92244,0,5.49222,46.4,0.648627,0.0694444,0.124841,0.54446
664,0.399243,3.53049,0.92244,0,5.49222,46.4,0.648627,0.0694444,0.124841,0.54446
235,0.463273,3.53108,0.809141,0,5.49222,46.4,0.648627,0.0694444,0.124841,0.54446
235,0.463273,3.53108,0.809141,0,5.49222,46.4,0.648627,0.0694444,0.124841,0.54446
1093,0.504046,3.53187,0.674901,0,5.49222,46.4,0.648627,0.0694444,0.124841,0.54446
1093,0.504046,3.53187,0.674901,0,5.49222,46.4,0.648627,0.0694444,0.124841,0.54446
60,0.524945,3.53287,0.52767,0,5.49222,46.4,0.648627,0.0694444,0.124841,0.54446
1045,-0.256736,3.56001,0.678929,1,5.49222,46.4,0.648627,0.0694444,0.124841,0.54446
59,-0.278435,3.56105,0.53145,1,5.49222,46.4,0.648627,0.0694444,0.124841,0.54446
187,-0.214132,3.55905,0.812452,1,5.49222,46.4,0.648627,0.0694444,0.124841,0.54446
1045,-0.256736,3.56001,0.678929,1,5.49222,46.4,0.648627,0.0694444,0.124841,0.54446
616,-0.149115,3.55836,0.924577,1,5.49222,46.4,0.648627,0.0694444,0.124841,0.54446
187,-0.214132,3.55905,0.812452,1,5.49222,46.4,0.648627,0.0694444,0.124841,0.54446
16,-0.0682231,3.55789,1.01279,1,5.49222,46.4,0.648627,0.0694444,0.124841,0.54446
616,-0.149115,3.55836,0.924577,1,5.49222,46.4,0.648627,0.0694444,0.124841,0.54446
16,-0.0682231,3.55789,1.01279,1,5.49222,46.4,0.648627,0.0694444,0.124841,0.54446
615,0.0261875,3.55764,1.06318,1,5.49222,46.4,0.648627,0.0694444,0.124841,0.54446
615,0.0261875,3.55764,1.06318,1,5.49222,46.4,0.648627,0.0694444,0.124841,0.54446
186,0.124993,3.55758,1.07975,1,5.49222,46.4,0.648627,0.0694444,0.124841,0.54446
186,0.124993,3.55758,1.07975,1,5.49222,46.4,0.648627,0.0694444,0.124841,0.54446
1044,0.223812,3.55764,1.06322,1,5.49222,46.4,0.648627,0.0694444,0.124841,0.54446
1044,0.223812,3.55764,1.06322,1,5.49222,46.4,0.648627,0.0694444,0.124841,0.54446
38,0.318211,3.55792,1.01287,1,5.49222,46.4,0.648627,0.0694444,0.124841,0.54446
38,0.318211,3.55792,1.01287,1,5.49222,46.4,0.648627,0.0694444,0.124841,0.54446
664,0.399146,3.55835,0.924708,1,5.49222,46.4,0.648627,0.0694444,0.124841,0.54446
664,0.399146,3.55835,0.924708,1,5.49222,46.4,0.648627,0.0694444,0.124841,0.54446
235,0.46422,3.55898,0.812537,1,5.49222,46.4,0.648627,0.0694444,0.124841,0.54446
235,0.46422,3.55898,0.812537,1,5.49222,46.4,0.648627,0.0694444,0.124841,0.54446
1093,0.506801,3.55979,0.678981,1,5.49222,46.4,0.648627,0.0694444,0.124841,0.54446
1093,0.506801,3.55979,0.678981,1,5.49222,46.4,0.648627,0.0694444,0.124841,0.54446
60,0.528544,3.56063,0.53159,1,5.49222,46.4,0.648627,0.0694444,0.124841,0.54446
1045,-0.256328,3.56895,0.683536,0,5.99222,46.4,0.661501,0.0694444,0.124833,0.557334
59,-0.277567,3.5698,0.534675,0,5.99222,46.4,0.661501,0.0694444,0.124833,0.557334
187,-0.215791,3.56831,0.819028,0,5.99222,46.4,0.661501,0.0694444,0.124833,0.557334
1045,-0.256328,3.56895,0.683536,0,5.99222,46.4,0.661501,0.0694444,0.124833,0.557334
616,-0.150993,3.5677,0.933002,0,5.99222,46.4,0.661501,0.0694444,0.124833,0.557334
187,-0.215791,3.56831,0.819028,0,5.99222,46.4,0.661501,0.0694444,0.124833,0.557334
16,-0.0693463,3.56713,1.02212,0,5.99222,46.4,0.661501,0.0694444,0.124833,0.557334
616,-0.150993,3.5677,0.933002,0,5.99222,46.4,0.661501,0.0694444,0.124833,0.557334
16,-0.0693463,3.56713,1.02212,0,5.99222,46.4,0.661501,0.0694444,0.124833,0.557334
615,0.025772,3.56687,1.07279,0,5.99222,46.4,0.661501,0.0694444,0.124833,0.557334
615,0.025772,3.56687,1.07279,0,5.99222,46.4,0.661501,0.0694444,0.124833,0.557334
186,0.125049,3.56706,1.08935,0,5.99222,46.4,0.661501,0.0694444,0.124833,0.557334
186,0.125049,3.56706,1.08935,0,5.99222,46.4,0.661501,0.0694444,0.124833,0.557334
1044,0.22438,3.56692,1.07278,0,5.99222,46.4,0.661501,0.0694444,0.124833,0.557334
1044,0.22438,3.56692,1.07278,0,5.99222,46.4,0.661501,0.0694444,0.124833,0.557334
38,0.319431,3.56725,1.02207,0,5.99222,46.4,0.661501,0.0694444,0.124833,0.557334
38,0.319431,3.56725,1.02207,0,5.99222,46.4,0.661501,0.0694444,0.124833,0.557334
664,0.401006,3.56795,0.932981,0,5.99222,46.4,0.661501,0.0694444,0.124833,0.557334
664,0.401006,3.56795,0.932981,0,5.99222,46.4,0.661501,0.0694444,0.124833,0.557334
235,0.465691,3.56844,0.819017,0,5.99222,46.4,0.661501,0.0694444,0.124833,0.557334
235,0.465691,3.56844,0.819017,0,5.99222,46.4,0.661501,0.0694444,0.124833,0.557334
1093,0.506235,3.56906,0.683699,0,5.99222,46.4,0.661501,0.0694444,0.124833,0.557334
1093,0.506235,3.56906,0.683699,0,5.99222,46.4,0.661501,0.0694444,0.124833,0.557334
60,0.527775,3.57021,0.534819,0,5.99222,46.4,0.661501,0.0694444,0.124833,0.557334
1045,-0.259799,3.59127,0.687457,1,5.99222,46.4,0.661501,0.0694444,0.124833,0.557334
59,-0.283001,3.59165,0.538216,1,5.99222,46.4,0.661501,0.0694444,0.124833,0.557334
187,-0.216087,3.5908,0.821472,1,5.99222,46.4,0.661501,0.0694444,0.124833,0.557334
1045,-0.259799,3.59127,0.687457,1,5.99222,46.4,0.661501,0.0694444,0.124833,0.557334
616,-0.150098,3.59027,0.933803,1,5.99222,46.4,0.661501,0.0694444,0.124833,0.557334
187,-0.216087,3.5908,0.821472,1,5.99222,46.4,0.661501,0.0694444,0.124833,0.557334
16,-0.068494,3.58996,1.02183,1,5.99222,46.4,0.661501,0.0694444,0.124833,0.557334
616,-0.150098,3.59027,0.933803,1,5.99222,46.4,0.661501,0.0694444,0.124833,0.557334
16,-0.068494,3.58996,1.02183,1,5.99222,46.4,0.661501,0.0694444,0.124833,0.557334
615,0.0262224,3.58959,1.07223,1,5.99222,46.4,0.661501,0.0694444,0.124833,0.557334
615,0.0262224,3.58959,1.07223,1,5.99222,46.4,0.661501,0.0694444,0.124833,0.557334
186,0.124982,3.58942,1.08893,1,5.99222,46.4,0.661501,0.0694444,0.124833,0.557334
186,0.124982,3.58942,1.08893,1,5.99222,46.4,0.661501,0.0694444,0.124833,0.557334
1044,0.223772,3.58948,1.0723,1,5.99222,46.4,0.661501,0.0694444,0.124833,0.557334
1044,0.223772,3.58948,1.0723,1,5.99222,46.4,0.661501,0.0694444,0.124833,0.557334
38,0.3186,3.58973,1.02196,1,5.99222,46.4,0.661501,0.0694444,0.124833,0.557334
38,0.3186,3.58973,1.02196,1,5.99222,46.4,0.661501,0.0694444,0.124833,0.557334
664,0.400271,3.5901,0.933855,1,5.99222,46.4,0.661501,0.0694444,0.124833,0.557334
664,0.400271,3.5901,0.933855,1,5.99222,46.4,0.661501,0.0694444,0.124833,0.557334
235,0.466351,3.59062,0.82147,1,5.99222,46.4,0.661501,0.0694444,0.124833,0.557334
235,0.466351,3.59062,0.82147,1,5.99222,46.4,0.661501,0.0694444,0.124833,0.557334
1093,0.509785,3.59138,0.687256,1,5.99222,46.4,0.661501,0.0694444,0.124833,0.557334
1093,0.509785,3.59138,0.687256,1,5.99222,46.4,0.661501,0.0694444,0.124833,0.557334
60,0.532914,3.59218,0.538252,1,5.99222,46.4,0.661501,0.0694444,0.124833,0.557334
1045,-0.259608,3.59667,0.692103,0,6.49222,46.4,0.671359,0.0694444,0.124836,0.567192
59,-0.282011,3.59744,0.541405,0,6.49222,46.4,0.671359,0.0694444,0.124836,0.567192
187,-0.218307,3.59637,0.828174,0,6.49222,46.4,0.671359,0.0694444,0.124836,0.567192
1045,-0.259608,3.59667,0.692103,0,6.49222,46.4,0.671359,0.0694444,0.124836,0.567192
616,-0.152635,3.59596,0.94249,0,6.49222,46.4,0.671359,0.0694444,0.124836,0.567192
187,-0.218307,3.59637,0.828174,0,6.49222,46.4,0.671359,0.0694444,0.124836,0.567192
16,-0.0699989,3.59579,1.03124,0,6.49222,46.4,0.671359,0.0694444,0.124836,0.567192
616,-0.152635,3.59596,0.94249,0,6.49222,46.4,0.671359,0.0694444,0.124836,0.567192
16,-0.0699989,3.59579,1.03124,0,6.49222,46.4,0.671359,0.0694444,0.124836,0.567192
615,0.02574,3.59585,1.08156,0,6.49222,46.4,0.671359,0.0694444,0.124836,0.567192
615,0.02574,3.59585,1.08156,0,6.49222,46.4,0.671359,0.0694444,0.124836,0.567192
186,0.125054,3.59605,1.09821,0,6.49222,46.4,0.671359,0.0694444,0.124836,0.567192
186,0.125054,3.59605,1.09821,0,6.49222,46.4,0.671359,0.0694444,0.124836,0.567192
1044,0.224367,3.59583,1.0815,0,6.49222,46.4,0.671359,0.0694444,0.124836,0.567192
1044,0.224367,3.59583,1.0815,0,6.49222,46.4,0.671359,0.0694444,0.124836,0.567192
38,0.320062,3.59574,1.03121,0,6.49222,46.4,0.671359,0.0694444,0.124836,0.567192
38,0.320062,3.59574,1.03121,0,6.49222,46.4,0.671359,0.0694444,0.124836,0.567192
664,0.402642,3.59592,0.942377,0,6.49222,46.4,0.671359,0.0694444,0.124836,0.567192
664,0.402642,3.59592,0.942377,0,6.49222,46.4,0.671359,0.0694444,0.124836,0.567192
235,0.468311,3.59636,0.828186,0,6.49222,46.4,0.671359,0.0694444,0.124836,0.567192
235,0.468311,3.59636,0.828186,0,6.49222,46.4,0.671359,0.0694444,0.124836,0.567192
1093,0.50962,3.5968,0.692175,0,6.49222,46.4,0.671359,0.0694444,0.124836,0.567192
1093,0.50962,3.5968,0.692175,0,6.49222,46.4,0.671359,0.0694444,0.124836,0.567192
60,0.532042,3.59755,0.541451,0,6.49222,46.4,0.671359,0.0694444,0.124836,0.567192
1045,-0.26278,3.62278,0.695243,1,6.49222,46.4,0.671359,0.0694444,0.124836,0.567192
59,-0.287268,3.62361,0.544275,1,6.49222,46.4,0.671359,0.0694444,0.124836,0.567192
187,-0.218212,3.62204,0.829951,1,6.49222,46.4,0.671359,0.0694444,0.124836,0.567192
1045,-0.26278,3.62278,0.695243,1,6.49222,46.4,0.671359,0.0694444,0.124836,0.567192
616,-0.151353,3.62146,0.94259,1,6.49222,46.4,0.671359,0.0694444,0.124836,0.567192
187,-0.218212,3.62204,0.829951,1,6.49222,46.4,0.671359,0.0694444,0.124836,0.567192
16,-0.0691122,3.62108,1.03068,1,6.49222,46.4,0.671359,0.0694444,0.124836,0.567192
616,-0.151353,3.62146,0.94259,1,6.49222,46.4,0.671359,0.0694444,0.124836,0.567192
16,-0.0691122,3.62108,1.03068,1,6.49222,46.4,0.671359,0.0694444,0.124836,0.567192
615,0.0260783,3.62087,1.08117,1,6.49222,46.4,0.671359,0.0694444,0.124836,0.567192
615,0.0260783,3.62087,1.08117,1,6.49222,46.4,0.671359,0.0694444,0.124836,0.567192
186,0.125008,3.62077,1.09801,1,6.49222,46.4,0.671359,0.0694444,0.124836,0.567192
186,0.125008,3.62077,1.09801,1,6.49222,46.4,0.671359,0.0694444,0.124836,0.567192
1044,0.223929,3.62087,1.08122,1,6.49222,46.4,0.671359,0.0694444,0.124836,0.567192
1044,0.223929,3.62087,1.08122,1,6.49222,46.4,0.671359,0.0694444,0.124836,0.567192
38,0.319122,3.6211,1.03082,1,6.49222,46.4,0.671359,0.0694444,0.124836,0.567192
38,0.319122,3.6211,1.03082,1,6.49222,46.4,0.671359,0.0694444,0.124836,0.567192
664,0.401432,3.62146,0.942736,1,6.49222,46.4,0.671359,0.0694444,0.124836,0.567192
664,0.401432,3.62146,0.942736,1,6.49222,46.4,0.671359,0.0694444,0.124836,0.567192
235,0.468325,3.62209,0.830096,1,6.49222,46.4,0.671359,0.0694444,0.124836,0.567192
235,0.468325,3.62209,0.830096,1,6.49222,46.4,0.671359,0.0694444,0.124836,0.567192
1093,0.512851,3.62276,0.695299,1,6.49222,46.4,0.671359,0.0694444,0.124836,0.567192
1093,0.512851,3.62276,0.695299,1,6.49222,46.4,0.671359,0.0694444,0.124836,0.567192
60,0.53736,3.62344,0.544486,1,6.49222,46.4,0.671359,0.0694444,0.124836,0.567192
1045,-0.262745,3.62791,0.699532,0,6.99222,46.4,0.681326,0.0694444,0.124836,0.57716
59,-0.28614,3.62881,0.547171,0,6.99222,46.4,0.681326,0.0694444,0.124836,0.57716
187,-0.220813,3.62741,0.836254,0,6.99222,46.4,0.681326,0.0694444,0.124836,0.57716
1045,-0.262745,3.62791,0.699532,0,6.99222,46.4,0.681326,0.0694444,0.124836,0.57716
616,-0.154186,3.6271,0.95106,0,6.99222,46.4,0.681326,0.0694444,0.124836,0.57716
187,-0.220813,3.62741,0.836254,0,6.99222,46.4,0.681326,0.0694444,0.124836,0.57716
16,-0.0706335,3.62688,1.0398,0,6.99222,46.4,0.681326,0.0694444,0.124836,0.57716
616,-0.154186,3.6271,0.95106,0,6.99222,46.4,0.681326,0.0694444,0.124836,0.57716
16,-0.0706335,3.62688,1.0398,0,6.99222,46.4,0.681326,0.0694444,0.124836,0.57716
615,0.0255351,3.62699,1.08991,0,6.99222,46.4,0.681326,0.0694444,0.124836,0.57716
615,0.0255351,3.62699,1.08991,0,6.99222,46.4,0.681326,0.0694444,0.124836,0.57716
186,0.125019,3.62706,1.10677,0,6.99222,46.4,0.681326,0.0694444,0.124836,0.57716
186,0.125019,3.62706,1.10677,0,6.99222,46.4,0.681326,0.0694444,0.124836,0.57716
1044,0.224392,3.62697,1.08993,0,6.99222,46.4,0.681326,0.0694444,0.124836,0.57716
1044,0.224392,3.62697,1.08993,0,6.99222,46.4,0.681326,0.0694444,0.124836,0.57716
38,0.32059,3.62682,1.0398,0,6.99222,46.4,0.681326,0.0694444,0.124836,0.57716
38,0.32059,3.62682,1.0398,0,6.99222,46.4,0.681326,0.0694444,0.124836,0.57716
664,0.404243,3.62693,0.951083,0,6.99222,46.4,0.681326,0.0694444,0.124836,0.57716
664,0.404243,3.62693,0.951083,0,6.99222,46.4,0.681326,0.0694444,0.124836,0.57716
235,0.470777,3.62736,0.836338,0,6.99222,46.4,0.681326,0.0694444,0.124836,0.57716
235,0.470777,3.62736,0.836338,0,6.99222,46.4,0.681326,0.0694444,0.124836,0.57716
1093,0.512771,3.62804,0.69947,0,6.99222,46.4,0.681326,0.0694444,0.124836,0.57716
1093,0.512771,3.62804,0.69947,0,6.99222,46.4,0.681326,0.0694444,0.124836,0.57716
60,0.536265,3.62888,0.547367,0,6.99222,46.4,0.681326,0.0694444,0.124836,0.57716
1045,-0.265698,3.65252,0.702171,1,6.99222,46.4,0.681326,0.0694444,0.124836,0.57716
59,-0.291603,3.65316,0.549579,1,6.99222,46.4,0.681326,0.0694444,0.124836,0.57716
187,-0.220179,3.65204,0.837507,1,6.99222,46.4,0.681326,0.0694444,0.124836,0.57716
1045,-0.265698,3.65252,0.702171,1,6.99222,46.4,0.681326,0.0694444,0.124836,0.57716
616,-0.152627,3.65149,0.950546,1,6.99222,46.4,0.681326,0.0694444,0.124836,0.57716
187,-0.220179,3.65204,0.837507,1,6.99222,46.4,0.681326,0.0694444,0.124836,0.57716
16,-0.0695657,3.65099,1.03876,1,6.99222,46.4,0.681326,0.0694444,0.124836,0.57716
616,-0.152627,3.65149,0.950546,1,6.99222,46.4,0.681326,0.0694444,0.124836,0.57716
16,-0.0695657,3.65099,1.03876,1,6.99222,46.4,0.681326,0.0694444,0.124836,0.57716
615,0.0260335,3.65075,1.08918,1,6.99222,46.4,0.681326,0.0694444,0.124836,0.57716
615,0.0260335,3.65075,1.08918,1,6.99222,46.4,0.681326,0.0694444,0.124836,0.57716
186,0.125044,3.65066,1.10611,1,6.99222,46.4,0.681326,0.0694444,0.124836,0.57716
186,0.125044,3.65066,1.10611,1,6.99222,46.4,0.681326,0.0694444,0.124836,0.57716
1044,0.224042,3.65078,1.0892,1,6.99222,46.4,0.681326,0.0694444,0.124836,0.57716
1044,0.224042,3.65078,1.0892,1,6.99222,46.4,0.681326,0.0694444,0.124836,0.57716
38,0.31967,3.65105,1.03883,1,6.99222,46.4,0.681326,0.0694444,0.124836,0.57716
38,0.31967,3.65105,1.03883,1,6.99222,46.4,0.681326,0.0694444,0.124836,0.57716
664,0.402737,3.65143,0.950678,1,6.99222,46.4,0.681326,0.0694444,0.124836,0.57716
664,0.402737,3.65143,0.950678,1,6.99222,46.4,0.681326,0.0694444,0.124836,0.57716
235,0.47042,3.65185,0.837641,1,6.99222,46.4,0.681326,0.0694444,0.124836,0.57716
235,0.47042,3.65185,0.837641,1,6.99222,46.4,0.681326,0.0694444,0.124836,0.57716
1093,0.515778,3.65251,0.702132,1,6.99222,46.4,0.681326,0.0694444,0.124836,0.57716
1093,0.515778,3.65251,0.702132,1,6.99222,46.4,0.681326,0.0694444,0.124836,0.57716
60,0.541667,3.65317,0.549783,1,6.99222,46.4,0.681326,0.0694444,0.124836,0.57716
1045,-0.265331,3.65687,0.706102,0,7.49222,46.4,0.690571,0.0694444,0.124832,0.586405
59,-0.290237,3.65777,0.552336,0,7.49222,46.4,0.690571,0.0694444,0.124832,0.586405
187,-0.222486,3.65645,0.843696,0,7.49222,46.4,0.690571,0.0694444,0.124832,0.586405
1045,-0.265331,3.65687,0.706102,0,7.49222,46.4,0.690571,0.0694444,0.124832,0.586405
616,-0.155119,3.65609,0.958862,0,7.49222,46.4,0.690571,0.0694444,0.124832,0.586405
187,-0.222486,3.65645,0.843696,0,7.49222,46.4,0.690571,0.0694444,0.124832,0.586405
16,-0.071156,3.65601,1.04805,0,7.49222,46.4,0.690571,0.0694444,0.124832,0.586405
616,-0.155119,3.65609,0.958862,0,7.49222,46.4,0.690571,0.0694444,0.124832,0.586405
16,-0.071156,3.65601,1.04805,0,7.49222,46.4,0.690571,0.0694444,0.124832,0.586405
615,0.0254526,3.6561,1.09869,0,7.49222,46.4,0.690571,0.0694444,0.124832,0.586405
615,0.0254526,3.6561,1.09869,0,7.49222,46.4,0.690571,0.0694444,0.124832,0.586405
186,0.125032,3.65623,1.11574,0,7.49222,46.4,0.690571,0.0694444,0.124832,0.586405
186,0.125032,3.65623,1.11574,0,7.49222,46.4,0.690571,0.0694444,0.124832,0.586405
1044,0.224569,3.65605,1.09868,0,7.49222,46.4,0.690571,0.0694444,0.124832,0.586405
1044,0.224569,3.65605,1.09868,0,7.49222,46.4,0.690571,0.0694444,0.124832,0.586405
38,0.321189,3.65594,1.04807,0,7.49222,46.4,0.690571,0.0694444,0.124832,0.586405
38,0.321189,3.65594,1.04807,0,7.49222,46.4,0.690571,0.0694444,0.124832,0.586405
664,0.405122,3.65608,0.958859,0,7.49222,46.4,0.690571,0.0694444,0.124832,0.586405
664,0.405122,3.65608,0.958859,0,7.49222,46.4,0.690571,0.0694444,0.124832,0.586405
235,0.472479,3.65655,0.843709,0,7.49222,46.4,0.690571,0.0694444,0.124832,0.586405
235,0.472479,3.65655,0.843709,0,7.49222,46.4,0.690571,0.0694444,0.124832,0.586405
1093,0.515339,3.65705,0.706113,0,7.49222,46.4,0.690571,0.0694444,0.124832,0.586405
1093,0.515339,3.65705,0.706113,0,7.49222,46.4,0.690571,0.0694444,0.124832,0.586405
60,0.540203,3.65767,0.552389,0,7.49222,46.4,0.690571,0.0694444,0.124832,0.586405
1045,-0.268504,3.67925,0.709118,1,7.49222,46.4,0.690571,0.0694444,0.124832,0.586405
59,-0.295718,3.67994,0.554955,1,7.49222,46.4,0.690571,0.0694444,0.124832,0.586405
187,-0.222324,3.67878,0.845209,1,7.49222,46.4,0.690571,0.0694444,0.124832,0.586405
1045,-0.268504,3.67925,0.709118,1,7.49222,46.4,0.690571,0.0694444,0.124832,0.586405
616,-0.153955,3.67846,0.958739,1,7.49222,46.4,0.690571,0.0694444,0.124832,0.586405
187,-0.222324,3.67878,0.845209,1,7.49222,46.4,0.690571,0.0694444,0.124832,0.586405
16,-0.0702413,3.67807,1.04708,1,7.49222,46.4,0.690571,0.0694444,0.124832,0.586405
616,-0.153955,3.67846,0.958739,1,7.49222,46.4,0.690571,0.0694444,0.124832,0.586405
16,-0.0702413,3.67807,1.04708,1,7.49222,46.4,0.690571,0.0694444,0.124832,0.586405
615,0.025827,3.67781,1.09771,1,7.49222,46.4,0.690571,0.0694444,0.124832,0.586405
615,0.025827,3.67781,1.09771,1,7.49222,46.4,0.690571,0.0694444,0.124832,0.586405
186,0.125004,3.67775,1.11491,1,7.49222,46.4,0.690571,0.0694444,0.124832,0.586405
186,0.125004,3.67775,1.11491,1,7.49222,46.4,0.690571,0.0694444,0.124832,0.586405
1044,0.224193,3.67787,1.0977,1,7.49222,46.4,0.690571,0.0694444,0.124832,0.586405
1044,0.224193,3.67787,1.0977,1,7.49222,46.4,0.690571,0.0694444,0.124832,0.586405
38,0.3203,3.67801,1.04714,1,7.49222,46.4,0.690571,0.0694444,0.124832,0.586405
38,0.3203,3.67801,1.04714,1,7.49222,46.4,0.690571,0.0694444,0.124832,0.586405
664,0.404041,3.67833,0.958806,1,7.49222,46.4,0.690571,0.0694444,0.124832,0.586405
664,0.404041,3.67833,0.958806,1,7.49222,46.4,0.690571,0.0694444,0.124832,0.586405
235,0.472466,3.67886,0.845268,1,7.49222,46.4,0.690571,0.0694444,0.124832,0.586405
235,0.472466,3.67886,0.845268,1,7.49222,46.4,0.690571,0.0694444,0.124832,0.586405
1093,0.518474,3.67939,0.709025,1,7.49222,46.4,0.690571,0.0694444,0.124832,0.586405
1093,0.518474,3.67939,0.709025,1,7.49222,46.4,0.690571,0.0694444,0.124832,0.586405
60,0.545768,3.67993,0.555088,1,7.49222,46.4,0.690571,0.0694444,0.124832,0.586405
