id,x,y,z,ablated,v,bulkheadyoungs,nickdepth,nickw,nickc,bbmin
1045,-0.245686,3.42408,0.639402,0,3.49222,100,0.605156,0.0694444,0.124845,0.500989
59,-0.26362,3.4241,0.499756,0,3.49222,100,0.605156,0.0694444,0.124845,0.500989
187,-0.206992,3.42399,0.770656,0,3.49222,100,0.605156,0.0694444,0.124845,0.500989
1045,-0.245686,3.42408,0.639402,0,3.49222,100,0.605156,0.0694444,0.124845,0.500989
616,-0.145226,3.42379,0.882191,0,3.49222,100,0.605156,0.0694444,0.124845,0.500989
187,-0.206992,3.42399,0.770656,0,3.49222,100,0.605156,0.0694444,0.124845,0.500989
16,-0.0672333,3.42363,0.970908,0,3.49222,100,0.605156,0.0694444,0.124845,0.500989
616,-0.145226,3.42379,0.882191,0,3.49222,100,0.605156,0.0694444,0.124845,0.500989
16,-0.0672333,3.42363,0.970908,0,3.49222,100,0.605156,0.0694444,0.124845,0.500989
615,0.0258804,3.4234,1.02207,0,3.49222,100,0.605156,0.0694444,0.124845,0.500989
615,0.0258804,3.4234,1.02207,0,3.49222,100,0.605156,0.0694444,0.124845,0.500989
186,0.125003,3.42338,1.03862,0,3.49222,100,0.605156,0.0694444,0.124845,0.500989
186,0.125003,3.42338,1.03862,0,3.49222,100,0.605156,0.0694444,0.124845,0.500989
1044,0.224137,3.42342,1.02206,0,3.49222,100,0.605156,0.0694444,0.124845,0.500989
1044,0.224137,3.42342,1.02206,0,3.49222,100,0.605156,0.0694444,0.124845,0.500989
38,0.317248,3.42352,0.97092,0,3.49222,100,0.605156,0.0694444,0.124845,0.500989
38,0.317248,3.42352,0.97092,0,3.49222,100,0.605156,0.0694444,0.124845,0.500989
664,0.395229,3.42374,0.882201,0,3.49222,100,0.605156,0.0694444,0.124845,0.500989
664,0.395229,3.42374,0.882201,0,3.49222,100,0.605156,0.0694444,0.124845,0.500989
235,0.456986,3.42392,0.770676,0,3.49222,100,0.605156,0.0694444,0.124845,0.500989
235,0.456986,3.42392,0.770676,0,3.49222,100,0.605156,0.0694444,0.124845,0.500989
1093,0.495694,3.42401,0.639423,0,3.49222,100,0.605156,0.0694444,0.124845,0.500989
1093,0.495694,3.42401,0.639423,0,3.49222,100,0.605156,0.0694444,0.124845,0.500989
60,0.513614,3.42399,0.499771,0,3.49222,100,0.605156,0.0694444,0.124845,0.500989
1045,-0.245938,3.4278,0.639582,1,3.49222,100,0.605156,0.0694444,0.124845,0.500989
59,-0.263903,3.42809,0.499814,1,3.49222,100,0.605156,0.0694444,0.124845,0.500989
187,-0.207003,3.42758,0.770778,1,3.49222,100,0.605156,0.0694444,0.124845,0.500989
1045,-0.245938,3.4278,0.639582,1,3.49222,100,0.605156,0.0694444,0.124845,0.500989
616,-0.145135,3.42733,0.882116,1,3.49222,100,0.605156,0.0694444,0.124845,0.500989
187,-0.207003,3.42758,0.770778,1,3.49222,100,0.605156,0.0694444,0.124845,0.500989
16,-0.0671413,3.42717,0.970723,1,3.49222,100,0.605156,0.0694444,0.124845,0.500989
616,-0.145135,3.42733,0.882116,1,3.49222,100,0.605156,0.0694444,0.124845,0.500989
16,-0.0671413,3.42717,0.970723,1,3.49222,100,0.605156,0.0694444,0.124845,0.500989
615,0.0259256,3.42711,1.02182,1,3.49222,100,0.605156,0.0694444,0.124845,0.500989
615,0.0259256,3.42711,1.02182,1,3.49222,100,0.605156,0.0694444,0.124845,0.500989
186,0.125024,3.42712,1.03841,1,3.49222,100,0.605156,0.0694444,0.124845,0.500989
186,0.125024,3.42712,1.03841,1,3.49222,100,0.605156,0.0694444,0.124845,0.500989
1044,0.224123,3.42715,1.02181,1,3.49222,100,0.605156,0.0694444,0.124845,0.500989
1044,0.224123,3.42715,1.02181,1,3.49222,100,0.605156,0.0694444,0.124845,0.500989
38,0.317157,3.42721,0.970722,1,3.49222,100,0.605156,0.0694444,0.124845,0.500989
38,0.317157,3.42721,0.970722,1,3.49222,100,0.605156,0.0694444,0.124845,0.500989
664,0.395144,3.42738,0.882125,1,3.49222,100,0.605156,0.0694444,0.124845,0.500989
664,0.395144,3.42738,0.882125,1,3.49222,100,0.605156,0.0694444,0.124845,0.500989
235,0.457,3.42763,0.770774,1,3.49222,100,0.605156,0.0694444,0.124845,0.500989
235,0.457,3.42763,0.770774,1,3.49222,100,0.605156,0.0694444,0.124845,0.500989
1093,0.495948,3.42788,0.639586,1,3.49222,100,0.605156,0.0694444,0.124845,0.500989
1093,0.495948,3.42788,0.639586,1,3.49222,100,0.605156,0.0694444,0.124845,0.500989
60,0.513954,3.42822,0.49989,1,3.49222,100,0.605156,0.0694444,0.124845,0.500989
1045,-0.246647,3.42798,0.641814,0,3.99222,100,0.60734,0.0694444,0.124845,0.503173
59,-0.265564,3.42838,0.501704,0,3.99222,100,0.60734,0.0694444,0.124845,0.503173
187,-0.207454,3.42797,0.773066,0,3.99222,100,0.60734,0.0694444,0.124845,0.503173
1045,-0.246647,3.42798,0.641814,0,3.99222,100,0.60734,0.0694444,0.124845,0.503173
616,-0.145263,3.42768,0.88454,0,3.99222,100,0.60734,0.0694444,0.124845,0.503173
187,-0.207454,3.42797,0.773066,0,3.99222,100,0.60734,0.0694444,0.124845,0.503173
16,-0.0670142,3.42752,0.973103,0,3.99222,100,0.60734,0.0694444,0.124845,0.503173
616,-0.145263,3.42768,0.88454,0,3.99222,100,0.60734,0.0694444,0.124845,0.503173
16,-0.0670142,3.42752,0.973103,0,3.99222,100,0.60734,0.0694444,0.124845,0.503173
615,0.0260658,3.42755,1.02395,0,3.99222,100,0.60734,0.0694444,0.124845,0.503173
615,0.0260658,3.42755,1.02395,0,3.99222,100,0.60734,0.0694444,0.124845,0.503173
186,0.125011,3.42775,1.0405,0,3.99222,100,0.60734,0.0694444,0.124845,0.503173
186,0.125011,3.42775,1.0405,0,3.99222,100,0.60734,0.0694444,0.124845,0.503173
1044,0.223944,3.42768,1.02396,0,3.99222,100,0.60734,0.0694444,0.124845,0.503173
1044,0.223944,3.42768,1.02396,0,3.99222,100,0.60734,0.0694444,0.124845,0.503173
38,0.317031,3.42757,0.973085,0,3.99222,100,0.60734,0.0694444,0.124845,0.503173
38,0.317031,3.42757,0.973085,0,3.99222,100,0.60734,0.0694444,0.124845,0.503173
664,0.395304,3.42778,0.884532,0,3.99222,100,0.60734,0.0694444,0.124845,0.503173
664,0.395304,3.42778,0.884532,0,3.99222,100,0.60734,0.0694444,0.124845,0.503173
235,0.457457,3.42809,0.773043,0,3.99222,100,0.60734,0.0694444,0.124845,0.503173
235,0.457457,3.42809,0.773043,0,3.99222,100,0.60734,0.0694444,0.124845,0.503173
1093,0.496666,3.42825,0.641854,0,3.99222,100,0.60734,0.0694444,0.124845,0.503173
1093,0.496666,3.42825,0.641854,0,3.99222,100,0.60734,0.0694444,0.124845,0.503173
60,0.515601,3.42813,0.501707,0,3.99222,100,0.60734,0.0694444,0.124845,0.503173
1045,-0.246142,3.44578,0.651628,1,3.99222,100,0.60734,0.0694444,0.124845,0.503173
59,-0.263525,3.44612,0.510596,1,3.99222,100,0.60734,0.0694444,0.124845,0.503173
187,-0.207134,3.44588,0.7834,1,3.99222,100,0.60734,0.0694444,0.124845,0.503173
1045,-0.246142,3.44578,0.651628,1,3.99222,100,0.60734,0.0694444,0.124845,0.503173
616,-0.144952,3.44605,0.894865,1,3.99222,100,0.60734,0.0694444,0.124845,0.503173
187,-0.207134,3.44588,0.7834,1,3.99222,100,0.60734,0.0694444,0.124845,0.503173
16,-0.0667686,3.44665,0.983327,1,3.99222,100,0.60734,0.0694444,0.124845,0.503173
616,-0.144952,3.44605,0.894865,1,3.99222,100,0.60734,0.0694444,0.124845,0.503173
16,-0.0667686,3.44665,0.983327,1,3.99222,100,0.60734,0.0694444,0.124845,0.503173
615,0.0263904,3.44705,1.03416,1,3.99222,100,0.60734,0.0694444,0.124845,0.503173
615,0.0263904,3.44705,1.03416,1,3.99222,100,0.60734,0.0694444,0.124845,0.503173
186,0.124971,3.44724,1.05043,1,3.99222,100,0.60734,0.0694444,0.124845,0.503173
186,0.124971,3.44724,1.05043,1,3.99222,100,0.60734,0.0694444,0.124845,0.503173
1044,0.223673,3.44701,1.03419,1,3.99222,100,0.60734,0.0694444,0.124845,0.503173
1044,0.223673,3.44701,1.03419,1,3.99222,100,0.60734,0.0694444,0.124845,0.503173
38,0.31677,3.44662,0.983329,1,3.99222,100,0.60734,0.0694444,0.124845,0.503173
38,0.31677,3.44662,0.983329,1,3.99222,100,0.60734,0.0694444,0.124845,0.503173
664,0.394898,3.44604,0.894875,1,3.99222,100,0.60734,0.0694444,0.124845,0.503173
664,0.394898,3.44604,0.894875,1,3.99222,100,0.60734,0.0694444,0.124845,0.503173
235,0.457133,3.4458,0.783446,1,3.99222,100,0.60734,0.0694444,0.124845,0.503173
235,0.457133,3.4458,0.783446,1,3.99222,100,0.60734,0.0694444,0.124845,0.503173
1093,0.49625,3.4458,0.65168,1,3.99222,100,0.60734,0.0694444,0.124845,0.503173
1093,0.49625,3.4458,0.65168,1,3.99222,100,0.60734,0.0694444,0.124845,0.503173
60,0.513581,3.44626,0.510653,1,3.99222,100,0.60734,0.0694444,0.124845,0.503173
1045,-0.247334,3.44536,0.652745,0,4.49222,100,0.619519,0.0694444,0.124843,0.515353
59,-0.266215,3.44583,0.511399,0,4.49222,100,0.619519,0.0694444,0.124843,0.515353
187,-0.207919,3.44525,0.784484,0,4.49222,100,0.619519,0.0694444,0.124843,0.515353
1045,-0.247334,3.44536,0.652745,0,4.49222,100,0.619519,0.0694444,0.124843,0.515353
616,-0.145545,3.44522,0.896136,0,4.49222,100,0.619519,0.0694444,0.124843,0.515353
187,-0.207919,3.44525,0.784484,0,4.49222,100,0.619519,0.0694444,0.124843,0.515353
16,-0.0670419,3.44575,0.984629,0,4.49222,100,0.619519,0.0694444,0.124843,0.515353
616,-0.145545,3.44522,0.896136,0,4.49222,100,0.619519,0.0694444,0.124843,0.515353
16,-0.0670419,3.44575,0.984629,0,4.49222,100,0.619519,0.0694444,0.124843,0.515353
615,0.0261201,3.44608,1.0354,0,4.49222,100,0.619519,0.0694444,0.124843,0.515353
615,0.0261201,3.44608,1.0354,0,4.49222,100,0.619519,0.0694444,0.124843,0.515353
186,0.124985,3.44655,1.05189,0,4.49222,100,0.619519,0.0694444,0.124843,0.515353
186,0.124985,3.44655,1.05189,0,4.49222,100,0.619519,0.0694444,0.124843,0.515353
1044,0.223932,3.44613,1.03536,0,4.49222,100,0.619519,0.0694444,0.124843,0.515353
1044,0.223932,3.44613,1.03536,0,4.49222,100,0.619519,0.0694444,0.124843,0.515353
38,0.317064,3.44575,0.984619,0,4.49222,100,0.619519,0.0694444,0.124843,0.515353
38,0.317064,3.44575,0.984619,0,4.49222,100,0.619519,0.0694444,0.124843,0.515353
664,0.395538,3.44524,0.896115,0,4.49222,100,0.619519,0.0694444,0.124843,0.515353
664,0.395538,3.44524,0.896115,0,4.49222,100,0.619519,0.0694444,0.124843,0.515353
235,0.457906,3.4453,0.784457,0,4.49222,100,0.619519,0.0694444,0.124843,0.515353
235,0.457906,3.4453,0.784457,0,4.49222,100,0.619519,0.0694444,0.124843,0.515353
1093,0.497344,3.44546,0.652782,0,4.49222,100,0.619519,0.0694444,0.124843,0.515353
1093,0.497344,3.44546,0.652782,0,4.49222,100,0.619519,0.0694444,0.124843,0.515353
60,0.516206,3.44573,0.51139,0,4.49222,100,0.619519,0.0694444,0.124843,0.515353
1045,-0.246534,3.48395,0.662391,1,4.49222,100,0.619519,0.0694444,0.124843,0.515353
59,-0.263809,3.48472,0.520012,1,4.49222,100,0.619519,0.0694444,0.124843,0.515353
187,-0.20757,3.48311,0.794631,1,4.49222,100,0.619519,0.0694444,0.124843,0.515353
1045,-0.246534,3.48395,0.662391,1,4.49222,100,0.619519,0.0694444,0.124843,0.515353
616,-0.145404,3.48281,0.906567,1,4.49222,100,0.619519,0.0694444,0.124843,0.515353
187,-0.20757,3.48311,0.794631,1,4.49222,100,0.619519,0.0694444,0.124843,0.515353
16,-0.0667273,3.48319,0.995214,1,4.49222,100,0.619519,0.0694444,0.124843,0.515353
616,-0.145404,3.48281,0.906567,1,4.49222,100,0.619519,0.0694444,0.124843,0.515353
16,-0.0667273,3.48319,0.995214,1,4.49222,100,0.619519,0.0694444,0.124843,0.515353
615,0.0264846,3.48384,1.04573,1,4.49222,100,0.619519,0.0694444,0.124843,0.515353
615,0.0264846,3.48384,1.04573,1,4.49222,100,0.619519,0.0694444,0.124843,0.515353
186,0.125026,3.48418,1.062,1,4.49222,100,0.619519,0.0694444,0.124843,0.515353
186,0.125026,3.48418,1.062,1,4.49222,100,0.619519,0.0694444,0.124843,0.515353
1044,0.223478,3.48377,1.0457,1,4.49222,100,0.619519,0.0694444,0.124843,0.515353
1044,0.223478,3.48377,1.0457,1,4.49222,100,0.619519,0.0694444,0.124843,0.515353
38,0.31674,3.48319,0.995126,1,4.49222,100,0.619519,0.0694444,0.124843,0.515353
38,0.31674,3.48319,0.995126,1,4.49222,100,0.619519,0.0694444,0.124843,0.515353
664,0.395419,3.48285,0.906523,1,4.49222,100,0.619519,0.0694444,0.124843,0.515353
664,0.395419,3.48285,0.906523,1,4.49222,100,0.619519,0.0694444,0.124843,0.515353
235,0.457564,3.48323,0.794605,1,4.49222,100,0.619519,0.0694444,0.124843,0.515353
235,0.457564,3.48323,0.794605,1,4.49222,100,0.619519,0.0694444,0.124843,0.515353
1093,0.496566,3.48402,0.662364,1,4.49222,100,0.619519,0.0694444,0.124843,0.515353
1093,0.496566,3.48402,0.662364,1,4.49222,100,0.619519,0.0694444,0.124843,0.515353
60,0.513858,3.48512,0.520087,1,4.49222,100,0.619519,0.0694444,0.124843,0.515353
1045,-0.248395,3.48426,0.66267,0,4.99222,100,0.631213,0.0694444,0.124843,0.527046
59,-0.267167,3.4849,0.519883,0,4.99222,100,0.631213,0.0694444,0.124843,0.527046
187,-0.208808,3.48401,0.794937,0,4.99222,100,0.631213,0.0694444,0.124843,0.527046
1045,-0.248395,3.48426,0.66267,0,4.99222,100,0.631213,0.0694444,0.124843,0.527046
616,-0.146135,3.48398,0.90679,0,4.99222,100,0.631213,0.0694444,0.124843,0.527046
187,-0.208808,3.48401,0.794937,0,4.99222,100,0.631213,0.0694444,0.124843,0.527046
16,-0.0673902,3.48429,0.995403,0,4.99222,100,0.631213,0.0694444,0.124843,0.527046
616,-0.146135,3.48398,0.90679,0,4.99222,100,0.631213,0.0694444,0.124843,0.527046
16,-0.0673902,3.48429,0.995403,0,4.99222,100,0.631213,0.0694444,0.124843,0.527046
615,0.0260315,3.48463,1.0463,0,4.99222,100,0.631213,0.0694444,0.124843,0.527046
615,0.0260315,3.48463,1.0463,0,4.99222,100,0.631213,0.0694444,0.124843,0.527046
186,0.12501,3.48502,1.06283,0,4.99222,100,0.631213,0.0694444,0.124843,0.527046
186,0.12501,3.48502,1.06283,0,4.99222,100,0.631213,0.0694444,0.124843,0.527046
1044,0.223997,3.48468,1.04632,0,4.99222,100,0.631213,0.0694444,0.124843,0.527046
1044,0.223997,3.48468,1.04632,0,4.99222,100,0.631213,0.0694444,0.124843,0.527046
38,0.31737,3.48432,0.995378,0,4.99222,100,0.631213,0.0694444,0.124843,0.527046
38,0.31737,3.48432,0.995378,0,4.99222,100,0.631213,0.0694444,0.124843,0.527046
664,0.396153,3.48397,0.906792,0,4.99222,100,0.631213,0.0694444,0.124843,0.527046
664,0.396153,3.48397,0.906792,0,4.99222,100,0.631213,0.0694444,0.124843,0.527046
235,0.458808,3.48398,0.794931,0,4.99222,100,0.631213,0.0694444,0.124843,0.527046
235,0.458808,3.48398,0.794931,0,4.99222,100,0.631213,0.0694444,0.124843,0.527046
1093,0.4984,3.4842,0.662699,0,4.99222,100,0.631213,0.0694444,0.124843,0.527046
1093,0.4984,3.4842,0.662699,0,4.99222,100,0.631213,0.0694444,0.124843,0.527046
60,0.517224,3.48488,0.520033,0,4.99222,100,0.631213,0.0694444,0.124843,0.527046
1045,-0.249032,3.52321,0.670332,1,4.99222,100,0.631213,0.0694444,0.124843,0.527046
59,-0.267473,3.52485,0.527211,1,4.99222,100,0.631213,0.0694444,0.124843,0.527046
187,-0.209215,3.52211,0.802669,1,4.99222,100,0.631213,0.0694444,0.124843,0.527046
1045,-0.249032,3.52321,0.670332,1,4.99222,100,0.631213,0.0694444,0.124843,0.527046
616,-0.146461,3.52132,0.914534,1,4.99222,100,0.631213,0.0694444,0.124843,0.527046
187,-0.209215,3.52211,0.802669,1,4.99222,100,0.631213,0.0694444,0.124843,0.527046
16,-0.0675488,3.52131,1.00324,1,4.99222,100,0.631213,0.0694444,0.124843,0.527046
616,-0.146461,3.52132,0.914534,1,4.99222,100,0.631213,0.0694444,0.124843,0.527046
16,-0.0675488,3.52131,1.00324,1,4.99222,100,0.631213,0.0694444,0.124843,0.527046
615,0.026032,3.52131,1.05422,1,4.99222,100,0.631213,0.0694444,0.124843,0.527046
615,0.026032,3.52131,1.05422,1,4.99222,100,0.631213,0.0694444,0.124843,0.527046
186,0.125017,3.52142,1.07064,1,4.99222,100,0.631213,0.0694444,0.124843,0.527046
186,0.125017,3.52142,1.07064,1,4.99222,100,0.631213,0.0694444,0.124843,0.527046
1044,0.224024,3.52133,1.05427,1,4.99222,100,0.631213,0.0694444,0.124843,0.527046
1044,0.224024,3.52133,1.05427,1,4.99222,100,0.631213,0.0694444,0.124843,0.527046
38,0.317564,3.52131,1.00334,1,4.99222,100,0.631213,0.0694444,0.124843,0.527046
38,0.317564,3.52131,1.00334,1,4.99222,100,0.631213,0.0694444,0.124843,0.527046
664,0.396547,3.52146,0.914654,1,4.99222,100,0.631213,0.0694444,0.124843,0.527046
664,0.396547,3.52146,0.914654,1,4.99222,100,0.631213,0.0694444,0.124843,0.527046
235,0.459315,3.52223,0.802736,1,4.99222,100,0.631213,0.0694444,0.124843,0.527046
235,0.459315,3.52223,0.802736,1,4.99222,100,0.631213,0.0694444,0.124843,0.527046
1093,0.499082,3.52311,0.670371,1,4.99222,100,0.631213,0.0694444,0.124843,0.527046
1093,0.499082,3.52311,0.670371,1,4.99222,100,0.631213,0.0694444,0.124843,0.527046
60,0.5175,3.52436,0.527364,1,4.99222,100,0.631213,0.0694444,0.124843,0.527046
1045,-0.24986,3.52624,0.671169,0,5.49222,100,0.64047,0.0694444,0.124843,0.536303
59,-0.269368,3.5273,0.52747,0,5.49222,100,0.64047,0.0694444,0.124843,0.536303
187,-0.209928,3.52551,0.803882,0,5.49222,100,0.64047,0.0694444,0.124843,0.536303
1045,-0.24986,3.52624,0.671169,0,5.49222,100,0.64047,0.0694444,0.124843,0.536303
616,-0.1468,3.52485,0.915986,0,5.49222,100,0.64047,0.0694444,0.124843,0.536303
187,-0.209928,3.52551,0.803882,0,5.49222,100,0.64047,0.0694444,0.124843,0.536303
16,-0.0675845,3.52446,1.00471,0,5.49222,100,0.64047,0.0694444,0.124843,0.536303
616,-0.1468,3.52485,0.915986,0,5.49222,100,0.64047,0.0694444,0.124843,0.536303
16,-0.0675845,3.52446,1.00471,0,5.49222,100,0.64047,0.0694444,0.124843,0.536303
615,0.0259787,3.52436,1.05561,0,5.49222,100,0.64047,0.0694444,0.124843,0.536303
615,0.0259787,3.52436,1.05561,0,5.49222,100,0.64047,0.0694444,0.124843,0.536303
186,0.124988,3.52447,1.07227,0,5.49222,100,0.64047,0.0694444,0.124843,0.536303
186,0.124988,3.52447,1.07227,0,5.49222,100,0.64047,0.0694444,0.124843,0.536303
1044,0.224045,3.52433,1.05557,0,5.49222,100,0.64047,0.0694444,0.124843,0.536303
1044,0.224045,3.52433,1.05557,0,5.49222,100,0.64047,0.0694444,0.124843,0.536303
38,0.317633,3.52444,1.00472,0,5.49222,100,0.64047,0.0694444,0.124843,0.536303
38,0.317633,3.52444,1.00472,0,5.49222,100,0.64047,0.0694444,0.124843,0.536303
664,0.396792,3.52481,0.916023,0,5.49222,100,0.64047,0.0694444,0.124843,0.536303
664,0.396792,3.52481,0.916023,0,5.49222,100,0.64047,0.0694444,0.124843,0.536303
235,0.459882,3.52554,0.803885,0,5.49222,100,0.64047,0.0694444,0.124843,0.536303
235,0.459882,3.52554,0.803885,0,5.49222,100,0.64047,0.0694444,0.124843,0.536303
1093,0.499876,3.52633,0.67117,0,5.49222,100,0.64047,0.0694444,0.124843,0.536303
1093,0.499876,3.52633,0.67117,0,5.49222,100,0.64047,0.0694444,0.124843,0.536303
60,0.519297,3.52732,0.527496,0,5.49222,100,0.64047,0.0694444,0.124843,0.536303
1045,-0.251023,3.55651,0.679108,1,5.49222,100,0.64047,0.0694444,0.124843,0.536303
59,-0.270283,3.55787,0.53488,1,5.49222,100,0.64047,0.0694444,0.124843,0.536303
187,-0.210273,3.55526,0.811601,1,5.49222,100,0.64047,0.0694444,0.124843,0.536303
1045,-0.251023,3.55651,0.679108,1,5.49222,100,0.64047,0.0694444,0.124843,0.536303
616,-0.146939,3.55444,0.923383,1,5.49222,100,0.64047,0.0694444,0.124843,0.536303
187,-0.210273,3.55526,0.811601,1,5.49222,100,0.64047,0.0694444,0.124843,0.536303
16,-0.0678101,3.5541,1.01191,1,5.49222,100,0.64047,0.0694444,0.124843,0.536303
616,-0.146939,3.55444,0.923383,1,5.49222,100,0.64047,0.0694444,0.124843,0.536303
16,-0.0678101,3.5541,1.01191,1,5.49222,100,0.64047,0.0694444,0.124843,0.536303
615,0.0259818,3.55426,1.06285,1,5.49222,100,0.64047,0.0694444,0.124843,0.536303
615,0.0259818,3.55426,1.06285,1,5.49222,100,0.64047,0.0694444,0.124843,0.536303
186,0.12502,3.55453,1.07944,1,5.49222,100,0.64047,0.0694444,0.124843,0.536303
186,0.12502,3.55453,1.07944,1,5.49222,100,0.64047,0.0694444,0.124843,0.536303
1044,0.224048,3.55429,1.0629,1,5.49222,100,0.64047,0.0694444,0.124843,0.536303
1044,0.224048,3.55429,1.0629,1,5.49222,100,0.64047,0.0694444,0.124843,0.536303
38,0.317787,3.5542,1.01201,1,5.49222,100,0.64047,0.0694444,0.124843,0.536303
38,0.317787,3.5542,1.01201,1,5.49222,100,0.64047,0.0694444,0.124843,0.536303
664,0.397055,3.55449,0.923531,1,5.49222,100,0.64047,0.0694444,0.124843,0.536303
664,0.397055,3.55449,0.923531,1,5.49222,100,0.64047,0.0694444,0.124843,0.536303
235,0.460473,3.55525,0.811738,1,5.49222,100,0.64047,0.0694444,0.124843,0.536303
235,0.460473,3.55525,0.811738,1,5.49222,100,0.64047,0.0694444,0.124843,0.536303
1093,0.501207,3.5564,0.679239,1,5.49222,100,0.64047,0.0694444,0.124843,0.536303
1093,0.501207,3.5564,0.679239,1,5.49222,100,0.64047,0.0694444,0.124843,0.536303
60,0.52046,3.55772,0.535035,1,5.49222,100,0.64047,0.0694444,0.124843,0.536303
1045,-0.251439,3.56132,0.681536,0,5.99222,100,0.652573,0.0694444,0.124841,0.548406
59,-0.271023,3.5623,0.536575,0,5.99222,100,0.652573,0.0694444,0.124841,0.548406
187,-0.211201,3.5601,0.814764,0,5.99222,100,0.652573,0.0694444,0.124841,0.548406
1045,-0.251439,3.56132,0.681536,0,5.99222,100,0.652573,0.0694444,0.124841,0.548406
616,-0.147728,3.55924,0.927269,0,5.99222,100,0.652573,0.0694444,0.124841,0.548406
187,-0.211201,3.5601,0.814764,0,5.99222,100,0.652573,0.0694444,0.124841,0.548406
16,-0.0679525,3.55879,1.01595,0,5.99222,100,0.652573,0.0694444,0.124841,0.548406
616,-0.147728,3.55924,0.927269,0,5.99222,100,0.652573,0.0694444,0.124841,0.548406
16,-0.0679525,3.55879,1.01595,0,5.99222,100,0.652573,0.0694444,0.124841,0.548406
615,0.0260045,3.55874,1.06691,0,5.99222,100,0.652573,0.0694444,0.124841,0.548406
615,0.0260045,3.55874,1.06691,0,5.99222,100,0.652573,0.0694444,0.124841,0.548406
186,0.125067,3.55892,1.0835,0,5.99222,100,0.652573,0.0694444,0.124841,0.548406
186,0.125067,3.55892,1.0835,0,5.99222,100,0.652573,0.0694444,0.124841,0.548406
1044,0.224106,3.55876,1.06689,0,5.99222,100,0.652573,0.0694444,0.124841,0.548406
1044,0.224106,3.55876,1.06689,0,5.99222,100,0.652573,0.0694444,0.124841,0.548406
38,0.318026,3.55875,1.01594,0,5.99222,100,0.652573,0.0694444,0.124841,0.548406
38,0.318026,3.55875,1.01594,0,5.99222,100,0.652573,0.0694444,0.124841,0.548406
664,0.397774,3.55925,0.927251,0,5.99222,100,0.652573,0.0694444,0.124841,0.548406
664,0.397774,3.55925,0.927251,0,5.99222,100,0.652573,0.0694444,0.124841,0.548406
235,0.46121,3.56015,0.814745,0,5.99222,100,0.652573,0.0694444,0.124841,0.548406
235,0.46121,3.56015,0.814745,0,5.99222,100,0.652573,0.0694444,0.124841,0.548406
1093,0.501473,3.56123,0.681575,0,5.99222,100,0.652573,0.0694444,0.124841,0.548406
1093,0.501473,3.56123,0.681575,0,5.99222,100,0.652573,0.0694444,0.124841,0.548406
60,0.521026,3.56223,0.536572,0,5.99222,100,0.652573,0.0694444,0.124841,0.548406
1045,-0.252571,3.59066,0.686604,1,5.99222,100,0.652573,0.0694444,0.124841,0.548406
59,-0.272914,3.59189,0.541372,1,5.99222,100,0.652573,0.0694444,0.124841,0.548406
187,-0.211253,3.58951,0.819264,1,5.99222,100,0.652573,0.0694444,0.124841,0.548406
1045,-0.252571,3.59066,0.686604,1,5.99222,100,0.652573,0.0694444,0.124841,0.548406
616,-0.147455,3.58875,0.931176,1,5.99222,100,0.652573,0.0694444,0.124841,0.548406
187,-0.211253,3.58951,0.819264,1,5.99222,100,0.652573,0.0694444,0.124841,0.548406
16,-0.0678562,3.58834,1.01964,1,5.99222,100,0.652573,0.0694444,0.124841,0.548406
616,-0.147455,3.58875,0.931176,1,5.99222,100,0.652573,0.0694444,0.124841,0.548406
16,-0.0678562,3.58834,1.01964,1,5.99222,100,0.652573,0.0694444,0.124841,0.548406
615,0.0260004,3.58816,1.07058,1,5.99222,100,0.652573,0.0694444,0.124841,0.548406
615,0.0260004,3.58816,1.07058,1,5.99222,100,0.652573,0.0694444,0.124841,0.548406
186,0.125054,3.58814,1.08723,1,5.99222,100,0.652573,0.0694444,0.124841,0.548406
186,0.125054,3.58814,1.08723,1,5.99222,100,0.652573,0.0694444,0.124841,0.548406
1044,0.22403,3.58814,1.07061,1,5.99222,100,0.652573,0.0694444,0.124841,0.548406
1044,0.22403,3.58814,1.07061,1,5.99222,100,0.652573,0.0694444,0.124841,0.548406
38,0.317854,3.58824,1.01968,1,5.99222,100,0.652573,0.0694444,0.124841,0.548406
38,0.317854,3.58824,1.01968,1,5.99222,100,0.652573,0.0694444,0.124841,0.548406
664,0.397522,3.58879,0.931251,1,5.99222,100,0.652573,0.0694444,0.124841,0.548406
664,0.397522,3.58879,0.931251,1,5.99222,100,0.652573,0.0694444,0.124841,0.548406
235,0.461388,3.58949,0.819383,1,5.99222,100,0.652573,0.0694444,0.124841,0.548406
235,0.461388,3.58949,0.819383,1,5.99222,100,0.652573,0.0694444,0.124841,0.548406
1093,0.502753,3.59051,0.686686,1,5.99222,100,0.652573,0.0694444,0.124841,0.548406
1093,0.502753,3.59051,0.686686,1,5.99222,100,0.652573,0.0694444,0.124841,0.548406
60,0.523123,3.59163,0.54163,1,5.99222,100,0.652573,0.0694444,0.124841,0.548406
1045,-0.252433,3.59392,0.68898,0,6.49222,100,0.660955,0.0694444,0.124841,0.556789
59,-0.27287,3.59512,0.542943,0,6.49222,100,0.660955,0.0694444,0.124841,0.556789
187,-0.21205,3.5929,0.822576,0,6.49222,100,0.660955,0.0694444,0.124841,0.556789
1045,-0.252433,3.59392,0.68898,0,6.49222,100,0.660955,0.0694444,0.124841,0.556789
616,-0.148268,3.59211,0.935428,0,6.49222,100,0.660955,0.0694444,0.124841,0.556789
187,-0.21205,3.5929,0.822576,0,6.49222,100,0.660955,0.0694444,0.124841,0.556789
16,-0.068266,3.5916,1.02425,0,6.49222,100,0.660955,0.0694444,0.124841,0.556789
616,-0.148268,3.59211,0.935428,0,6.49222,100,0.660955,0.0694444,0.124841,0.556789
16,-0.068266,3.5916,1.02425,0,6.49222,100,0.660955,0.0694444,0.124841,0.556789
615,0.0259308,3.5915,1.07527,0,6.49222,100,0.660955,0.0694444,0.124841,0.556789
615,0.0259308,3.5915,1.07527,0,6.49222,100,0.660955,0.0694444,0.124841,0.556789
186,0.12498,3.59164,1.09199,0,6.49222,100,0.660955,0.0694444,0.124841,0.556789
186,0.12498,3.59164,1.09199,0,6.49222,100,0.660955,0.0694444,0.124841,0.556789
1044,0.224129,3.59156,1.07529,0,6.49222,100,0.660955,0.0694444,0.124841,0.556789
1044,0.224129,3.59156,1.07529,0,6.49222,100,0.660955,0.0694444,0.124841,0.556789
38,0.318283,3.5917,1.02426,0,6.49222,100,0.660955,0.0694444,0.124841,0.556789
38,0.318283,3.5917,1.02426,0,6.49222,100,0.660955,0.0694444,0.124841,0.556789
664,0.398293,3.59216,0.935432,0,6.49222,100,0.660955,0.0694444,0.124841,0.556789
664,0.398293,3.59216,0.935432,0,6.49222,100,0.660955,0.0694444,0.124841,0.556789
235,0.462005,3.59295,0.822621,0,6.49222,100,0.660955,0.0694444,0.124841,0.556789
235,0.462005,3.59295,0.822621,0,6.49222,100,0.660955,0.0694444,0.124841,0.556789
1093,0.50248,3.59398,0.689017,0,6.49222,100,0.660955,0.0694444,0.124841,0.556789
1093,0.50248,3.59398,0.689017,0,6.49222,100,0.660955,0.0694444,0.124841,0.556789
60,0.522905,3.59512,0.542991,0,6.49222,100,0.660955,0.0694444,0.124841,0.556789
1045,-0.254404,3.61964,0.694531,1,6.49222,100,0.660955,0.0694444,0.124841,0.556789
59,-0.275465,3.62092,0.548175,1,6.49222,100,0.660955,0.0694444,0.124841,0.556789
187,-0.212482,3.61856,0.827578,1,6.49222,100,0.660955,0.0694444,0.124841,0.556789
1045,-0.254404,3.61964,0.694531,1,6.49222,100,0.660955,0.0694444,0.124841,0.556789
616,-0.148075,3.61785,0.939632,1,6.49222,100,0.660955,0.0694444,0.124841,0.556789
187,-0.212482,3.61856,0.827578,1,6.49222,100,0.660955,0.0694444,0.124841,0.556789
16,-0.0679455,3.61739,1.028,1,6.49222,100,0.660955,0.0694444,0.124841,0.556789
616,-0.148075,3.61785,0.939632,1,6.49222,100,0.660955,0.0694444,0.124841,0.556789
16,-0.0679455,3.61739,1.028,1,6.49222,100,0.660955,0.0694444,0.124841,0.556789
615,0.0260744,3.61729,1.07872,1,6.49222,100,0.660955,0.0694444,0.124841,0.556789
615,0.0260744,3.61729,1.07872,1,6.49222,100,0.660955,0.0694444,0.124841,0.556789
186,0.125047,3.61731,1.09546,1,6.49222,100,0.660955,0.0694444,0.124841,0.556789
186,0.125047,3.61731,1.09546,1,6.49222,100,0.660955,0.0694444,0.124841,0.556789
1044,0.223991,3.61732,1.07876,1,6.49222,100,0.660955,0.0694444,0.124841,0.556789
1044,0.223991,3.61732,1.07876,1,6.49222,100,0.660955,0.0694444,0.124841,0.556789
38,0.318047,3.61743,1.02805,1,6.49222,100,0.660955,0.0694444,0.124841,0.556789
38,0.318047,3.61743,1.02805,1,6.49222,100,0.660955,0.0694444,0.124841,0.556789
664,0.398185,3.61797,0.939736,1,6.49222,100,0.660955,0.0694444,0.124841,0.556789
664,0.398185,3.61797,0.939736,1,6.49222,100,0.660955,0.0694444,0.124841,0.556789
235,0.462582,3.61868,0.827665,1,6.49222,100,0.660955,0.0694444,0.124841,0.556789
235,0.462582,3.61868,0.827665,1,6.49222,100,0.660955,0.0694444,0.124841,0.556789
1093,0.504466,3.61967,0.694536,1,6.49222,100,0.660955,0.0694444,0.124841,0.556789
1093,0.504466,3.61967,0.694536,1,6.49222,100,0.660955,0.0694444,0.124841,0.556789
60,0.525591,3.62068,0.548312,1,6.49222,100,0.660955,0.0694444,0.124841,0.556789
1045,-0.253713,3.62394,0.696714,0,6.99222,100,0.669807,0.0694444,0.124839,0.56564
59,-0.274897,3.62506,0.549598,0,6.99222,100,0.669807,0.0694444,0.124839,0.56564
187,-0.212943,3.62303,0.83075,0,6.99222,100,0.669807,0.0694444,0.124839,0.56564
1045,-0.253713,3.62394,0.696714,0,6.99222,100,0.669807,0.0694444,0.124839,0.56564
616,-0.148922,3.62223,0.94389,0,6.99222,100,0.669807,0.0694444,0.124839,0.56564
187,-0.212943,3.62303,0.83075,0,6.99222,100,0.669807,0.0694444,0.124839,0.56564
16,-0.0685107,3.62157,1.0329,0,6.99222,100,0.669807,0.0694444,0.124839,0.56564
616,-0.148922,3.62223,0.94389,0,6.99222,100,0.669807,0.0694444,0.124839,0.56564
16,-0.0685107,3.62157,1.0329,0,6.99222,100,0.669807,0.0694444,0.124839,0.56564
615,0.0257906,3.62166,1.08394,0,6.99222,100,0.669807,0.0694444,0.124839,0.56564
615,0.0257906,3.62166,1.08394,0,6.99222,100,0.669807,0.0694444,0.124839,0.56564
186,0.125022,3.62163,1.10085,0,6.99222,100,0.669807,0.0694444,0.124839,0.56564
186,0.125022,3.62163,1.10085,0,6.99222,100,0.669807,0.0694444,0.124839,0.56564
1044,0.224193,3.6216,1.08397,0,6.99222,100,0.669807,0.0694444,0.124839,0.56564
1044,0.224193,3.6216,1.08397,0,6.99222,100,0.669807,0.0694444,0.124839,0.56564
38,0.318506,3.62159,1.03289,0,6.99222,100,0.669807,0.0694444,0.124839,0.56564
38,0.318506,3.62159,1.03289,0,6.99222,100,0.669807,0.0694444,0.124839,0.56564
664,0.398951,3.6222,0.943874,0,6.99222,100,0.669807,0.0694444,0.124839,0.56564
664,0.398951,3.6222,0.943874,0,6.99222,100,0.669807,0.0694444,0.124839,0.56564
235,0.462993,3.62296,0.830732,0,6.99222,100,0.669807,0.0694444,0.124839,0.56564
235,0.462993,3.62296,0.830732,0,6.99222,100,0.669807,0.0694444,0.124839,0.56564
1093,0.503706,3.62402,0.696698,0,6.99222,100,0.669807,0.0694444,0.124839,0.56564
1093,0.503706,3.62402,0.696698,0,6.99222,100,0.669807,0.0694444,0.124839,0.56564
60,0.524882,3.62532,0.549625,0,6.99222,100,0.669807,0.0694444,0.124839,0.56564
1045,-0.255848,3.6501,0.701239,1,6.99222,100,0.669807,0.0694444,0.124839,0.56564
59,-0.277943,3.6514,0.553929,1,6.99222,100,0.669807,0.0694444,0.124839,0.56564
187,-0.213509,3.64896,0.834566,1,6.99222,100,0.669807,0.0694444,0.124839,0.56564
1045,-0.255848,3.6501,0.701239,1,6.99222,100,0.669807,0.0694444,0.124839,0.56564
616,-0.148759,3.64814,0.94686,1,6.99222,100,0.669807,0.0694444,0.124839,0.56564
187,-0.213509,3.64896,0.834566,1,6.99222,100,0.669807,0.0694444,0.124839,0.56564
16,-0.0682251,3.64768,1.03525,1,6.99222,100,0.669807,0.0694444,0.124839,0.56564
616,-0.148759,3.64814,0.94686,1,6.99222,100,0.669807,0.0694444,0.124839,0.56564
16,-0.0682251,3.64768,1.03525,1,6.99222,100,0.669807,0.0694444,0.124839,0.56564
615,0.0260672,3.64745,1.08593,1,6.99222,100,0.669807,0.0694444,0.124839,0.56564
615,0.0260672,3.64745,1.08593,1,6.99222,100,0.669807,0.0694444,0.124839,0.56564
186,0.125037,3.64744,1.10263,1,6.99222,100,0.669807,0.0694444,0.124839,0.56564
186,0.125037,3.64744,1.10263,1,6.99222,100,0.669807,0.0694444,0.124839,0.56564
1044,0.223914,3.64749,1.08589,1,6.99222,100,0.669807,0.0694444,0.124839,0.56564
1044,0.223914,3.64749,1.08589,1,6.99222,100,0.669807,0.0694444,0.124839,0.56564
38,0.318219,3.64772,1.03528,1,6.99222,100,0.669807,0.0694444,0.124839,0.56564
38,0.318219,3.64772,1.03528,1,6.99222,100,0.669807,0.0694444,0.124839,0.56564
664,0.398808,3.64816,0.946964,1,6.99222,100,0.669807,0.0694444,0.124839,0.56564
664,0.398808,3.64816,0.946964,1,6.99222,100,0.669807,0.0694444,0.124839,0.56564
235,0.463591,3.64892,0.834696,1,6.99222,100,0.669807,0.0694444,0.124839,0.56564
235,0.463591,3.64892,0.834696,1,6.99222,100,0.669807,0.0694444,0.124839,0.56564
1093,0.505959,3.65,0.701283,1,6.99222,100,0.669807,0.0694444,0.124839,0.56564
1093,0.505959,3.65,0.701283,1,6.99222,100,0.669807,0.0694444,0.124839,0.56564
60,0.528046,3.65078,0.55411,1,6.99222,100,0.669807,0.0694444,0.124839,0.56564
1045,-0.254866,3.6545,0.70351,0,7.49222,100,0.678379,0.0694444,0.124843,0.574213
59,-0.276706,3.65564,0.555408,0,7.49222,100,0.678379,0.0694444,0.124843,0.574213
187,-0.213983,3.65361,0.838061,0,7.49222,100,0.678379,0.0694444,0.124843,0.574213
1045,-0.254866,3.6545,0.70351,0,7.49222,100,0.678379,0.0694444,0.124843,0.574213
616,-0.149599,3.65285,0.951631,0,7.49222,100,0.678379,0.0694444,0.124843,0.574213
187,-0.213983,3.65361,0.838061,0,7.49222,100,0.678379,0.0694444,0.124843,0.574213
16,-0.0688277,3.65223,1.04082,0,7.49222,100,0.678379,0.0694444,0.124843,0.574213
616,-0.149599,3.65285,0.951631,0,7.49222,100,0.678379,0.0694444,0.124843,0.574213
16,-0.0688277,3.65223,1.04082,0,7.49222,100,0.678379,0.0694444,0.124843,0.574213
615,0.0257375,3.65198,1.09195,0,7.49222,100,0.678379,0.0694444,0.124843,0.574213
615,0.0257375,3.65198,1.09195,0,7.49222,100,0.678379,0.0694444,0.124843,0.574213
186,0.125028,3.65206,1.10892,0,7.49222,100,0.678379,0.0694444,0.124843,0.574213
186,0.125028,3.65206,1.10892,0,7.49222,100,0.678379,0.0694444,0.124843,0.574213
1044,0.22426,3.65208,1.09194,0,7.49222,100,0.678379,0.0694444,0.124843,0.574213
1044,0.22426,3.65208,1.09194,0,7.49222,100,0.678379,0.0694444,0.124843,0.574213
38,0.318849,3.6523,1.04082,0,7.49222,100,0.678379,0.0694444,0.124843,0.574213
38,0.318849,3.6523,1.04082,0,7.49222,100,0.678379,0.0694444,0.124843,0.574213
664,0.399632,3.65291,0.951585,0,7.49222,100,0.678379,0.0694444,0.124843,0.574213
664,0.399632,3.65291,0.951585,0,7.49222,100,0.678379,0.0694444,0.124843,0.574213
235,0.463972,3.65368,0.838097,0,7.49222,100,0.678379,0.0694444,0.124843,0.574213
235,0.463972,3.65368,0.838097,0,7.49222,100,0.678379,0.0694444,0.124843,0.574213
1093,0.50487,3.65452,0.703533,0,7.49222,100,0.678379,0.0694444,0.124843,0.574213
1093,0.50487,3.65452,0.703533,0,7.49222,100,0.678379,0.0694444,0.124843,0.574213
60,0.526789,3.65549,0.555468,0,7.49222,100,0.678379,0.0694444,0.124843,0.574213
1045,-0.257339,3.67714,0.707829,1,7.49222,100,0.678379,0.0694444,0.124843,0.574213
59,-0.280287,3.67817,0.559542,1,7.49222,100,0.678379,0.0694444,0.124843,0.574213
187,-0.214468,3.67615,0.841497,1,7.49222,100,0.678379,0.0694444,0.124843,0.574213
1045,-0.257339,3.67714,0.707829,1,7.49222,100,0.678379,0.0694444,0.124843,0.574213
616,-0.149348,3.67536,0.953944,1,7.49222,100,0.678379,0.0694444,0.124843,0.574213
187,-0.214468,3.67615,0.841497,1,7.49222,100,0.678379,0.0694444,0.124843,0.574213
16,-0.0684714,3.67475,1.04238,1,7.49222,100,0.678379,0.0694444,0.124843,0.574213
616,-0.149348,3.67536,0.953944,1,7.49222,100,0.678379,0.0694444,0.124843,0.574213
16,-0.0684714,3.67475,1.04238,1,7.49222,100,0.678379,0.0694444,0.124843,0.574213
615,0.0260521,3.67457,1.09309,1,7.49222,100,0.678379,0.0694444,0.124843,0.574213
615,0.0260521,3.67457,1.09309,1,7.49222,100,0.678379,0.0694444,0.124843,0.574213
186,0.125013,3.67454,1.10986,1,7.49222,100,0.678379,0.0694444,0.124843,0.574213
186,0.125013,3.67454,1.10986,1,7.49222,100,0.678379,0.0694444,0.124843,0.574213
1044,0.223923,3.6745,1.09309,1,7.49222,100,0.678379,0.0694444,0.124843,0.574213
1044,0.223923,3.6745,1.09309,1,7.49222,100,0.678379,0.0694444,0.124843,0.574213
38,0.318435,3.67481,1.04245,1,7.49222,100,0.678379,0.0694444,0.124843,0.574213
38,0.318435,3.67481,1.04245,1,7.49222,100,0.678379,0.0694444,0.124843,0.574213
664,0.399431,3.67531,0.954064,1,7.49222,100,0.678379,0.0694444,0.124843,0.574213
664,0.399431,3.67531,0.954064,1,7.49222,100,0.678379,0.0694444,0.124843,0.574213
235,0.464611,3.67607,0.841554,1,7.49222,100,0.678379,0.0694444,0.124843,0.574213
235,0.464611,3.67607,0.841554,1,7.49222,100,0.678379,0.0694444,0.124843,0.574213
1093,0.507438,3.67703,0.707807,1,7.49222,100,0.678379,0.0694444,0.124843,0.574213
1093,0.507438,3.67703,0.707807,1,7.49222,100,0.678379,0.0694444,0.124843,0.574213
60,0.530376,3.67803,0.55964,1,7.49222,100,0.678379,0.0694444,0.124843,0.574213
